0 0.511645 0.361572 0.262699 0.393881
0 0.512707 0.361781 0.264273 0.397591
0 0.514547 0.362935 0.264287 0.394179
0 0.512867 0.364215 0.263907 0.388096
0 0.512628 0.362038 0.264499 0.388511
0 0.514492 0.361960 0.266207 0.383820
0 0.513988 0.361385 0.263984 0.388471
0 0.513495 0.359427 0.268399 0.395483
0 0.513613 0.360767 0.268373 0.392020
0 0.514387 0.361776 0.264661 0.393048
0 0.516368 0.357592 0.265364 0.398298
0 0.513430 0.358268 0.268634 0.398433
0 0.514207 0.361536 0.263080 0.393171
0 0.516223 0.359082 0.262445 0.396119
0 0.515161 0.360257 0.267941 0.400151
0 0.515463 0.359647 0.262904 0.387114
0 0.513994 0.358447 0.266015 0.391564
0 0.514643 0.359730 0.266944 0.390560
0 0.514102 0.362203 0.260159 0.390774
0 0.514671 0.358820 0.266243 0.393078
0 0.514753 0.359010 0.264271 0.390547
0 0.521937 0.364008 0.280221 0.419566
0 0.521694 0.367400 0.279052 0.414740
0 0.524601 0.365572 0.279390 0.418816
0 0.514740 0.358410 0.271798 0.403005
0 0.519388 0.363935 0.274347 0.399306
0 0.519893 0.364939 0.271933 0.403830
0 0.516694 0.361142 0.270925 0.401257
0 0.520234 0.355404 0.275036 0.413628
0 0.518191 0.363910 0.271276 0.402226
0 0.520548 0.364419 0.264874 0.398904
0 0.517833 0.363398 0.265377 0.402721
0 0.516202 0.361523 0.267229 0.397865
0 0.517953 0.364680 0.270946 0.395647
0 0.517124 0.365056 0.274889 0.400370
0 0.513872 0.358589 0.273733 0.403440
0 0.515411 0.361210 0.263797 0.402122
0 0.515596 0.360286 0.265029 0.407945
0 0.517571 0.361323 0.271682 0.404408
0 0.519111 0.358379 0.270419 0.405151
0 0.512509 0.361810 0.265622 0.399070
0 0.512558 0.362545 0.269878 0.402409
0 0.512681 0.363450 0.272788 0.404309
0 0.519514 0.360837 0.269288 0.391047
0 0.520975 0.358078 0.271609 0.409092
0 0.517067 0.360095 0.267051 0.399176
0 0.516939 0.361978 0.267505 0.406512
0 0.514915 0.360337 0.267817 0.395895