0 0.441557 0.364578 0.304944 0.342711
0 0.442337 0.365927 0.305215 0.347818
0 0.440556 0.366742 0.302821 0.344647
0 0.440472 0.357587 0.299770 0.352239
0 0.438714 0.361362 0.293926 0.352208
0 0.438888 0.362530 0.300362 0.349279
0 0.441598 0.365901 0.299422 0.340937
0 0.441613 0.357184 0.299699 0.354180
0 0.439203 0.360819 0.294927 0.353063
0 0.439580 0.362955 0.301608 0.346784
0 0.442337 0.366189 0.299933 0.339449
0 0.441912 0.360278 0.295111 0.350185
0 0.441615 0.362842 0.292256 0.344876
0 0.442758 0.366662 0.298834 0.339556
0 0.445556 0.369456 0.299480 0.336473
0 0.444495 0.342515 0.319721 0.412478
0 0.439525 0.346906 0.313444 0.392861
0 0.438522 0.350369 0.316893 0.394372
0 0.444649 0.340532 0.332235 0.414539
0 0.445241 0.349734 0.329564 0.393259
0 0.443536 0.354318 0.315989 0.386945
0 0.439227 0.356397 0.316790 0.369124
0 0.440688 0.359374 0.318428 0.375451
0 0.446470 0.345135 0.328522 0.395090
0 0.443700 0.355730 0.327532 0.387376
0 0.440331 0.357222 0.319938 0.378873
0 0.439090 0.357193 0.310367 0.369761
0 0.442420 0.359166 0.315516 0.367801
0 0.439471 0.360382 0.316034 0.374938
0 0.445459 0.344768 0.329049 0.391057
0 0.443228 0.349967 0.328434 0.383896
0 0.442039 0.357542 0.313841 0.375424
0 0.440805 0.359534 0.316450 0.370534
0 0.444800 0.362832 0.314234 0.365100
0 0.444376 0.366292 0.312228 0.358246
0 0.444165 0.350066 0.320812 0.384450
0 0.441672 0.353715 0.319779 0.373021
0 0.442147 0.356805 0.307853 0.367542
0 0.440882 0.364429 0.309141 0.365399
0 0.441217 0.365978 0.309674 0.367753
0 0.447046 0.372257 0.305947 0.356861
0 0.444264 0.355469 0.311766 0.371788
0 0.445761 0.360161 0.302789 0.361716
0 0.444441 0.364098 0.303319 0.358664
0 0.446898 0.366964 0.314870 0.362993