0 0.443007 0.621442 0.438037 0.585229
0 0.446854 0.619335 0.437431 0.589386
0 0.448707 0.619403 0.450018 0.587559
0 0.450128 0.615989 0.448914 0.580556
0 0.445938 0.621482 0.449112 0.583759
0 0.441862 0.619034 0.446567 0.588435
0 0.446012 0.620838 0.448781 0.584118
0 0.447150 0.618542 0.454264 0.594634
0 0.453764 0.625812 0.448678 0.595589
0 0.449800 0.629087 0.457913 0.605623
0 0.454821 0.629083 0.439292 0.608315
0 0.457443 0.624141 0.461572 0.621982
0 0.438373 0.623697 0.437331 0.568305
0 0.447226 0.621333 0.457896 0.579669
0 0.453509 0.627086 0.454924 0.581519
0 0.452575 0.627766 0.462788 0.585537
0 0.453265 0.628066 0.458012 0.582085
0 0.447683 0.630677 0.459082 0.591741
0 0.444349 0.630766 0.452258 0.593391
0 0.448168 0.626058 0.455711 0.592657
0 0.450440 0.628698 0.450815 0.592453
0 0.452706 0.629543 0.452813 0.598432
0 0.454122 0.627420 0.450975 0.604613
0 0.460108 0.625221 0.455545 0.605516
0 0.456807 0.630976 0.442758 0.607719
0 0.453995 0.634091 0.453778 0.634923
0 0.441005 0.630369 0.440767 0.583968
0 0.451952 0.627254 0.463119 0.587296
0 0.459475 0.630708 0.450784 0.584520
0 0.453786 0.624645 0.463410 0.596935
0 0.452649 0.630170 0.449422 0.590995
0 0.451783 0.625999 0.457129 0.598398
0 0.450991 0.630143 0.451341 0.606909
0 0.451214 0.625038 0.458824 0.599628
0 0.452453 0.631654 0.455057 0.600596
0 0.454107 0.624039 0.451181 0.606362
0 0.454407 0.627907 0.444246 0.604033
0 0.454942 0.624366 0.446770 0.598481
0 0.456204 0.627471 0.439939 0.600822
0 0.450447 0.626013 0.449410 0.610097
0 0.453409 0.631270 0.456288 0.624695
0 0.447033 0.620764 0.467005 0.600609
0 0.441813 0.629988 0.447100 0.596990
0 0.453635 0.629038 0.473572 0.588003
0 0.463700 0.632819 0.467781 0.594895
0 0.455681 0.627666 0.461715 0.594398
0 0.459686 0.629930 0.449143 0.590153
0 0.452375 0.625001 0.454660 0.586198
0 0.452276 0.629480 0.453394 0.593811
0 0.454178 0.626900 0.453640 0.602370
0 0.453363 0.632436 0.440638 0.593501
0 0.452548 0.621991 0.451148 0.608417
0 0.449912 0.626654 0.437133 0.602422
0 0.454183 0.622991 0.447253 0.601029
0 0.454733 0.626307 0.440007 0.606840
0 0.447003 0.626851 0.458422 0.611026
0 0.452294 0.629956 0.467359 0.631031
0 0.446870 0.625183 0.448947 0.593666
0 0.452406 0.626537 0.467883 0.571365
0 0.464470 0.629554 0.475410 0.587304
0 0.456774 0.622488 0.462911 0.589022
0 0.464384 0.625469 0.458204 0.588183
0 0.455694 0.623645 0.453458 0.598588
0 0.456752 0.628420 0.453464 0.598563
0 0.453413 0.624730 0.451532 0.598934
0 0.452255 0.628423 0.446497 0.597163
0 0.451945 0.622682 0.457468 0.608906
0 0.448730 0.625621 0.444360 0.604857
0 0.455760 0.620780 0.446072 0.611341
0 0.455685 0.622136 0.436513 0.614873
0 0.447433 0.621940 0.456782 0.615137
0 0.452003 0.625298 0.470731 0.629168
0 0.454160 0.621045 0.445782 0.589681
0 0.452551 0.624714 0.458469 0.565486
0 0.464997 0.622548 0.477645 0.594785
0 0.459570 0.620600 0.464496 0.598785
0 0.465687 0.625113 0.468024 0.604179
0 0.457959 0.617001 0.467697 0.616055
0 0.458059 0.619513 0.459892 0.605978
0 0.457116 0.618323 0.461888 0.617369
0 0.454256 0.616831 0.445888 0.605153
0 0.453829 0.614540 0.460462 0.623817
0 0.451603 0.617225 0.446503 0.614427
0 0.458717 0.615204 0.466027 0.618161
0 0.457063 0.616183 0.444530 0.610622
0 0.445100 0.615963 0.471225 0.609544
0 0.455822 0.625760 0.477168 0.633035
0 0.467039 0.623434 0.471032 0.586938
0 0.462260 0.620005 0.466326 0.594128
0 0.464797 0.623310 0.479375 0.603992
0 0.462354 0.617292 0.477566 0.602840
0 0.459251 0.618287 0.474847 0.585080
0 0.462996 0.617953 0.475589 0.595467
0 0.462527 0.615678 0.469249 0.573613
0 0.457427 0.620254 0.471021 0.585162
0 0.458110 0.618693 0.465422 0.577058
0 0.455942 0.621757 0.460227 0.582663
0 0.452091 0.626082 0.483933 0.607010
0 0.463456 0.633163 0.481427 0.531234
0 0.457934 0.634486 0.481144 0.522648
0 0.461958 0.643162 0.515227 0.572264