0 0.521678 0.229222 0.125556 0.185932
0 0.520005 0.231686 0.119616 0.183561
0 0.520924 0.229105 0.121808 0.185735
0 0.521349 0.232450 0.121927 0.188110
0 0.519933 0.229365 0.122298 0.183402
0 0.520153 0.230703 0.122830 0.184290
0 0.522099 0.231737 0.125113 0.186404
0 0.520403 0.230438 0.124023 0.182970
0 0.521913 0.231472 0.123650 0.179191
0 0.521181 0.229894 0.123658 0.182771
0 0.522171 0.231503 0.123116 0.180009
0 0.520811 0.229185 0.122428 0.181486
0 0.519532 0.231232 0.122390 0.182926
0 0.523196 0.230036 0.125371 0.190805
0 0.522074 0.231897 0.123988 0.187747
0 0.521980 0.231252 0.125013 0.185133
0 0.521128 0.230818 0.122001 0.182773
0 0.519981 0.230540 0.121178 0.183158
0 0.521271 0.230672 0.123111 0.181556
0 0.520165 0.229919 0.120750 0.181167
0 0.520585 0.230837 0.122075 0.182941
0 0.523054 0.232386 0.124855 0.188203
0 0.519528 0.230530 0.123455 0.190794
0 0.521737 0.229800 0.122876 0.186109
0 0.521561 0.230161 0.123111 0.185967
0 0.521388 0.230487 0.121747 0.183846
0 0.521554 0.232007 0.123069 0.181591
0 0.520129 0.232651 0.121850 0.182244
0 0.521474 0.232635 0.121113 0.182802
0 0.521042 0.231802 0.125432 0.189388
0 0.521417 0.231628 0.124190 0.186455
0 0.522197 0.233609 0.124141 0.182288