0 0.488560 0.550363 0.481414 0.593888
0 0.485879 0.551253 0.471216 0.593286
0 0.491321 0.545730 0.477998 0.585296
0 0.494992 0.578262 0.505659 0.617617
0 0.483350 0.565216 0.498507 0.620765
0 0.496550 0.580205 0.505207 0.627513
0 0.491758 0.572821 0.505647 0.635673
0 0.498026 0.578345 0.497257 0.621424
0 0.482858 0.572344 0.503838 0.632738
0 0.480967 0.575513 0.484776 0.614882
0 0.487230 0.569256 0.508175 0.625263
0 0.488126 0.575039 0.488394 0.603727
0 0.493496 0.566006 0.501738 0.616488
0 0.490263 0.574240 0.488258 0.600537
0 0.492768 0.569465 0.475104 0.606050
0 0.497317 0.566467 0.473378 0.616142
0 0.491539 0.573003 0.494995 0.631940
0 0.496427 0.575806 0.499625 0.614399
0 0.489339 0.568842 0.499237 0.604380
0 0.499773 0.573580 0.497444 0.609521
0 0.491598 0.570240 0.511746 0.618261
0 0.491384 0.570263 0.497686 0.608541
0 0.485350 0.566546 0.507139 0.614511
0 0.485872 0.568691 0.486837 0.608549
0 0.484268 0.557301 0.510877 0.600222
0 0.486422 0.566569 0.487233 0.594774
0 0.491310 0.557930 0.503739 0.596170
0 0.489248 0.565830 0.486154 0.589845
0 0.496337 0.553063 0.485449 0.587114
0 0.488981 0.563708 0.472466 0.585727
0 0.493109 0.558723 0.472134 0.592647
0 0.499959 0.563857 0.515999 0.625635
0 0.498376 0.576430 0.496249 0.623613
0 0.492039 0.572629 0.511248 0.620048
0 0.499278 0.578472 0.499928 0.622141
0 0.488252 0.570293 0.512337 0.630610
0 0.485528 0.575127 0.495888 0.619306
0 0.487678 0.566725 0.505282 0.627146
0 0.487351 0.568018 0.486027 0.618623
0 0.483797 0.563894 0.501045 0.621264
0 0.486999 0.570539 0.477505 0.605943
0 0.494263 0.560543 0.504765 0.614743
0 0.493893 0.567931 0.478118 0.601955
0 0.493579 0.563494 0.485676 0.597793
0 0.488499 0.568826 0.471788 0.601652
0 0.488132 0.566180 0.486856 0.605279
0 0.482840 0.568811 0.489521 0.623540
0 0.505519 0.558839 0.533725 0.631405
0 0.500210 0.578546 0.509162 0.639036
0 0.494148 0.577355 0.518122 0.620369
0 0.503592 0.582803 0.509985 0.622565
0 0.493220 0.568490 0.520178 0.630295
0 0.495799 0.569499 0.511770 0.623327
0 0.490207 0.565059 0.499552 0.622649
0 0.491161 0.563821 0.494484 0.621729
0 0.486142 0.565261 0.484380 0.632353
0 0.487950 0.564347 0.473201 0.617562
0 0.491954 0.556726 0.489757 0.642796
0 0.489024 0.564709 0.469293 0.625180
0 0.496796 0.566051 0.479617 0.615043
0 0.492092 0.566660 0.470634 0.622126
0 0.486776 0.566278 0.486826 0.627205
0 0.480909 0.568927 0.488142 0.635018
0 0.508165 0.554963 0.531593 0.626635
0 0.502151 0.573029 0.505802 0.635345
0 0.495014 0.571053 0.519426 0.613684
0 0.505122 0.574069 0.514580 0.622182
0 0.495675 0.567259 0.508522 0.630144
0 0.501446 0.569073 0.509541 0.633391
0 0.488744 0.560019 0.494683 0.641440
0 0.490980 0.560850 0.490460 0.638847
0 0.486668 0.561185 0.480729 0.652218
0 0.486813 0.555479 0.479944 0.649331
0 0.486765 0.561919 0.481891 0.650491
0 0.483103 0.559681 0.465351 0.639111
0 0.496891 0.570954 0.477905 0.641238
0 0.494027 0.568851 0.471236 0.651913
0 0.484875 0.569778 0.494395 0.650727
0 0.481806 0.566994 0.492308 0.649508
0 0.505114 0.562868 0.515145 0.638582
0 0.498033 0.558566 0.498865 0.642731
0 0.501865 0.562539 0.515419 0.656283
0 0.499070 0.561498 0.504875 0.662672
0 0.504619 0.564907 0.511176 0.675660
0 0.494121 0.563587 0.498988 0.671791
0 0.497042 0.563854 0.496640 0.666005
0 0.490636 0.560754 0.489573 0.684857
0 0.491919 0.554237 0.481330 0.673992
0 0.492167 0.567728 0.491658 0.672606
0 0.490808 0.560551 0.478719 0.667471
0 0.490693 0.570101 0.479398 0.663927
0 0.489263 0.573867 0.504133 0.666349
0 0.492480 0.574857 0.495393 0.670332
0 0.493386 0.569029 0.504789 0.636796
0 0.502859 0.574395 0.512268 0.645056
0 0.502107 0.569910 0.501078 0.641917
0 0.506242 0.575692 0.511387 0.654884
0 0.500322 0.565703 0.509678 0.668744
0 0.502600 0.568707 0.500281 0.651871
0 0.493225 0.565611 0.509898 0.680324
0 0.489301 0.558527 0.501249 0.668593
0 0.502040 0.572710 0.501339 0.660705
0 0.500446 0.561568 0.487694 0.654191
0 0.488560 0.569896 0.493568 0.663275
0 0.485667 0.573699 0.520432 0.669806
0 0.496733 0.589323 0.504926 0.619643
0 0.503676 0.587734 0.505019 0.607991
0 0.504076 0.587434 0.504587 0.628669
0 0.504390 0.583715 0.495451 0.609839
0 0.497064 0.591620 0.508146 0.611418
0 0.495120 0.586862 0.502975 0.604277
0 0.501295 0.606794 0.504452 0.588717
0 0.497694 0.590118 0.504790 0.603133
0 0.491369 0.591466 0.504833 0.623996