0 0.484166 0.349465 0.269002 0.375908
0 0.484837 0.350086 0.269325 0.371808
0 0.483561 0.348465 0.268939 0.366738
0 0.483492 0.352277 0.270809 0.367192
0 0.485409 0.353138 0.272276 0.369417
0 0.484338 0.352202 0.275669 0.372168
0 0.483004 0.353169 0.272714 0.368186
0 0.486069 0.356381 0.276522 0.371110
0 0.485595 0.355601 0.275658 0.381363
0 0.485328 0.356831 0.276808 0.385902
0 0.483861 0.356830 0.275021 0.385571
0 0.486005 0.357816 0.277655 0.387724
0 0.485959 0.358384 0.274632 0.389442
0 0.483578 0.358180 0.275055 0.389268
0 0.485905 0.359358 0.273131 0.380224
0 0.485023 0.359356 0.271074 0.382176
0 0.483296 0.359428 0.270890 0.386345
0 0.484135 0.359230 0.272068 0.377378
0 0.484792 0.359000 0.268855 0.377716
0 0.484849 0.359871 0.271124 0.382618
0 0.485071 0.360880 0.272839 0.378539
0 0.484743 0.360366 0.270607 0.381375
0 0.485319 0.360690 0.270693 0.380036
0 0.486727 0.360975 0.271159 0.382300
0 0.485587 0.362259 0.269273 0.381576
0 0.486580 0.362393 0.270026 0.380184
0 0.487741 0.351615 0.274942 0.387916
0 0.484350 0.352607 0.271629 0.383257
0 0.482423 0.352380 0.274551 0.382453
0 0.489022 0.355450 0.275723 0.392513
0 0.488107 0.360128 0.278139 0.385861
0 0.488066 0.359897 0.275683 0.389942
0 0.487134 0.359017 0.278334 0.392339
0 0.485308 0.361025 0.277256 0.390681
0 0.488462 0.359994 0.277849 0.385309
0 0.485045 0.360856 0.281047 0.389112
0 0.487258 0.363276 0.276309 0.389292
0 0.484763 0.361829 0.276128 0.390722
0 0.488208 0.359249 0.277480 0.382760
0 0.485825 0.361180 0.279232 0.399599
0 0.490315 0.362170 0.275060 0.386077
0 0.487281 0.359455 0.279588 0.394170
0 0.487864 0.359661 0.276489 0.390892
0 0.485337 0.359724 0.278870 0.393389
0 0.483048 0.360898 0.280415 0.389652
0 0.486880 0.363384 0.278062 0.393991
0 0.490071 0.365369 0.271248 0.388998
0 0.486915 0.360764 0.276033 0.393178
0 0.483200 0.360848 0.277875 0.389237
0 0.482975 0.358354 0.278548 0.393887
0 0.484793 0.359036 0.277594 0.393806
0 0.488341 0.365805 0.277270 0.395881
0 0.488887 0.363786 0.279849 0.394759
0 0.486777 0.364068 0.274993 0.391604
0 0.487398 0.364479 0.276976 0.398973