0 0.817128 0.194072 0.031924 0.049702
0 0.816480 0.194199 0.030275 0.048719
0 0.520685 0.271220 0.201510 0.291341
0 0.520879 0.276800 0.199116 0.279513
0 0.523353 0.277750 0.201539 0.279609
0 0.524017 0.274381 0.198550 0.281337
0 0.523261 0.275322 0.197864 0.281476
0 0.523943 0.275308 0.201134 0.280564
0 0.523821 0.275118 0.197374 0.277661
0 0.523368 0.271395 0.201495 0.281877
0 0.525299 0.273499 0.199917 0.282899
0 0.524166 0.275998 0.199737 0.284242
0 0.524879 0.275567 0.202538 0.284035
0 0.524314 0.276268 0.200955 0.280991
0 0.524312 0.276056 0.201742 0.275085
0 0.522892 0.272070 0.201913 0.280267
0 0.523585 0.273457 0.201793 0.285171
0 0.523782 0.275861 0.202015 0.292623
0 0.524581 0.275235 0.202492 0.285111
0 0.523837 0.275782 0.202186 0.280742
0 0.522839 0.275718 0.201825 0.274233
0 0.523907 0.273051 0.200885 0.283468
0 0.523982 0.274176 0.201594 0.282915
0 0.524613 0.276842 0.201894 0.287838
0 0.525005 0.275126 0.204362 0.284985
0 0.524961 0.275988 0.204473 0.280184
0 0.524024 0.276608 0.204914 0.276097
0 0.522766 0.273759 0.202700 0.277811
0 0.523646 0.275337 0.202047 0.280594
0 0.523965 0.275740 0.203567 0.281417
0 0.525016 0.276266 0.204704 0.274747
0 0.523847 0.276107 0.204886 0.279394
0 0.524186 0.277841 0.205551 0.277375
0 0.522919 0.274037 0.199965 0.279511
0 0.523969 0.275843 0.204954 0.280263
0 0.524544 0.274980 0.203445 0.273909
0 0.523737 0.276753 0.205308 0.279227
0 0.522449 0.281231 0.200536 0.271037
0 0.522995 0.277398 0.202525 0.273309
0 0.523480 0.278068 0.200124 0.270093
0 0.528617 0.268690 0.209051 0.292454
0 0.523134 0.269333 0.209824 0.298606
0 0.516229 0.269629 0.204881 0.295325
0 0.524310 0.273860 0.210184 0.288649
0 0.524104 0.276299 0.207079 0.286914
0 0.519634 0.272576 0.209346 0.291243
0 0.524519 0.273817 0.209885 0.290211