0 0.407471 0.381439 0.307458 0.408928
0 0.407664 0.386634 0.318851 0.401254
0 0.404267 0.391874 0.313673 0.396685
0 0.405524 0.393122 0.312963 0.394848
0 0.405699 0.389806 0.310629 0.394235
0 0.404753 0.382741 0.302387 0.393332
0 0.406496 0.386261 0.314920 0.391968
0 0.404263 0.391208 0.316364 0.389464
0 0.402350 0.387397 0.312978 0.381454
0 0.403527 0.387581 0.308619 0.389232
0 0.401719 0.383407 0.307086 0.395422
0 0.404945 0.384904 0.314108 0.398836
0 0.403848 0.389651 0.319097 0.398719
0 0.404658 0.389935 0.312498 0.392066
0 0.400730 0.391705 0.314828 0.388867
0 0.400188 0.390336 0.317853 0.400028
0 0.398433 0.394739 0.309474 0.403718
0 0.404098 0.390632 0.310936 0.393920
0 0.405455 0.386839 0.320310 0.402517
0 0.399776 0.392867 0.318157 0.395731
0 0.398224 0.394771 0.318046 0.399586
0 0.401020 0.393800 0.315409 0.402306
0 0.397503 0.400538 0.314598 0.411156
0 0.404403 0.393762 0.325025 0.402487
0 0.400618 0.396080 0.312618 0.394516
0 0.397754 0.396048 0.310109 0.405123
0 0.400185 0.394822 0.313426 0.418145
0 0.408165 0.403168 0.323452 0.416269
0 0.407149 0.396284 0.319212 0.416414
0 0.401622 0.392263 0.309236 0.417993
0 0.403959 0.402126 0.312082 0.435677