0 0.417868 0.319284 0.262370 0.378168
0 0.420128 0.321980 0.258017 0.382282
0 0.421803 0.323398 0.261111 0.377395
0 0.421248 0.320171 0.262913 0.370644
0 0.421228 0.315779 0.262921 0.355187
0 0.421213 0.317174 0.261523 0.365114
0 0.420894 0.318119 0.262608 0.363597
0 0.421875 0.317922 0.264226 0.356616
0 0.419740 0.312529 0.260256 0.341646
0 0.422838 0.311535 0.262759 0.350823
0 0.422777 0.312709 0.263749 0.356623
0 0.422621 0.314519 0.263968 0.357315
0 0.423332 0.317235 0.262596 0.351824
0 0.419982 0.311193 0.260060 0.352848
0 0.424811 0.311870 0.262351 0.355913
0 0.423061 0.312733 0.261820 0.359648
0 0.423488 0.315600 0.261554 0.357055
0 0.421161 0.309671 0.258005 0.350269
0 0.423805 0.310312 0.262239 0.358780
0 0.424525 0.311583 0.262007 0.360326
0 0.423681 0.316358 0.259392 0.355335
0 0.421484 0.308647 0.257298 0.350728
0 0.421540 0.309453 0.260371 0.354377
0 0.422618 0.310720 0.257065 0.359139
0 0.423350 0.311754 0.257031 0.351741
0 0.423089 0.308275 0.261128 0.350296
0 0.421852 0.308790 0.257344 0.354204
0 0.422384 0.310525 0.259392 0.351758
0 0.424191 0.311553 0.254035 0.351037
0 0.424552 0.312461 0.252836 0.363849
0 0.423968 0.313527 0.253266 0.357951
0 0.427058 0.317794 0.253605 0.356566
0 0.417768 0.315307 0.263034 0.365376
0 0.423492 0.318068 0.263128 0.353283
0 0.422841 0.318281 0.262705 0.355895
0 0.419806 0.313647 0.257125 0.359557
0 0.424166 0.310068 0.261514 0.366413
0 0.421451 0.316398 0.253394 0.351604
0 0.425206 0.315270 0.255957 0.350102
0 0.423280 0.315256 0.253975 0.348345
0 0.422090 0.313983 0.252042 0.351605
0 0.424390 0.311755 0.253658 0.357311
0 0.421431 0.313916 0.256231 0.354300
0 0.420689 0.312518 0.261911 0.358156
0 0.422050 0.314605 0.260516 0.361580
0 0.423556 0.314332 0.254333 0.357707
0 0.426284 0.313717 0.246543 0.364686
0 0.421424 0.315354 0.258360 0.356047
0 0.421022 0.310676 0.257676 0.355783
0 0.422288 0.310719 0.256534 0.357266
0 0.425302 0.312388 0.252074 0.359298
0 0.426367 0.311089 0.253034 0.366999
0 0.423833 0.311572 0.269848 0.356233
0 0.426000 0.312606 0.266928 0.358362
0 0.427270 0.316098 0.262833 0.359302