0 0.516411 0.399637 0.295619 0.340772
0 0.516932 0.401422 0.302828 0.343687
0 0.516032 0.402913 0.300805 0.334562
0 0.517389 0.400585 0.304854 0.335419
0 0.517444 0.401215 0.296400 0.341484
0 0.516477 0.402677 0.297656 0.341461
0 0.515781 0.403936 0.298809 0.334922
0 0.515386 0.401838 0.301673 0.338435
0 0.517307 0.402604 0.306193 0.337837
0 0.518196 0.403627 0.299266 0.343233
0 0.518716 0.403813 0.296607 0.341188
0 0.515967 0.403009 0.297047 0.339477
0 0.515223 0.402219 0.300201 0.344044
0 0.514865 0.403480 0.301177 0.341018
0 0.516401 0.404245 0.295730 0.345176
0 0.516470 0.403439 0.296884 0.340598
0 0.515633 0.401052 0.296640 0.339290
0 0.515476 0.401424 0.300017 0.341553
0 0.512913 0.402236 0.291823 0.343296
0 0.516305 0.401355 0.294740 0.346907
0 0.515186 0.401546 0.293406 0.341744
0 0.515913 0.400748 0.293897 0.341393
0 0.517580 0.402679 0.297503 0.343355
0 0.517152 0.402387 0.291006 0.345536
0 0.516322 0.403236 0.290975 0.349135
0 0.516553 0.403136 0.290605 0.348381
0 0.518726 0.405099 0.299708 0.343634
0 0.517007 0.407595 0.288312 0.351381
0 0.518482 0.398510 0.308431 0.365038
0 0.514349 0.400299 0.306782 0.361595
0 0.516477 0.399112 0.309656 0.361904
0 0.517410 0.403929 0.304136 0.362903
0 0.515849 0.404594 0.304224 0.356053
0 0.515922 0.405878 0.299859 0.354300
0 0.518605 0.407360 0.308856 0.355331
0 0.516681 0.403481 0.311246 0.368573
0 0.514765 0.403704 0.297855 0.363762
0 0.520071 0.408094 0.303782 0.367040
0 0.516617 0.408183 0.310143 0.356413
0 0.520003 0.407417 0.308313 0.363708
0 0.520488 0.408256 0.308640 0.361365
0 0.515631 0.407805 0.315496 0.368011
0 0.515900 0.411833 0.305237 0.360008
0 0.518315 0.407297 0.308973 0.365917
0 0.517818 0.410399 0.304990 0.359992
0 0.519059 0.412870 0.304711 0.363476
0 0.521498 0.409461 0.307515 0.366798
0 0.513841 0.409276 0.308430 0.366665
0 0.518686 0.414924 0.298190 0.372047
0 0.518116 0.413273 0.297043 0.365767
0 0.515809 0.412225 0.302164 0.373939
0 0.517519 0.412678 0.308829 0.377919
0 0.516287 0.412189 0.306920 0.385777
0 0.522798 0.423904 0.313066 0.387448
0 0.524301 0.418458 0.301687 0.372934
0 0.518580 0.412489 0.300912 0.367995
0 0.519663 0.413894 0.306344 0.382746
0 0.520005 0.419336 0.313754 0.427499