0 0.409848 0.412077 0.403360 0.549078
0 0.410217 0.415223 0.402875 0.543121
0 0.411097 0.426628 0.408999 0.573940
0 0.408140 0.432177 0.417277 0.584208
0 0.410814 0.431780 0.419350 0.570806
0 0.415820 0.422917 0.422842 0.561900
0 0.409821 0.437415 0.418395 0.583669
0 0.415155 0.435863 0.428908 0.581790
0 0.418498 0.435119 0.426847 0.579908
0 0.411136 0.440975 0.425494 0.579059
0 0.405112 0.434977 0.426431 0.582483
0 0.412617 0.440634 0.431055 0.578168
0 0.412392 0.438309 0.425878 0.581373
0 0.417271 0.433689 0.431849 0.570333
0 0.421750 0.433553 0.432865 0.577986
0 0.417877 0.431240 0.428301 0.569916
0 0.416398 0.433318 0.429126 0.580132
0 0.420238 0.432730 0.423847 0.575964
0 0.401141 0.436194 0.412634 0.583679
0 0.409495 0.438069 0.422680 0.569651
0 0.410589 0.438967 0.417092 0.581910
0 0.415428 0.437961 0.431694 0.577610
0 0.413598 0.438809 0.422477 0.575067
0 0.415983 0.437568 0.430651 0.575536
0 0.412676 0.438406 0.422521 0.576833
0 0.415884 0.433939 0.430373 0.574247
0 0.417397 0.436298 0.423933 0.580742
0 0.416473 0.433874 0.428523 0.583445
0 0.420473 0.437727 0.421951 0.585845
0 0.414557 0.432944 0.432719 0.572393
0 0.415445 0.430217 0.428928 0.584011
0 0.412540 0.429101 0.421124 0.577190
0 0.404567 0.437351 0.418582 0.577273
0 0.408788 0.443304 0.429502 0.567247
0 0.409098 0.442803 0.424841 0.583491
0 0.414819 0.436095 0.438550 0.573333
0 0.413041 0.439339 0.431961 0.583341
0 0.414281 0.435662 0.435596 0.573956
0 0.410961 0.442348 0.430500 0.580955
0 0.412157 0.436319 0.428882 0.567852
0 0.415881 0.443391 0.422636 0.569606
0 0.412904 0.434283 0.435785 0.583666
0 0.416462 0.439599 0.424165 0.578261
0 0.409421 0.430926 0.424945 0.576857
0 0.413210 0.428056 0.416677 0.585092
0 0.405079 0.430383 0.423340 0.569524
0 0.410259 0.426316 0.419904 0.564458
0 0.408649 0.436158 0.421999 0.558517
0 0.407758 0.431396 0.421393 0.579779
0 0.414465 0.431232 0.436430 0.558725
0 0.417571 0.431319 0.440877 0.578569
0 0.416363 0.428291 0.434739 0.578319
0 0.419084 0.437035 0.429982 0.578181
0 0.409650 0.433575 0.431948 0.567705
0 0.413511 0.442867 0.427073 0.561169
0 0.411339 0.428590 0.425928 0.579604
0 0.413523 0.430584 0.414434 0.565663
0 0.412300 0.425823 0.423591 0.578051
0 0.415895 0.418957 0.416413 0.577485
0 0.405599 0.424171 0.425102 0.576819
0 0.404157 0.445275 0.419454 0.549828
0 0.407399 0.439317 0.424608 0.571014
0 0.414615 0.441127 0.425141 0.556353
0 0.418673 0.439733 0.435717 0.575977
0 0.417366 0.438508 0.433517 0.558213
0 0.420158 0.440418 0.435622 0.565058
0 0.410849 0.438579 0.433754 0.569243
0 0.414227 0.443334 0.427748 0.561312
0 0.411760 0.436110 0.430084 0.573724
0 0.412863 0.434365 0.424038 0.562827
0 0.413366 0.434257 0.424270 0.575311
0 0.416112 0.427814 0.416531 0.572557
0 0.408570 0.431515 0.425139 0.575182
0 0.412260 0.443562 0.431167 0.564129
0 0.413261 0.443379 0.415387 0.555432
0 0.419793 0.444918 0.432637 0.576841
0 0.419328 0.439712 0.427876 0.556820
0 0.420660 0.448442 0.447536 0.568183
0 0.413984 0.439350 0.431715 0.558014
0 0.410393 0.435343 0.432068 0.561883
0 0.417338 0.441616 0.416216 0.565368
0 0.404790 0.441576 0.432415 0.573411
0 0.419293 0.443252 0.423141 0.538991
0 0.412483 0.442875 0.419945 0.551209