0 0.488258 0.488002 0.430742 0.513226
0 0.493140 0.496181 0.425159 0.499701
0 0.496956 0.492240 0.428891 0.488093
0 0.482454 0.503390 0.434314 0.552572
0 0.497200 0.507272 0.451070 0.546094
0 0.493195 0.511823 0.458053 0.536558
0 0.496996 0.504810 0.466279 0.520977
0 0.500920 0.497675 0.456545 0.511886
0 0.487021 0.505713 0.434337 0.542491
0 0.490252 0.500433 0.440535 0.527711
0 0.490965 0.499219 0.426072 0.524607
0 0.500043 0.499606 0.465971 0.526042
0 0.500616 0.495618 0.456265 0.526682
0 0.492557 0.498250 0.473561 0.526638
0 0.493027 0.497027 0.461858 0.535264
0 0.495428 0.497506 0.485425 0.514718
0 0.494643 0.500807 0.466793 0.509444
0 0.495153 0.498041 0.466692 0.505537
0 0.499523 0.499168 0.467122 0.511184
0 0.499470 0.489220 0.461066 0.491940
0 0.489792 0.526301 0.435306 0.567282
0 0.491752 0.521753 0.448230 0.573246
0 0.490994 0.521797 0.429615 0.564348
0 0.498622 0.517558 0.470174 0.576838
0 0.495288 0.520097 0.455805 0.567164
0 0.492778 0.514930 0.476690 0.578438
0 0.493561 0.515510 0.452899 0.575010
0 0.493567 0.519208 0.468035 0.562365
0 0.495407 0.519919 0.452048 0.558454
0 0.497807 0.515559 0.475539 0.559540
0 0.500354 0.510917 0.457503 0.556809
0 0.495913 0.511320 0.477592 0.525887
0 0.489493 0.510332 0.469712 0.538670
0 0.500585 0.507000 0.458095 0.536636
0 0.487425 0.521144 0.443557 0.569353
0 0.488220 0.519135 0.444205 0.562868
0 0.486161 0.514706 0.433622 0.566194
0 0.494932 0.518244 0.469828 0.565450
0 0.494857 0.519174 0.453496 0.556759
0 0.494150 0.514029 0.470422 0.560114
0 0.494881 0.515723 0.442841 0.542952
0 0.487157 0.511226 0.458994 0.551806
0 0.490339 0.513903 0.433697 0.527061
0 0.489461 0.507549 0.458133 0.558927
0 0.493442 0.506541 0.434003 0.539075
0 0.494028 0.514045 0.458127 0.525206
0 0.500164 0.511461 0.447307 0.527017
0 0.498681 0.515343 0.449944 0.528970
0 0.490017 0.524276 0.446335 0.580832
0 0.487446 0.524663 0.437710 0.571917
0 0.484532 0.522909 0.437654 0.584506
0 0.495808 0.518245 0.450898 0.564364
0 0.497841 0.522322 0.446938 0.571228
0 0.500489 0.515757 0.457465 0.571997
0 0.505123 0.527338 0.443669 0.566465
0 0.492569 0.520786 0.449811 0.566780
0 0.497054 0.528698 0.442768 0.556800
0 0.493320 0.520147 0.452013 0.572737
0 0.495134 0.521872 0.427605 0.553503
0 0.496840 0.523731 0.464517 0.553607
0 0.497172 0.521845 0.449103 0.554727
0 0.497927 0.521117 0.442954 0.540303
0 0.494708 0.517128 0.446869 0.570666
0 0.486865 0.525002 0.435602 0.568133
0 0.490451 0.522310 0.435722 0.581596
0 0.496078 0.529192 0.435985 0.568529
0 0.498882 0.534189 0.439566 0.583224
0 0.493518 0.526909 0.449778 0.581027
0 0.496110 0.532651 0.445794 0.577207
0 0.490681 0.528067 0.451034 0.580298
0 0.495650 0.531138 0.449263 0.575052
0 0.492915 0.530616 0.453373 0.578281
0 0.499325 0.531802 0.446383 0.570693
0 0.496602 0.535785 0.464808 0.560744
0 0.495680 0.534673 0.445466 0.554444
0 0.499528 0.534537 0.441190 0.540509
0 0.495154 0.524143 0.442010 0.582923
0 0.495401 0.534687 0.431327 0.580238
0 0.493261 0.539944 0.449304 0.606537
0 0.497347 0.534725 0.442093 0.576604
0 0.493760 0.544062 0.457756 0.584299
0 0.495895 0.534238 0.445804 0.576828
0 0.496658 0.539610 0.455965 0.575564
0 0.498629 0.537772 0.451773 0.563279
0 0.496067 0.533636 0.456134 0.575398
0 0.486449 0.538669 0.449255 0.568946
0 0.498044 0.557241 0.440032 0.552671
0 0.500426 0.548411 0.435582 0.566068
0 0.496679 0.548093 0.438778 0.557338