0 0.506205 0.170141 0.121890 0.162557
0 0.506511 0.170615 0.116195 0.155228
0 0.505961 0.171472 0.119365 0.157142
0 0.506046 0.172056 0.116630 0.154937
0 0.504717 0.172668 0.119090 0.158088
0 0.505139 0.173781 0.119513 0.160155
0 0.505908 0.173780 0.121490 0.156251
0 0.506530 0.173601 0.119830 0.154342
0 0.505460 0.174457 0.121377 0.157443
0 0.506529 0.173172 0.119226 0.156593
0 0.505962 0.173244 0.119517 0.156935
0 0.506821 0.173622 0.118992 0.152928
0 0.506072 0.173391 0.119129 0.158810
0 0.506681 0.173885 0.119885 0.164220
0 0.506276 0.173903 0.121913 0.156795
0 0.506414 0.172650 0.120493 0.154308
0 0.505859 0.173836 0.123246 0.158823
0 0.506549 0.173096 0.120287 0.157379
0 0.505798 0.174259 0.120430 0.158168
0 0.506611 0.175136 0.120221 0.152037
0 0.505281 0.174304 0.119268 0.158498
0 0.507592 0.174477 0.119152 0.158590
0 0.506477 0.174084 0.123473 0.162408
0 0.505521 0.174576 0.121224 0.156873
0 0.505861 0.174799 0.124076 0.159456
0 0.506407 0.174563 0.120068 0.157778
0 0.504655 0.175341 0.122039 0.157456
0 0.504766 0.176161 0.121322 0.157676