0 0.054986 0.481826 0.058318 0.095079
0 0.053760 0.484105 0.060417 0.088118
0 0.054207 0.483508 0.060701 0.089668
0 0.053794 0.484324 0.059311 0.087144
0 0.054197 0.482958 0.060479 0.092252
0 0.055842 0.484883 0.058747 0.086297
0 0.054000 0.485323 0.061001 0.088936
0 0.054966 0.484790 0.061455 0.090280
0 0.056339 0.485157 0.060899 0.085727
0 0.982446 0.506434 0.034895 0.065418
0 0.982807 0.507529 0.034309 0.064747
0 0.054018 0.486828 0.059975 0.088677
0 0.055434 0.485121 0.061874 0.092434
0 0.982233 0.507298 0.035560 0.066939
0 0.982423 0.507826 0.035575 0.068557
0 0.982806 0.507690 0.034825 0.067017
0 0.981763 0.507598 0.034768 0.070627
0 0.982451 0.508588 0.033721 0.069425
0 0.507543 0.455414 0.276168 0.401293
0 0.503524 0.452460 0.277936 0.376695
0 0.506795 0.451925 0.277440 0.378919
0 0.507015 0.453494 0.278278 0.377721
0 0.506554 0.454869 0.278505 0.379410
0 0.503617 0.451685 0.280686 0.369966
0 0.505906 0.451103 0.275413 0.374847
0 0.508459 0.451484 0.276794 0.367073
0 0.508713 0.453905 0.277824 0.368447
0 0.054388 0.483383 0.061563 0.091009
0 0.053380 0.483318 0.061634 0.089160
0 0.502792 0.450927 0.278286 0.367464
0 0.504560 0.448259 0.276607 0.379263
0 0.508145 0.448564 0.270605 0.374698
0 0.508691 0.451286 0.274427 0.374492
0 0.053942 0.484441 0.060100 0.087660
0 0.052797 0.484273 0.059318 0.087949
0 0.055783 0.484854 0.060307 0.088310
0 0.503073 0.451412 0.279765 0.368128
0 0.505805 0.448503 0.277833 0.377983
0 0.507961 0.450558 0.276910 0.373688
0 0.508541 0.452841 0.276898 0.378859
0 0.053316 0.486399 0.061727 0.090992
0 0.501901 0.451190 0.278228 0.369889
0 0.506209 0.448348 0.275573 0.376846
0 0.506440 0.451727 0.271979 0.373215
0 0.506391 0.452476 0.270267 0.378728
0 0.506588 0.451435 0.271863 0.371637
0 0.508612 0.453605 0.270540 0.369881
0 0.507638 0.455257 0.269687 0.368753
0 0.507395 0.460788 0.286626 0.408214
0 0.502549 0.460103 0.290472 0.407059
0 0.508226 0.455169 0.288566 0.418911
0 0.503823 0.453611 0.280825 0.380583
0 0.506822 0.453556 0.285523 0.380748
0 0.508746 0.451806 0.283042 0.388096
0 0.506886 0.447229 0.276380 0.383615
0 0.508613 0.442800 0.278183 0.396570
0 0.499002 0.448012 0.268404 0.378634
0 0.506299 0.451080 0.274726 0.382272
0 0.503235 0.453034 0.285565 0.395861
0 0.502717 0.450098 0.285875 0.384747
0 0.504980 0.450519 0.279786 0.395132
0 0.507818 0.447538 0.281034 0.390256
0 0.498707 0.451366 0.268381 0.372720
0 0.505977 0.451917 0.280439 0.379597
0 0.501610 0.454608 0.292302 0.392055
0 0.504856 0.453247 0.286776 0.395513
0 0.508025 0.448282 0.286598 0.396370
0 0.508568 0.453449 0.282849 0.398994
0 0.503347 0.456007 0.280188 0.376800
0 0.504675 0.452250 0.283121 0.382564
0 0.505888 0.450782 0.285818 0.383926
0 0.505102 0.451707 0.286839 0.389233
0 0.508057 0.460436 0.285707 0.397869
0 0.509530 0.453390 0.283834 0.380931
0 0.505459 0.458025 0.291597 0.379848
0 0.511408 0.458624 0.285183 0.378536