0 0.843623 0.570817 0.019358 0.024999
0 0.884397 0.570301 0.021615 0.027269
0 0.500937 0.279880 0.247832 0.315239
0 0.500946 0.280576 0.248483 0.316999
0 0.502729 0.281305 0.246125 0.309287
0 0.503803 0.282862 0.250403 0.313506
0 0.501902 0.284304 0.252341 0.319207
0 0.500885 0.282690 0.252485 0.318044
0 0.500198 0.281539 0.247195 0.307772
0 0.503038 0.284887 0.250045 0.315466
0 0.502597 0.284786 0.250590 0.320055
0 0.502350 0.285164 0.249921 0.320945
0 0.501495 0.284474 0.250139 0.317293
0 0.501532 0.283056 0.253990 0.311495
0 0.500519 0.281865 0.246812 0.304918
0 0.502826 0.283224 0.250065 0.314687
0 0.503159 0.284406 0.252068 0.319472
0 0.501844 0.283945 0.248601 0.317289
0 0.500824 0.283894 0.254676 0.319930
0 0.500868 0.282740 0.253224 0.309525
0 0.499918 0.283017 0.245395 0.304671
0 0.502765 0.282593 0.250366 0.310611
0 0.502274 0.283984 0.250314 0.317944
0 0.499920 0.282360 0.250721 0.317581
0 0.500420 0.282374 0.252717 0.315951
0 0.501764 0.282484 0.251209 0.306538
0 0.500120 0.282505 0.245715 0.304101
0 0.501008 0.281820 0.246592 0.311519
0 0.501699 0.283599 0.251652 0.310792
0 0.499653 0.281560 0.250005 0.315269
0 0.500617 0.281467 0.250094 0.315311
0 0.501790 0.282578 0.247384 0.307928
0 0.499454 0.284856 0.245770 0.302926
0 0.500716 0.281535 0.244478 0.310074
0 0.501672 0.282080 0.246931 0.311797
0 0.500470 0.281470 0.246139 0.315557
0 0.500750 0.281948 0.247754 0.317909
0 0.502853 0.283970 0.247745 0.312493
0 0.501046 0.283542 0.247683 0.313328
0 0.501936 0.281286 0.243188 0.310748
0 0.499889 0.280416 0.243428 0.315485
0 0.501995 0.282919 0.246542 0.320836
0 0.502367 0.285355 0.236472 0.316794
0 0.502116 0.287022 0.233502 0.313110
0 0.504634 0.282752 0.259142 0.319626
0 0.503555 0.280180 0.259610 0.321678
0 0.502297 0.286190 0.249706 0.314421
0 0.502059 0.283042 0.253110 0.306433
0 0.501218 0.285886 0.252085 0.310960
0 0.502386 0.283382 0.250785 0.311982
0 0.501010 0.287198 0.251892 0.313466
0 0.502473 0.286586 0.247442 0.310586
0 0.500879 0.284474 0.248550 0.315806
0 0.504292 0.282561 0.252418 0.315806
0 0.503597 0.281404 0.255989 0.323082
0 0.501358 0.282963 0.248354 0.314244
0 0.502627 0.283110 0.245924 0.308450
0 0.501075 0.285458 0.251787 0.316835
0 0.501664 0.285243 0.245896 0.317184
0 0.503657 0.283940 0.246382 0.326418
0 0.499779 0.288319 0.246636 0.317449
0 0.502176 0.287941 0.244461 0.316378
0 0.501517 0.287111 0.250076 0.322567
0 0.504941 0.286510 0.245132 0.320507