0 0.121186 0.422431 0.028733 0.040089
0 0.121538 0.423405 0.031978 0.043335
0 0.121356 0.422424 0.030623 0.043800
0 0.121221 0.424231 0.032278 0.044242
0 0.121645 0.423898 0.032484 0.043685
0 0.488090 0.276118 0.214796 0.305536
0 0.488677 0.278881 0.214899 0.303663
0 0.490829 0.277868 0.215538 0.303752
0 0.487642 0.272503 0.210125 0.302454
0 0.488241 0.276473 0.210457 0.299390
0 0.487972 0.276886 0.211259 0.299814
0 0.489761 0.277287 0.209475 0.298672
0 0.490343 0.276449 0.211627 0.295957
0 0.490028 0.274887 0.211013 0.296278
0 0.488509 0.275078 0.208203 0.298680
0 0.488821 0.276296 0.207255 0.298845
0 0.489320 0.277478 0.206907 0.294825
0 0.488265 0.277459 0.209832 0.288145
0 0.492671 0.279007 0.217993 0.284966
0 0.490217 0.274450 0.210882 0.298862
0 0.488956 0.275300 0.207938 0.301594
0 0.489469 0.276024 0.210745 0.303932
0 0.489179 0.277111 0.211167 0.299474
0 0.487836 0.278097 0.210708 0.295626
0 0.491702 0.282147 0.209820 0.283378
0 0.489818 0.275096 0.210848 0.300030
0 0.491118 0.275418 0.208923 0.298435
0 0.489975 0.277088 0.208172 0.301301
0 0.490218 0.277837 0.210379 0.302902
0 0.490369 0.277765 0.206244 0.296843
0 0.493493 0.282267 0.205662 0.285304
0 0.489078 0.275763 0.207313 0.299100
0 0.490230 0.275928 0.207941 0.294328
0 0.490419 0.277201 0.207136 0.297004
0 0.490287 0.277871 0.207297 0.303994
0 0.491257 0.277607 0.200896 0.297085
0 0.495669 0.280064 0.203372 0.288520
0 0.489343 0.275757 0.205432 0.301166
0 0.488816 0.275055 0.209378 0.295142
0 0.491596 0.276963 0.206352 0.298522
0 0.491688 0.277041 0.204074 0.304966
0 0.493790 0.278901 0.199198 0.299959
0 0.490127 0.278168 0.203882 0.305687
0 0.492405 0.276848 0.203532 0.308979
0 0.493325 0.275709 0.203314 0.311019
0 0.491953 0.272373 0.217210 0.294022
0 0.495483 0.273544 0.214331 0.303842
0 0.493252 0.272352 0.214057 0.301627
0 0.491779 0.274050 0.214976 0.309785
0 0.491617 0.273968 0.215396 0.296363
0 0.494305 0.273764 0.212612 0.298597
0 0.495217 0.276761 0.213707 0.308322
0 0.495655 0.272324 0.211168 0.295796
0 0.493262 0.276358 0.212616 0.296834
0 0.492513 0.275246 0.210406 0.297097
0 0.495349 0.276091 0.213633 0.311028
0 0.493070 0.277901 0.210395 0.297458