0 0.495527 0.385649 0.364099 0.554315
0 0.497088 0.387131 0.359125 0.540863
0 0.496901 0.389064 0.353230 0.542566
0 0.493140 0.412219 0.379092 0.580788
0 0.493469 0.410820 0.375580 0.574891
0 0.493975 0.408167 0.365650 0.556026
0 0.497421 0.399117 0.369213 0.558553
0 0.494944 0.405867 0.382473 0.575504
0 0.490165 0.416086 0.383266 0.590940
0 0.490689 0.413344 0.379664 0.569131
0 0.489756 0.412541 0.375698 0.559147
0 0.495782 0.408494 0.374272 0.553837
0 0.491046 0.407084 0.376633 0.554807
0 0.490583 0.408173 0.379827 0.558969
0 0.493919 0.405359 0.377571 0.547262
0 0.489988 0.406476 0.375093 0.551194
0 0.492108 0.408024 0.373082 0.549838
0 0.495780 0.405080 0.381389 0.552764
0 0.488784 0.407014 0.384478 0.551254
0 0.490936 0.404440 0.386035 0.545432
0 0.485352 0.407372 0.379145 0.531401
0 0.485344 0.407223 0.377787 0.538833
0 0.487750 0.406221 0.373230 0.547472
0 0.495025 0.407149 0.369583 0.544887
0 0.483044 0.408148 0.387466 0.538893
0 0.487229 0.410186 0.391678 0.520034
0 0.485027 0.414263 0.382220 0.514541
0 0.482650 0.410525 0.376222 0.521383
0 0.483985 0.403340 0.377629 0.535860
0 0.496570 0.413747 0.377087 0.525690
0 0.477449 0.407265 0.389433 0.550198
0 0.481021 0.405804 0.397357 0.538734
0 0.479993 0.411498 0.394114 0.524781
0 0.474759 0.407892 0.383358 0.526258
0 0.480657 0.410462 0.387831 0.535076
0 0.472503 0.404122 0.398303 0.564022
0 0.476651 0.405699 0.390194 0.553906
0 0.474954 0.416342 0.386846 0.540124