0 0.475662 0.483997 0.432405 0.648715
0 0.483077 0.487732 0.465015 0.664886
0 0.484663 0.487555 0.456759 0.653813
0 0.480634 0.487290 0.454723 0.646129
0 0.481268 0.489346 0.458824 0.650289
0 0.475896 0.484134 0.449845 0.627363
0 0.480576 0.483319 0.457746 0.648445
0 0.474358 0.482300 0.438414 0.616851
0 0.476777 0.488246 0.461044 0.650745
0 0.486188 0.477087 0.428115 0.619289
0 0.488582 0.486704 0.444665 0.646515
0 0.481236 0.487710 0.444162 0.636899
0 0.490666 0.481889 0.474111 0.663991
0 0.484591 0.496831 0.479749 0.655241
0 0.476927 0.491697 0.464303 0.653173
0 0.484307 0.493797 0.459115 0.646181
0 0.480007 0.492629 0.465512 0.658577
0 0.477910 0.500202 0.451473 0.647780
0 0.474565 0.487912 0.463824 0.642328
0 0.475896 0.493710 0.452208 0.642183
0 0.471249 0.486302 0.456456 0.631068
0 0.476146 0.493038 0.452707 0.640357
0 0.482970 0.484566 0.439211 0.623089
0 0.486496 0.488185 0.442425 0.642455
0 0.480145 0.490293 0.447357 0.637529
0 0.475347 0.488995 0.447234 0.637686
0 0.487263 0.486666 0.474727 0.654647
0 0.490333 0.495219 0.492547 0.664438
0 0.479650 0.494777 0.468725 0.653100
0 0.484187 0.498254 0.471824 0.659848
0 0.483481 0.498938 0.471729 0.660480
0 0.481549 0.505323 0.464622 0.658060
0 0.478476 0.496692 0.470796 0.661949
0 0.482039 0.503966 0.462754 0.661767
0 0.477652 0.493858 0.467969 0.659405
0 0.482668 0.501796 0.467313 0.661095
0 0.484635 0.498626 0.450254 0.654073
0 0.488405 0.502273 0.454767 0.660410
0 0.479856 0.501676 0.450037 0.651035
0 0.477664 0.505203 0.450066 0.648600
0 0.481822 0.494778 0.487284 0.668616
0 0.495600 0.508892 0.509460 0.687644
0 0.478509 0.505872 0.474636 0.673108
0 0.482938 0.508856 0.476677 0.678242
0 0.479913 0.500469 0.467176 0.675394
0 0.478729 0.506294 0.460421 0.675010
0 0.479656 0.501615 0.468311 0.671229
0 0.481119 0.507535 0.462509 0.671041
0 0.478121 0.499244 0.466628 0.666081
0 0.480882 0.505078 0.461672 0.669469
0 0.483798 0.501905 0.444826 0.658945
0 0.485354 0.500375 0.451371 0.674843
0 0.473931 0.511221 0.459293 0.658137
0 0.482204 0.521836 0.460328 0.665957
0 0.483427 0.492657 0.497979 0.677503
0 0.500041 0.497493 0.517665 0.689667
0 0.483661 0.501940 0.481393 0.649816
0 0.491317 0.502139 0.492848 0.671458
0 0.479765 0.497421 0.467696 0.655850
0 0.480254 0.501950 0.467346 0.662677
0 0.478641 0.496946 0.466588 0.653598
0 0.479099 0.500020 0.457764 0.650398
0 0.477856 0.499621 0.465621 0.657156
0 0.478311 0.501693 0.451778 0.654157
0 0.484476 0.501108 0.447127 0.663442
0 0.486387 0.498679 0.438275 0.669631
0 0.471617 0.508477 0.449254 0.669943
0 0.481438 0.526228 0.460246 0.680719
0 0.465444 0.533106 0.505490 0.712709
0 0.488530 0.501113 0.482004 0.661001
0 0.499230 0.501085 0.507069 0.667692
0 0.484560 0.501993 0.471584 0.635126
0 0.494110 0.502054 0.481948 0.651993
0 0.482723 0.497926 0.472999 0.655061
0 0.484509 0.499534 0.470068 0.651119
0 0.477450 0.499951 0.469321 0.646347
0 0.476559 0.500266 0.461233 0.637703
0 0.480061 0.503535 0.466048 0.648699
0 0.477419 0.503464 0.455569 0.640275
0 0.481510 0.501149 0.453006 0.654623
0 0.480704 0.500751 0.438119 0.650118
0 0.472852 0.508476 0.445520 0.633900
0 0.478993 0.521767 0.469421 0.652373
0 0.503819 0.511041 0.496890 0.676528
0 0.478822 0.508048 0.473193 0.636473
0 0.495680 0.508252 0.485569 0.661931
0 0.480297 0.501265 0.481575 0.651768
0 0.484633 0.504071 0.482661 0.652513
0 0.474278 0.500507 0.475105 0.638614
0 0.474833 0.502231 0.471047 0.633639
0 0.477977 0.501867 0.470361 0.641132
0 0.477751 0.505024 0.465091 0.633577
0 0.478631 0.506739 0.469707 0.638229
0 0.480928 0.513748 0.448724 0.623750
0 0.476048 0.520635 0.461830 0.627062
0 0.485243 0.523325 0.483128 0.645649
0 0.504357 0.506249 0.498543 0.671595
0 0.492793 0.499734 0.490027 0.679286
0 0.478403 0.500947 0.478540 0.657136
0 0.486324 0.499567 0.488517 0.662220
0 0.474068 0.496652 0.478395 0.659214
0 0.479596 0.500168 0.480415 0.653399
0 0.480070 0.497867 0.472475 0.655885
0 0.485680 0.499964 0.482154 0.655331
0 0.486765 0.509321 0.469413 0.650366
0 0.480208 0.511870 0.487058 0.654983