0 0.390629 0.414580 0.345749 0.477509
0 0.390235 0.417003 0.338755 0.463154
0 0.387404 0.418906 0.341157 0.463171
0 0.387534 0.411446 0.351513 0.473297
0 0.388163 0.418471 0.344643 0.471650
0 0.387263 0.419293 0.342373 0.464852
0 0.382580 0.418067 0.347678 0.466269
0 0.387966 0.411029 0.338159 0.458579
0 0.386214 0.415139 0.345454 0.465354
0 0.386604 0.416971 0.339029 0.463785
0 0.388586 0.412815 0.342949 0.450995
0 0.383289 0.412389 0.339723 0.444343
0 0.387461 0.409759 0.338619 0.444033
0 0.392162 0.410629 0.332111 0.454641
0 0.386057 0.418456 0.347144 0.464312
0 0.385924 0.412914 0.337420 0.455007
0 0.381335 0.412654 0.341289 0.454105
0 0.381169 0.409192 0.332179 0.439989
0 0.387593 0.411049 0.341152 0.448916
0 0.393720 0.412675 0.332410 0.452655
0 0.382638 0.414482 0.342158 0.468165
0 0.385749 0.413627 0.338293 0.451384
0 0.377312 0.413960 0.338618 0.445764
0 0.381767 0.413531 0.337390 0.437745
0 0.385074 0.411702 0.338646 0.447751
0 0.395412 0.420218 0.331516 0.454375
0 0.383097 0.418271 0.341953 0.442599
0 0.377063 0.416136 0.342711 0.444478
0 0.378493 0.414464 0.337096 0.444342
0 0.386177 0.415720 0.337026 0.463898
0 0.376631 0.415643 0.340510 0.471905
0 0.379881 0.421006 0.344697 0.463224