0 0.491961 0.400498 0.346298 0.454709
0 0.493189 0.397480 0.346839 0.420729
0 0.488819 0.397911 0.349321 0.417245
0 0.486925 0.396479 0.344085 0.415511
0 0.492449 0.391886 0.346340 0.428438
0 0.488756 0.396961 0.347908 0.425770
0 0.488843 0.404113 0.348765 0.417684
0 0.489881 0.401895 0.346445 0.424705
0 0.489833 0.401098 0.348829 0.420824
0 0.492192 0.399006 0.346906 0.423453
0 0.493918 0.388019 0.344673 0.421680
0 0.490661 0.405948 0.350746 0.426357
0 0.488622 0.402248 0.351155 0.425993
0 0.490235 0.399961 0.353788 0.424876
0 0.490232 0.399441 0.346010 0.419269
0 0.487042 0.398201 0.348705 0.425362
0 0.488547 0.397607 0.347901 0.421458
0 0.492687 0.404902 0.344733 0.424033
0 0.491847 0.401010 0.345042 0.425670
0 0.484237 0.401532 0.344623 0.425228
0 0.485240 0.396724 0.346062 0.428028
0 0.490812 0.398399 0.341715 0.423150
0 0.488237 0.397470 0.344423 0.431838
0 0.490349 0.402072 0.355201 0.439429
0 0.491467 0.402163 0.353492 0.430716
0 0.487813 0.400779 0.343783 0.421149
0 0.483891 0.403434 0.342026 0.422402
0 0.488701 0.398638 0.340677 0.436342
0 0.496490 0.397997 0.340146 0.439434
0 0.492590 0.402953 0.354755 0.433337
0 0.489017 0.404738 0.343460 0.425799
0 0.485745 0.403783 0.342159 0.430302
0 0.493224 0.404561 0.342172 0.439493
0 0.489200 0.395402 0.351911 0.462427