0 0.450661 0.313413 0.227240 0.308162
0 0.451994 0.313454 0.226566 0.306033
0 0.451934 0.312224 0.222822 0.307088
0 0.452203 0.314523 0.225194 0.303576
0 0.450816 0.316275 0.227361 0.306825
0 0.451639 0.315933 0.226387 0.306273
0 0.449453 0.310667 0.221294 0.305907
0 0.452579 0.313784 0.221691 0.304011
0 0.450836 0.313916 0.222594 0.304425
0 0.451698 0.314852 0.225448 0.308199
0 0.451330 0.315472 0.224680 0.303482
0 0.450979 0.315672 0.228843 0.302377
0 0.448530 0.312704 0.219231 0.298848
0 0.451727 0.313226 0.220674 0.305015
0 0.451726 0.313895 0.221210 0.305538
0 0.451525 0.314828 0.227075 0.307275
0 0.450974 0.314064 0.226950 0.303694
0 0.450358 0.315380 0.228972 0.299287
0 0.448989 0.313517 0.219517 0.300401
0 0.451546 0.312447 0.221979 0.304328
0 0.451154 0.314016 0.221155 0.303427
0 0.451289 0.314818 0.224228 0.304815
0 0.450475 0.314755 0.225076 0.299942
0 0.451718 0.313396 0.227394 0.295811
0 0.448487 0.314005 0.217166 0.298116
0 0.450459 0.312914 0.222644 0.301107
0 0.451057 0.314054 0.221482 0.298777
0 0.451605 0.315212 0.225582 0.303171
0 0.450421 0.315537 0.224205 0.302501
0 0.451967 0.315801 0.223605 0.299412
0 0.448638 0.314580 0.220655 0.298203
0 0.450589 0.314698 0.224147 0.300279
0 0.450653 0.316621 0.221675 0.297920
0 0.451859 0.316340 0.225203 0.298002
0 0.451147 0.315158 0.222405 0.303334
0 0.452073 0.316730 0.223619 0.300286
0 0.450072 0.314996 0.228198 0.296884
0 0.451124 0.316323 0.222874 0.296720
0 0.452234 0.314062 0.224144 0.300156
0 0.451899 0.316683 0.221979 0.302519
0 0.451227 0.317249 0.222856 0.301322
0 0.452780 0.317047 0.227414 0.299685
0 0.454566 0.310953 0.235667 0.307797
0 0.450010 0.310861 0.233891 0.310656
0 0.451630 0.312172 0.231385 0.306225
0 0.452835 0.317358 0.229833 0.303381
0 0.455081 0.315866 0.229718 0.307216
0 0.454309 0.314603 0.225980 0.305044
0 0.451521 0.314727 0.223767 0.305996
0 0.453216 0.317090 0.228651 0.304671
0 0.452832 0.316887 0.222400 0.301299
0 0.452675 0.314622 0.229236 0.305949
0 0.452588 0.314322 0.227480 0.300466
0 0.454190 0.314542 0.228395 0.313134
0 0.453074 0.315346 0.227963 0.301088
0 0.454229 0.315043 0.224433 0.299314
0 0.454906 0.313696 0.229087 0.307255
0 0.455010 0.313350 0.224842 0.305485