0 0.544049 0.355371 0.321233 0.422682
0 0.542867 0.361929 0.323055 0.409116
0 0.545806 0.363850 0.324584 0.412509
0 0.543249 0.351813 0.328948 0.426980
0 0.537931 0.362047 0.329783 0.439724
0 0.541746 0.367644 0.328195 0.436412
0 0.541873 0.369116 0.336052 0.439650
0 0.544782 0.370665 0.335763 0.441500
0 0.544659 0.367495 0.338179 0.441527
0 0.543951 0.367148 0.327411 0.423526
0 0.542576 0.367497 0.325947 0.422256
0 0.544170 0.369686 0.329153 0.434518
0 0.546651 0.369958 0.327178 0.434736
0 0.544571 0.366647 0.320322 0.425874
0 0.541713 0.366623 0.324874 0.430379
0 0.542196 0.369524 0.333003 0.434506
0 0.539500 0.372464 0.332961 0.442988
0 0.542522 0.373047 0.334486 0.448045
0 0.543804 0.378357 0.323428 0.429178
0 0.542568 0.375199 0.325785 0.442517
0 0.540167 0.372004 0.325266 0.443778
0 0.539053 0.374159 0.324625 0.432810
0 0.541772 0.375487 0.338227 0.436604
0 0.541716 0.374316 0.338171 0.444657
0 0.543908 0.376278 0.330590 0.435804
0 0.546025 0.375355 0.336355 0.446211
0 0.543066 0.376573 0.327285 0.455309
0 0.543018 0.379734 0.324019 0.438735
0 0.546480 0.373102 0.330501 0.448456
0 0.547873 0.373117 0.327487 0.444168
0 0.542969 0.374108 0.334360 0.458553
0 0.548523 0.385727 0.325488 0.425230
0 0.548706 0.383236 0.325911 0.435164
0 0.550686 0.381012 0.324904 0.448102
0 0.550150 0.388597 0.332944 0.448185