0 0.629357 0.346493 0.297397 0.404721
0 0.627523 0.351172 0.296814 0.396037
0 0.625056 0.350267 0.302375 0.401771
0 0.628175 0.347283 0.301991 0.406480
0 0.629678 0.348054 0.299293 0.396868
0 0.631077 0.349989 0.298246 0.410797
0 0.628511 0.347030 0.304239 0.408462
0 0.627692 0.350078 0.303792 0.407559
0 0.629864 0.346005 0.298888 0.404579
0 0.630289 0.351994 0.299589 0.408380
0 0.632045 0.350902 0.304212 0.415163
0 0.630380 0.352414 0.303938 0.414264
0 0.630108 0.351105 0.299408 0.414170
0 0.633841 0.352996 0.294710 0.423006
0 0.631015 0.355638 0.297425 0.407137
0 0.631264 0.352115 0.297580 0.424390
0 0.628501 0.352419 0.299435 0.427316
0 0.627205 0.351953 0.298679 0.422069
0 0.630137 0.349715 0.297704 0.428461
0 0.633092 0.355796 0.298120 0.429546
0 0.628380 0.357052 0.295992 0.409450
0 0.627726 0.353235 0.293108 0.428476
0 0.627572 0.354485 0.295810 0.424257
0 0.627360 0.350043 0.297869 0.424280
0 0.630473 0.350048 0.300626 0.437282
0 0.630520 0.351658 0.280899 0.422820
0 0.630426 0.356662 0.294687 0.421833
0 0.629727 0.352295 0.295701 0.436877
0 0.631287 0.357719 0.299444 0.437968