0 0.447136 0.446353 0.361092 0.487637
0 0.452830 0.446118 0.365158 0.493962
0 0.447064 0.448841 0.372097 0.509559
0 0.442465 0.453410 0.372857 0.509996
0 0.445167 0.452800 0.368837 0.503513
0 0.451521 0.449756 0.373584 0.503132
0 0.449282 0.445329 0.370306 0.499490
0 0.447291 0.449210 0.371161 0.503334
0 0.447328 0.447813 0.372979 0.505980
0 0.443674 0.448897 0.369803 0.498035
0 0.446083 0.449682 0.366899 0.508654
0 0.447873 0.441924 0.365351 0.510237
0 0.447769 0.452115 0.377181 0.505362
0 0.445686 0.450716 0.372605 0.509114
0 0.446977 0.448251 0.371240 0.495531
0 0.447210 0.450165 0.365743 0.498094
0 0.442543 0.447886 0.366740 0.501851
0 0.444994 0.447618 0.365720 0.502884
0 0.448592 0.451267 0.373801 0.501868
0 0.445619 0.449465 0.370775 0.507742
0 0.442981 0.451591 0.374327 0.494158
0 0.442912 0.454505 0.374516 0.498930
0 0.445363 0.450619 0.375939 0.500315
0 0.447146 0.450082 0.363102 0.510002
0 0.445141 0.449756 0.376236 0.507577
0 0.445075 0.451862 0.378328 0.515370
0 0.446300 0.451783 0.369795 0.504419
0 0.443086 0.455783 0.372645 0.498928
0 0.443681 0.453532 0.368006 0.499419
0 0.449645 0.447925 0.362441 0.502942
0 0.444602 0.453613 0.364967 0.506216
0 0.443635 0.454586 0.371581 0.497533
0 0.441970 0.452754 0.371269 0.506069
0 0.444473 0.455172 0.371523 0.506151
0 0.444349 0.475184 0.375110 0.491446
0 0.443605 0.462790 0.376991 0.501415
0 0.443751 0.462586 0.375005 0.502290