0 0.029781 0.526477 0.059930 0.087665
0 0.029752 0.526831 0.061705 0.090619
0 0.030963 0.527656 0.060460 0.087536
0 0.029605 0.527260 0.061445 0.088464
0 0.029376 0.527839 0.068587 0.083953
0 0.029677 0.527315 0.059264 0.086473
0 0.031142 0.527709 0.059458 0.087510
0 0.030409 0.528261 0.069270 0.082548
0 0.030114 0.527111 0.057763 0.089612
0 0.030639 0.526533 0.061190 0.092031
0 0.029075 0.530981 0.057299 0.095495
0 0.030892 0.526493 0.060196 0.089935
0 0.030130 0.527898 0.059288 0.090022
0 0.031910 0.528825 0.059290 0.089541
0 0.031200 0.528744 0.058590 0.088296
0 0.031214 0.530595 0.062420 0.093739
0 0.499451 0.417588 0.338547 0.461346
0 0.494853 0.427637 0.335245 0.460538
0 0.496161 0.428026 0.341262 0.458950
0 0.495884 0.405921 0.336931 0.449091
0 0.500504 0.413765 0.339940 0.444846
0 0.497217 0.418590 0.337208 0.441874
0 0.491211 0.418754 0.341308 0.443454
0 0.495443 0.418524 0.336838 0.444838
0 0.496406 0.412196 0.337785 0.442958
0 0.499295 0.418309 0.333843 0.449384
0 0.497366 0.418068 0.334585 0.443892
0 0.494018 0.417976 0.335869 0.434027
0 0.492807 0.419109 0.332837 0.435795
0 0.496174 0.414789 0.335972 0.435501
0 0.495166 0.409840 0.339331 0.448879
0 0.499783 0.416918 0.337321 0.448903
0 0.496711 0.416179 0.332377 0.446479
0 0.492109 0.418025 0.334081 0.445559
0 0.492518 0.417543 0.337445 0.442515
0 0.495580 0.415420 0.334249 0.438736
0 0.490012 0.411431 0.335628 0.453406
0 0.497216 0.416078 0.340081 0.445910
0 0.494234 0.416909 0.335820 0.439731
0 0.494015 0.420024 0.332647 0.433260
0 0.493861 0.418472 0.334370 0.435919
0 0.499884 0.415589 0.335397 0.439637
0 0.493239 0.414909 0.339516 0.443089
0 0.491987 0.416073 0.336413 0.440472
0 0.494395 0.414679 0.327894 0.445997
0 0.494384 0.413488 0.335592 0.450803
0 0.491147 0.411708 0.343905 0.447564
0 0.498008 0.412372 0.335922 0.450028