0 0.458584 0.351960 0.425035 0.589232
0 0.458250 0.353814 0.425849 0.586941
0 0.466576 0.349756 0.430665 0.591571
0 0.458037 0.350431 0.420529 0.572759
0 0.463522 0.343150 0.427650 0.567032
0 0.463898 0.342723 0.429036 0.565106
0 0.461849 0.348076 0.434540 0.563901
0 0.454313 0.345842 0.441571 0.578126
0 0.460487 0.349629 0.436075 0.560946
0 0.459377 0.347162 0.439788 0.579733
0 0.461058 0.347407 0.438621 0.560004
0 0.463609 0.345382 0.445093 0.581977
0 0.469989 0.349113 0.430989 0.569482
0 0.468480 0.352427 0.430627 0.585685
0 0.475111 0.353591 0.424160 0.598996
0 0.460855 0.343712 0.421260 0.576744
0 0.459514 0.347498 0.423328 0.557246
0 0.460059 0.349866 0.416819 0.564876
0 0.463327 0.347136 0.432481 0.561053
0 0.459317 0.344192 0.427099 0.562910
0 0.463194 0.346973 0.441657 0.553799
0 0.459471 0.345018 0.438928 0.558242
0 0.460096 0.341221 0.449347 0.557192
0 0.460728 0.341765 0.439235 0.562025
0 0.460154 0.343147 0.441059 0.551615
0 0.464032 0.346259 0.429903 0.551560
0 0.467037 0.344223 0.430845 0.549836
0 0.468646 0.342144 0.429777 0.564654
0 0.471061 0.342961 0.418323 0.563894
0 0.478036 0.347807 0.418282 0.580714
0 0.460985 0.352497 0.430892 0.578639
0 0.460247 0.355245 0.434523 0.564583
0 0.460414 0.355129 0.426143 0.576999
0 0.462218 0.352973 0.442748 0.578926
0 0.458804 0.353218 0.432622 0.582860
0 0.465133 0.351037 0.450481 0.579909
0 0.460262 0.350758 0.436139 0.574466
0 0.463161 0.353740 0.447521 0.583856
0 0.465517 0.357602 0.436658 0.580101
0 0.464905 0.350059 0.448511 0.588377
0 0.468658 0.352908 0.436197 0.580917
0 0.467361 0.346534 0.444034 0.568659
0 0.470519 0.342419 0.438506 0.574742
0 0.467335 0.339893 0.434124 0.562794
0 0.472813 0.352093 0.420621 0.579980
0 0.465858 0.346358 0.430701 0.566776
0 0.462299 0.353252 0.436885 0.554960
0 0.462783 0.350613 0.426269 0.563907
0 0.464325 0.350735 0.445974 0.562641
0 0.462562 0.350267 0.437422 0.566723
0 0.467162 0.352113 0.450948 0.571530
0 0.465581 0.358371 0.435637 0.563920
0 0.461081 0.350947 0.444625 0.560424
0 0.461784 0.356054 0.434044 0.547698
0 0.461347 0.349229 0.436955 0.575733
0 0.461142 0.355047 0.429403 0.567616
0 0.463713 0.347382 0.436750 0.567857
0 0.467677 0.344865 0.435071 0.570596
0 0.468613 0.337807 0.434366 0.568020
0 0.479052 0.351783 0.425852 0.575717
0 0.468216 0.349438 0.428442 0.563773
0 0.460869 0.354276 0.431301 0.551707
0 0.463425 0.346390 0.430973 0.567419
0 0.463597 0.354868 0.437373 0.554424
0 0.463530 0.353284 0.440632 0.565097
0 0.470028 0.350840 0.448314 0.561403
0 0.472512 0.357173 0.442445 0.563340
0 0.466144 0.352252 0.446930 0.568266
0 0.467545 0.359739 0.435898 0.559415
0 0.464543 0.349212 0.441987 0.576709
0 0.465847 0.351812 0.428985 0.562381
0 0.465182 0.350670 0.443358 0.572314
0 0.469207 0.346351 0.436169 0.566699
0 0.469094 0.341484 0.429302 0.574432
0 0.470755 0.352692 0.441134 0.562144
0 0.464362 0.357839 0.432759 0.553024
0 0.466658 0.356506 0.443370 0.570823
0 0.466119 0.354494 0.438592 0.560326
0 0.465866 0.355110 0.449411 0.582791
0 0.466058 0.351336 0.439796 0.568625
0 0.467147 0.355852 0.440946 0.566861
0 0.463361 0.352345 0.447804 0.584924
0 0.465394 0.351287 0.446897 0.578408
0 0.467872 0.355082 0.442451 0.575745
0 0.472202 0.347761 0.443517 0.578140
0 0.466601 0.345880 0.438009 0.571765
0 0.471279 0.360090 0.424633 0.548750
0 0.468773 0.357689 0.425204 0.549950
0 0.468772 0.360290 0.438989 0.558198
0 0.471844 0.385753 0.407186 0.510731