0 0.521470 0.302691 0.224636 0.332209
0 0.521408 0.307579 0.222414 0.320278
0 0.523086 0.307078 0.224557 0.321301
0 0.524004 0.307350 0.220446 0.318739
0 0.522797 0.307389 0.222096 0.321274
0 0.522128 0.308146 0.227664 0.321419
0 0.522274 0.307063 0.223002 0.320776
0 0.522063 0.303013 0.218971 0.313366
0 0.523644 0.303561 0.217605 0.314991
0 0.522205 0.304186 0.219926 0.314226
0 0.522824 0.305211 0.223978 0.314469
0 0.521556 0.305354 0.220824 0.315775
0 0.523511 0.306493 0.221191 0.307146
0 0.521438 0.303168 0.220980 0.312639
0 0.522585 0.303312 0.219339 0.318517
0 0.523794 0.303933 0.218753 0.316406
0 0.523937 0.304181 0.221419 0.315096
0 0.521001 0.304368 0.222475 0.318871
0 0.522830 0.305459 0.219230 0.307769
0 0.519845 0.303926 0.220817 0.312827
0 0.522057 0.302856 0.220382 0.314028
0 0.522075 0.304147 0.219869 0.319003
0 0.522169 0.302303 0.219632 0.316620
0 0.521361 0.303711 0.223428 0.315039
0 0.523136 0.306236 0.218378 0.302451
0 0.520228 0.303949 0.221096 0.309869
0 0.521892 0.302796 0.222311 0.311786
0 0.522972 0.303614 0.220554 0.309194
0 0.522436 0.302849 0.221810 0.307848
0 0.522960 0.304136 0.218091 0.308416
0 0.524102 0.306656 0.216086 0.305332
0 0.519982 0.306659 0.221759 0.305803
0 0.521554 0.304795 0.217847 0.312796
0 0.521822 0.302890 0.219475 0.315531
0 0.522900 0.302406 0.219764 0.309392
0 0.522862 0.302725 0.220588 0.313009
0 0.521140 0.304559 0.219486 0.314009
0 0.521633 0.303244 0.216693 0.311023
0 0.521848 0.301464 0.214067 0.310172
0 0.524134 0.304512 0.216134 0.315632
0 0.521222 0.306186 0.219244 0.319335
0 0.523635 0.306269 0.212535 0.312987
0 0.528797 0.304679 0.230576 0.324903
0 0.524917 0.304257 0.228980 0.325831
0 0.519433 0.300616 0.225459 0.320631
0 0.523550 0.310138 0.221230 0.323628
0 0.526296 0.304366 0.221789 0.317953
0 0.523674 0.306013 0.221348 0.320272
0 0.520067 0.306410 0.218274 0.316961
0 0.519067 0.299827 0.215815 0.318812
0 0.522391 0.303037 0.222404 0.318470
0 0.524738 0.305752 0.223873 0.318448
0 0.525884 0.306079 0.219103 0.313230
0 0.523484 0.308420 0.223105 0.315845
0 0.519456 0.304353 0.219125 0.319252
0 0.521425 0.309222 0.224872 0.314081
0 0.524411 0.306292 0.221886 0.318549
0 0.522877 0.304627 0.214326 0.310775
0 0.525347 0.303799 0.219291 0.317983
0 0.521148 0.308429 0.218120 0.317363