0 0.439927 0.376961 0.282312 0.373648
0 0.441032 0.374131 0.280469 0.374195
0 0.440809 0.372983 0.282264 0.385009
0 0.444613 0.371473 0.281666 0.383918
0 0.441775 0.372131 0.278860 0.384216
0 0.442097 0.371073 0.283158 0.373163
0 0.441663 0.370857 0.283359 0.381491
0 0.440878 0.369890 0.280031 0.378583
0 0.440526 0.371125 0.277863 0.372781
0 0.440855 0.369584 0.276264 0.377287
0 0.441864 0.368410 0.274053 0.376156
0 0.450940 0.378699 0.299711 0.416964
0 0.451164 0.376818 0.297015 0.413291
0 0.446470 0.370957 0.296989 0.390780
0 0.446461 0.371297 0.290370 0.392899
0 0.446009 0.371715 0.297076 0.385134
0 0.447014 0.372631 0.288734 0.389814
0 0.450922 0.370031 0.287218 0.390127
0 0.449216 0.373717 0.293550 0.391235
0 0.448255 0.376150 0.284947 0.381957
0 0.445247 0.371605 0.286626 0.381195
0 0.444348 0.370825 0.287626 0.385956
0 0.448772 0.371240 0.281826 0.390653
0 0.450303 0.378076 0.292188 0.394104
0 0.445514 0.372332 0.294273 0.391522
0 0.443505 0.372138 0.289559 0.384872
0 0.443997 0.367562 0.289625 0.387203
0 0.444711 0.368016 0.292632 0.393926
0 0.447365 0.370049 0.291520 0.395459
0 0.450511 0.376767 0.284806 0.394142
0 0.444176 0.369759 0.288304 0.397409
0 0.441165 0.371270 0.293347 0.385114
0 0.444772 0.367519 0.293116 0.393091
0 0.447723 0.367813 0.295778 0.387025
0 0.453571 0.369787 0.300691 0.397442
0 0.444579 0.370160 0.292835 0.396230
0 0.446658 0.372532 0.284274 0.384613
0 0.443267 0.371958 0.291037 0.391828
0 0.450156 0.369286 0.302846 0.391692