0 0.130823 0.361022 0.018302 0.021364
0 0.724420 0.356444 0.016901 0.020373
0 0.725233 0.356285 0.017675 0.020431
0 0.879075 0.357105 0.013776 0.017565
0 0.901343 0.359522 0.014675 0.018165
0 0.923164 0.352849 0.018306 0.022804
0 0.955123 0.362935 0.015794 0.018917
0 0.954924 0.364982 0.017551 0.020412
0 0.445532 0.142920 0.084310 0.107298
0 0.445600 0.141504 0.084660 0.108802
0 0.445467 0.143799 0.085211 0.108200
0 0.445475 0.142778 0.084959 0.110091
0 0.445852 0.142533 0.085623 0.109594
0 0.444259 0.144511 0.083684 0.110124
0 0.445243 0.142629 0.083783 0.108421
0 0.445748 0.142655 0.085191 0.108260
0 0.444778 0.146352 0.084310 0.112309