0 0.656199 0.262533 0.243899 0.347743
0 0.657738 0.264858 0.235715 0.345515
0 0.653467 0.265413 0.243775 0.344818
0 0.653117 0.269862 0.245408 0.347575
0 0.654187 0.269196 0.241565 0.348789
0 0.654676 0.268689 0.242817 0.346072
0 0.652892 0.267893 0.247122 0.342629
0 0.652637 0.268205 0.246161 0.337511
0 0.652235 0.267918 0.243186 0.339433
0 0.653742 0.268174 0.245465 0.339502
0 0.656464 0.266895 0.248052 0.340121
0 0.648475 0.269336 0.248308 0.325822
0 0.652938 0.265902 0.244540 0.336427
0 0.652427 0.264794 0.246762 0.336997
0 0.651990 0.266707 0.242708 0.327744
0 0.652987 0.267459 0.241265 0.328138
0 0.656659 0.267365 0.244448 0.329427
0 0.651275 0.270042 0.250018 0.319977
0 0.652573 0.265968 0.243392 0.330821
0 0.651617 0.264675 0.245138 0.330547
0 0.651173 0.266226 0.240266 0.325686
0 0.652861 0.266630 0.239087 0.321201
0 0.654494 0.268239 0.242318 0.316818
0 0.651686 0.269457 0.253755 0.319863
0 0.653053 0.264594 0.247413 0.331486
0 0.652133 0.264672 0.248069 0.327223
0 0.651710 0.265488 0.246356 0.321483
0 0.652191 0.266742 0.243814 0.319890
0 0.653971 0.269124 0.245977 0.320789
0 0.651964 0.270210 0.255943 0.315529
0 0.652043 0.263112 0.248450 0.325211
0 0.649523 0.264863 0.248747 0.322936
0 0.651020 0.265632 0.248203 0.320882
0 0.650773 0.266242 0.243449 0.322621
0 0.653717 0.269276 0.243735 0.318142
0 0.650856 0.265272 0.252866 0.321886
0 0.650776 0.262792 0.245464 0.318683
0 0.650631 0.263990 0.250959 0.319530
0 0.650692 0.264925 0.247737 0.322496
0 0.652050 0.265020 0.240320 0.321606
0 0.652682 0.264374 0.237852 0.318493
0 0.656734 0.267636 0.242348 0.318605
0 0.651673 0.268019 0.249871 0.341399
0 0.652508 0.268191 0.251893 0.339479
0 0.653253 0.266717 0.251069 0.334408
0 0.652741 0.265962 0.242889 0.329243
0 0.651762 0.264803 0.253987 0.342988
0 0.656247 0.271353 0.243005 0.331646
0 0.651679 0.269506 0.245835 0.331557
0 0.651856 0.267655 0.245731 0.325125
0 0.653893 0.268768 0.242476 0.326870
0 0.656393 0.263176 0.240870 0.334401
0 0.650202 0.265370 0.244990 0.334980
0 0.654170 0.268628 0.245536 0.335103
0 0.650899 0.267193 0.247737 0.334703
0 0.655238 0.268218 0.246047 0.330579
0 0.654106 0.265785 0.244719 0.327211
0 0.658304 0.264982 0.244821 0.330002
0 0.654380 0.270259 0.237871 0.329202
0 0.651171 0.268174 0.247368 0.328204
0 0.653509 0.267041 0.252190 0.330364
0 0.654420 0.265327 0.247746 0.329749
0 0.655576 0.270327 0.247835 0.339258
0 0.652901 0.276333 0.252394 0.324986
0 0.654414 0.268994 0.254062 0.325346
0 0.655395 0.272409 0.258561 0.335434
0 0.661804 0.270808 0.258229 0.324580