0 0.516368 0.221092 0.167420 0.231439
0 0.518628 0.219649 0.165943 0.234268
0 0.518103 0.223649 0.165622 0.230421
0 0.518344 0.223807 0.163649 0.224307
0 0.517391 0.223599 0.162230 0.222449
0 0.518392 0.220175 0.164077 0.228637
0 0.519276 0.222127 0.166068 0.227443
0 0.518983 0.223395 0.164398 0.227297
0 0.519287 0.224199 0.159915 0.227210
0 0.518413 0.222136 0.162484 0.223367
0 0.518973 0.223443 0.163606 0.227470
0 0.518392 0.224354 0.166872 0.227112
0 0.518388 0.224446 0.165245 0.228001
0 0.520350 0.225127 0.159462 0.226313
0 0.518588 0.222137 0.159441 0.222750
0 0.519542 0.222876 0.162134 0.223890
0 0.517870 0.222090 0.159654 0.223540
0 0.518647 0.225767 0.164749 0.224497
0 0.517611 0.225382 0.161265 0.223782
0 0.519062 0.225377 0.158915 0.224678
0 0.518786 0.223100 0.161275 0.226338
0 0.519095 0.222035 0.163964 0.225400
0 0.519591 0.224899 0.160270 0.225049
0 0.519198 0.227325 0.166213 0.226489
0 0.517674 0.225209 0.160949 0.224169
0 0.520039 0.224072 0.158952 0.222040
0 0.518248 0.225687 0.162519 0.224578
0 0.517073 0.224916 0.163211 0.223534
0 0.518859 0.226045 0.159326 0.226189
0 0.520009 0.224611 0.160986 0.220862
0 0.518023 0.224540 0.162438 0.223016
0 0.517945 0.227442 0.163471 0.220938
0 0.517521 0.229455 0.164362 0.219844