0 0.509265 0.354282 0.254793 0.359447
0 0.508289 0.356412 0.251108 0.360813
0 0.508743 0.354690 0.254351 0.358297
0 0.507365 0.356548 0.255714 0.354906
0 0.509062 0.357422 0.255434 0.355708
0 0.507907 0.359418 0.258127 0.363087
0 0.508178 0.359085 0.258526 0.355152
0 0.511251 0.356945 0.256400 0.346618
0 0.508268 0.358873 0.258423 0.351998
0 0.509123 0.359021 0.258431 0.354320
0 0.507804 0.361278 0.262940 0.360504
0 0.508470 0.361022 0.261605 0.358176
0 0.510503 0.361643 0.261949 0.352971
0 0.507833 0.359403 0.259408 0.352454
0 0.509387 0.358110 0.257873 0.354958
0 0.509481 0.360006 0.262675 0.356017
0 0.508379 0.360473 0.262652 0.354457
0 0.510972 0.361775 0.264036 0.349615
0 0.506792 0.358961 0.257827 0.351464
0 0.509522 0.358068 0.258846 0.355558
0 0.508832 0.358821 0.259280 0.354957
0 0.508649 0.360017 0.258705 0.354052
0 0.509864 0.361438 0.258409 0.347473
0 0.507144 0.356948 0.258808 0.349551
0 0.509914 0.356839 0.260331 0.353719
0 0.509632 0.358810 0.259353 0.353823
0 0.509852 0.359847 0.258629 0.349206
0 0.510525 0.360799 0.259227 0.347995
0 0.506390 0.355806 0.258107 0.355288
0 0.508203 0.355218 0.256705 0.358945
0 0.509315 0.357549 0.256752 0.357982
0 0.509991 0.357640 0.253434 0.358299
0 0.510460 0.358809 0.254304 0.351587
0 0.505455 0.359103 0.257408 0.356080
0 0.509214 0.355574 0.252188 0.358490
0 0.510463 0.358810 0.258553 0.355873
0 0.510481 0.358993 0.256424 0.358659
0 0.508693 0.361141 0.250260 0.370196
0 0.512124 0.360291 0.252081 0.371644
0 0.506435 0.361109 0.258576 0.354950
0 0.510233 0.360528 0.262646 0.351400
0 0.510802 0.361569 0.258737 0.351751
0 0.508737 0.360355 0.259963 0.349898
0 0.507465 0.356019 0.267808 0.364892
0 0.507466 0.363522 0.256653 0.354850
0 0.507063 0.359979 0.259961 0.358983
0 0.508940 0.359444 0.261754 0.359052
0 0.511501 0.359614 0.262555 0.356498
0 0.512208 0.356631 0.259399 0.352329
0 0.505453 0.359680 0.260886 0.356533
0 0.509194 0.362984 0.256036 0.359193
0 0.506615 0.361289 0.261245 0.362722
0 0.508794 0.359707 0.262848 0.364893
0 0.507101 0.359115 0.254520 0.356607
0 0.512208 0.358468 0.257369 0.361254
0 0.508823 0.365005 0.248170 0.356805
0 0.508520 0.360147 0.255917 0.360378
0 0.506644 0.360477 0.258575 0.359950
0 0.508547 0.357846 0.258379 0.359669
0 0.511289 0.362101 0.259808 0.368813
0 0.511713 0.361754 0.258651 0.367844
0 0.508856 0.365124 0.263714 0.363375
0 0.512836 0.365316 0.264774 0.355724