0 0.474875 0.377185 0.319628 0.463431
0 0.476023 0.379989 0.316790 0.457387
0 0.477144 0.378587 0.321183 0.467126
0 0.473858 0.371095 0.327974 0.453177
0 0.473591 0.380705 0.322937 0.438936
0 0.470953 0.380139 0.321108 0.450862
0 0.471462 0.379048 0.322670 0.447700
0 0.479416 0.375113 0.318455 0.461865
0 0.472343 0.375963 0.323262 0.444309
0 0.473273 0.377838 0.312285 0.434419
0 0.473922 0.374215 0.314414 0.423291
0 0.470752 0.375233 0.314723 0.430752
0 0.475333 0.379834 0.311499 0.426897
0 0.467009 0.379231 0.322833 0.429519
0 0.469814 0.376989 0.318015 0.441106
0 0.472722 0.375047 0.316125 0.436671
0 0.472175 0.373276 0.312673 0.429807
0 0.469824 0.376358 0.312639 0.431289
0 0.476847 0.376172 0.311072 0.442229
0 0.481266 0.380978 0.317483 0.451577
0 0.471007 0.372914 0.318311 0.444397
0 0.472766 0.374418 0.317555 0.435468
0 0.468130 0.376439 0.314722 0.427349
0 0.473540 0.375019 0.312088 0.416903
0 0.475908 0.377405 0.313581 0.437260
0 0.471452 0.376128 0.317493 0.451400
0 0.469746 0.377740 0.329316 0.437084
0 0.470970 0.375938 0.317865 0.435825
0 0.472378 0.377154 0.316914 0.433329
0 0.482326 0.378944 0.319759 0.459950
0 0.474456 0.376204 0.337805 0.459945
0 0.476262 0.376936 0.329624 0.458184
0 0.476728 0.378925 0.332012 0.449975