0 0.590409 0.266875 0.283509 0.364937
0 0.589797 0.267583 0.286937 0.359766
0 0.591413 0.270931 0.289050 0.363669
0 0.590235 0.270001 0.287457 0.365193
0 0.591172 0.270309 0.282526 0.364739
0 0.592708 0.269556 0.283588 0.364373
0 0.591532 0.268157 0.285240 0.367548
0 0.591275 0.267488 0.286790 0.362629
0 0.592071 0.269128 0.284146 0.369335
0 0.591552 0.269259 0.284348 0.369833
0 0.591559 0.269352 0.285061 0.367447
0 0.595486 0.270484 0.292649 0.400483
0 0.595127 0.269503 0.286946 0.397624
0 0.598008 0.269428 0.290797 0.380619
0 0.594417 0.270485 0.289049 0.380396
0 0.592033 0.270714 0.294660 0.378205
0 0.593762 0.271304 0.292514 0.385814
0 0.599493 0.265350 0.296375 0.383208
0 0.598845 0.270800 0.292331 0.379644
0 0.597336 0.271715 0.289020 0.373217
0 0.592536 0.269287 0.290463 0.374745
0 0.594034 0.269976 0.293204 0.371364
0 0.595229 0.265964 0.296593 0.382281
0 0.598194 0.269899 0.298796 0.387259
0 0.595492 0.269401 0.295511 0.379853
0 0.595814 0.271187 0.287653 0.377369
0 0.592427 0.268335 0.290988 0.380549
0 0.591506 0.268702 0.293216 0.386047
0 0.591834 0.268993 0.295323 0.383581
0 0.597881 0.271511 0.289342 0.381635
0 0.595174 0.267634 0.294273 0.386605
0 0.595273 0.269918 0.299569 0.386253
0 0.593146 0.266112 0.299241 0.381409
0 0.593630 0.269511 0.291899 0.379737
0 0.594669 0.270197 0.299826 0.387780
0 0.592730 0.270685 0.292768 0.377917
0 0.594471 0.270368 0.288779 0.378380
0 0.593603 0.269457 0.291052 0.388234
0 0.594346 0.267878 0.294676 0.391444