0 0.492334 0.354733 0.334993 0.500328
0 0.496472 0.357103 0.333377 0.505127
0 0.493724 0.359399 0.325811 0.489787
0 0.491994 0.358911 0.321752 0.494119
0 0.493804 0.358528 0.328621 0.492535
0 0.494267 0.352901 0.331085 0.498064
0 0.495201 0.350689 0.324307 0.481062
0 0.494895 0.357399 0.331325 0.479755
0 0.496826 0.355682 0.327622 0.481974
0 0.495228 0.352792 0.332531 0.477608
0 0.495104 0.353217 0.331392 0.478291
0 0.499222 0.350466 0.333775 0.487683
0 0.496033 0.353887 0.330693 0.477578
0 0.496962 0.354838 0.331013 0.480738
0 0.500359 0.352875 0.323762 0.476483
0 0.499108 0.350477 0.331990 0.467141
0 0.494181 0.348383 0.332601 0.467344
0 0.497614 0.352157 0.333235 0.468411
0 0.495397 0.350535 0.330967 0.468737
0 0.499299 0.350367 0.335603 0.473964
0 0.500543 0.353369 0.330893 0.475210
0 0.496921 0.354550 0.339147 0.466536
0 0.496314 0.349137 0.338647 0.464881
0 0.498798 0.348290 0.343158 0.479138
0 0.493692 0.349949 0.331849 0.472327
0 0.496324 0.351384 0.339533 0.484083
0 0.501919 0.349347 0.339327 0.483449
0 0.498086 0.349486 0.344415 0.478131
0 0.498148 0.347423 0.348834 0.479406
0 0.503229 0.348555 0.345088 0.481219
0 0.496809 0.356525 0.337163 0.464681
0 0.497365 0.353167 0.342213 0.475086
0 0.496585 0.351399 0.340572 0.478364
0 0.495226 0.351335 0.346319 0.481642
0 0.499297 0.356687 0.340410 0.474451
0 0.498709 0.357059 0.335470 0.478082