0 0.491581 0.387470 0.300284 0.356791
0 0.489646 0.389794 0.305092 0.360764
0 0.489994 0.391253 0.304893 0.354917
0 0.490332 0.389120 0.305530 0.348303
0 0.491744 0.390751 0.300397 0.357581
0 0.488495 0.391240 0.301119 0.355633
0 0.491647 0.392305 0.300469 0.357749
0 0.490579 0.388905 0.310142 0.359223
0 0.488930 0.391766 0.314685 0.366377
0 0.490192 0.394112 0.312562 0.361518
0 0.492353 0.390038 0.312391 0.369735
0 0.493961 0.390188 0.314122 0.365983
0 0.489355 0.394259 0.314135 0.370705
0 0.489102 0.393597 0.310866 0.378013
0 0.492732 0.394654 0.308982 0.371653
0 0.494514 0.400278 0.315707 0.366837
0 0.499261 0.393243 0.317705 0.378519
0 0.489482 0.395598 0.313196 0.375707
0 0.491505 0.396232 0.308364 0.376247
0 0.491855 0.398649 0.307488 0.371992
0 0.491318 0.396343 0.308893 0.373148
0 0.491545 0.396796 0.305522 0.378662
0 0.498028 0.399483 0.311885 0.373806
0 0.489108 0.395059 0.309485 0.383741
0 0.490730 0.401154 0.306787 0.382340
0 0.490928 0.394709 0.311764 0.386844
0 0.490121 0.395616 0.305594 0.380898
0 0.489273 0.399391 0.306606 0.380405
0 0.493015 0.402572 0.311295 0.392111
0 0.488115 0.396582 0.301221 0.382573
0 0.488691 0.398471 0.295867 0.382193
0 0.489285 0.397106 0.301873 0.389353
0 0.488842 0.398046 0.300297 0.393130
0 0.492173 0.401608 0.298050 0.410485
0 0.491587 0.398501 0.300136 0.398086
0 0.489390 0.400228 0.295537 0.402199
0 0.493608 0.407984 0.306640 0.421141