0 0.323242 0.155874 0.121163 0.173572
0 0.323448 0.154495 0.119884 0.169418
0 0.323698 0.154831 0.121241 0.170060
0 0.324527 0.154254 0.120036 0.168327
0 0.323087 0.154361 0.121387 0.166376
0 0.323855 0.154743 0.120880 0.165877
0 0.323542 0.155650 0.121518 0.177891
0 0.323202 0.156963 0.118808 0.170456
0 0.323235 0.155145 0.120525 0.167237
0 0.323469 0.155361 0.119148 0.166965
0 0.323617 0.155402 0.121884 0.167383
0 0.323304 0.155107 0.119615 0.165081
0 0.323480 0.155754 0.120007 0.165161
0 0.325396 0.153711 0.120930 0.175002
0 0.322780 0.157107 0.119632 0.177075
0 0.324249 0.156506 0.118245 0.172390
0 0.323353 0.155259 0.120241 0.171358
0 0.323425 0.156511 0.117968 0.172277
0 0.324091 0.154712 0.121534 0.170338
0 0.324437 0.155734 0.118966 0.167444
0 0.323535 0.155377 0.118636 0.166789
0 0.325987 0.156116 0.119609 0.171641
0 0.322933 0.157080 0.118868 0.169799
0 0.323535 0.155576 0.120096 0.171238
0 0.323015 0.156506 0.118862 0.169550
0 0.323584 0.155114 0.122013 0.172555
0 0.323663 0.157440 0.119207 0.170258
0 0.324167 0.156854 0.120258 0.168657