0 0.672299 0.239289 0.192242 0.295895
0 0.672209 0.237315 0.189715 0.274881
0 0.673164 0.239440 0.192314 0.266656
0 0.673096 0.240066 0.194018 0.265660
0 0.676630 0.237628 0.195617 0.275973
0 0.670211 0.236332 0.189585 0.272309
0 0.672818 0.238311 0.191775 0.265928
0 0.672479 0.238232 0.194706 0.269898
0 0.673513 0.236811 0.195697 0.267550
0 0.673379 0.237864 0.193609 0.268487
0 0.677547 0.236836 0.199827 0.272934
0 0.671616 0.237060 0.190165 0.274926
0 0.670261 0.238199 0.191661 0.274177
0 0.673544 0.240055 0.196776 0.276237
0 0.671817 0.238959 0.197568 0.271550
0 0.672211 0.239713 0.194823 0.272231
0 0.675755 0.242964 0.195215 0.265688
0 0.671319 0.237565 0.189775 0.279201
0 0.673662 0.237072 0.191106 0.275229
0 0.674455 0.239204 0.194238 0.276894
0 0.673912 0.239026 0.195707 0.270121
0 0.673979 0.239328 0.194384 0.270500
0 0.676296 0.242207 0.192814 0.265914
0 0.671429 0.238213 0.193090 0.277186
0 0.672099 0.239694 0.192024 0.269786
0 0.672497 0.240501 0.190098 0.271792
0 0.674639 0.239814 0.189601 0.269972
0 0.674050 0.239959 0.190916 0.272355
0 0.677614 0.239777 0.187043 0.270384
0 0.668378 0.241476 0.191709 0.274760
0 0.671606 0.240622 0.189460 0.278023
0 0.672457 0.241437 0.191244 0.275628
0 0.674047 0.240659 0.189420 0.275287
0 0.673515 0.239947 0.188958 0.278899
0 0.679095 0.241372 0.188374 0.272203
0 0.669402 0.241520 0.185850 0.276450
0 0.672182 0.239591 0.189831 0.274946
0 0.671923 0.238682 0.189555 0.276657
0 0.675323 0.241342 0.188082 0.280045
0 0.672744 0.238769 0.191276 0.287313
0 0.675488 0.237990 0.190389 0.287402