0 0.397595 0.288257 0.193356 0.301138
0 0.402507 0.287286 0.195896 0.300179
0 0.397378 0.286487 0.191293 0.291370
0 0.399356 0.287570 0.191482 0.289236
0 0.401624 0.287790 0.192852 0.283992
0 0.405323 0.286371 0.193249 0.287188
0 0.393520 0.284971 0.187253 0.286744
0 0.399401 0.287182 0.188712 0.282191
0 0.399257 0.286379 0.190870 0.288041
0 0.400982 0.285993 0.190604 0.283726
0 0.401915 0.285388 0.191834 0.285124
0 0.405399 0.288275 0.196648 0.292967
0 0.394387 0.285644 0.187653 0.288885
0 0.400184 0.286666 0.191665 0.294337
0 0.400628 0.284996 0.192688 0.301312
0 0.401667 0.285027 0.193602 0.298796
0 0.400796 0.284575 0.191582 0.297502
0 0.403493 0.290159 0.196094 0.295150
0 0.395578 0.286248 0.186070 0.290767
0 0.401754 0.285152 0.189039 0.294205
0 0.401947 0.284199 0.192725 0.296820
0 0.402173 0.283930 0.190634 0.296691
0 0.402013 0.283706 0.192123 0.297491
0 0.403891 0.287631 0.196615 0.295769
0 0.397090 0.286478 0.189400 0.289104
0 0.401114 0.285969 0.195123 0.293316
0 0.401814 0.284273 0.192895 0.284433
0 0.403296 0.284271 0.190654 0.291581
0 0.403114 0.284706 0.193287 0.301889
0 0.405448 0.286425 0.198507 0.299175
0 0.401048 0.287140 0.194280 0.292111
0 0.402955 0.286125 0.193598 0.293655
0 0.403740 0.285600 0.195365 0.296337
0 0.403538 0.287829 0.193893 0.303852
0 0.405920 0.290237 0.194440 0.304020
0 0.399747 0.290353 0.191601 0.290063
0 0.403224 0.288075 0.189917 0.290926
0 0.404280 0.287394 0.192750 0.295385
0 0.404133 0.290777 0.191211 0.295931
0 0.401595 0.290336 0.190901 0.293439
0 0.404770 0.289058 0.193162 0.297347
0 0.399632 0.290650 0.198416 0.303032
0 0.403012 0.287982 0.202352 0.309188
0 0.400674 0.291629 0.199724 0.312701
0 0.403747 0.286181 0.197364 0.308150
0 0.404054 0.287561 0.199743 0.309053
0 0.405533 0.293115 0.197527 0.310589
0 0.401057 0.289720 0.196604 0.309918
0 0.404474 0.289941 0.195477 0.310748