0 0.913565 0.088913 0.055515 0.082078
0 0.913740 0.089132 0.056306 0.081525
0 0.913297 0.091249 0.055991 0.082812
0 0.914059 0.090665 0.056851 0.083070
0 0.912980 0.090769 0.055995 0.083045
0 0.913711 0.090971 0.056503 0.083648
0 0.912477 0.091013 0.056299 0.083349
0 0.913457 0.089963 0.055194 0.083496
0 0.776968 0.139851 0.050453 0.071400
0 0.776625 0.141820 0.049658 0.070274
0 0.777126 0.141576 0.049620 0.068750
0 0.777545 0.140742 0.049454 0.068481
0 0.776990 0.141866 0.049495 0.069973
0 0.776844 0.141921 0.048437 0.070584
0 0.777564 0.142530 0.048953 0.068532
0 0.776956 0.142265 0.049658 0.070227
0 0.776898 0.142008 0.047471 0.070578
0 0.913825 0.088925 0.053892 0.081727
0 0.913448 0.088855 0.053907 0.080040
0 0.914425 0.088508 0.054097 0.080025
0 0.369866 0.323739 0.260735 0.380857
0 0.373110 0.323095 0.268499 0.377974
0 0.373314 0.323639 0.266094 0.372835
0 0.374535 0.322248 0.271349 0.372201
0 0.371698 0.325527 0.263257 0.368427
0 0.372981 0.323200 0.273288 0.368952
0 0.371957 0.323013 0.269482 0.359831
0 0.372350 0.325587 0.272501 0.360867
0 0.371756 0.325940 0.263487 0.368326
0 0.371746 0.322883 0.271863 0.375255
0 0.371846 0.321487 0.269445 0.364897
0 0.370990 0.324329 0.274127 0.361872
0 0.370084 0.324392 0.259907 0.377856
0 0.373008 0.321899 0.270511 0.376543
0 0.371736 0.322565 0.266757 0.368603
0 0.370513 0.324778 0.269134 0.365558
0 0.369050 0.323401 0.259756 0.372005
0 0.372307 0.322727 0.263460 0.371651
0 0.370402 0.323404 0.261029 0.364626
0 0.371165 0.323368 0.267501 0.361286
0 0.369202 0.323524 0.259605 0.365555
0 0.370650 0.323543 0.261393 0.361426
0 0.371435 0.323559 0.259980 0.358135
0 0.372882 0.321524 0.265675 0.355480
0 0.367940 0.323391 0.257677 0.361966
0 0.370390 0.321733 0.258759 0.358848
0 0.371308 0.321895 0.259731 0.356901
0 0.374183 0.322118 0.264586 0.354918
0 0.367982 0.324527 0.255165 0.367873
0 0.369644 0.321756 0.256487 0.365021
0 0.370979 0.320564 0.260898 0.360647
0 0.374258 0.313427 0.276507 0.387128
0 0.379459 0.323141 0.272060 0.366559
0 0.378345 0.321704 0.265621 0.361220
0 0.377167 0.319968 0.270767 0.362066
0 0.374891 0.324525 0.276358 0.372321
0 0.374846 0.324537 0.269061 0.363636
0 0.377372 0.324920 0.263621 0.355179
0 0.376596 0.321383 0.264642 0.353670
0 0.376919 0.324430 0.267080 0.354431
0 0.366243 0.324518 0.277128 0.380782
0 0.372592 0.325977 0.274254 0.368866
0 0.370306 0.322106 0.269292 0.365265
0 0.374103 0.321526 0.263657 0.359863
0 0.376981 0.319617 0.266624 0.361615
0 0.374620 0.324229 0.265516 0.354310
0 0.369830 0.321444 0.266806 0.367567
0 0.369876 0.320878 0.268900 0.364224
0 0.370305 0.324869 0.266537 0.364127
0 0.376867 0.323916 0.270334 0.357370
0 0.377000 0.322703 0.261777 0.356270
0 0.366585 0.328060 0.273010 0.376840
0 0.371061 0.323908 0.264537 0.364207
0 0.375485 0.327095 0.261242 0.363233
0 0.374694 0.327553 0.261394 0.359258