0 0.589950 0.395416 0.443207 0.637473
0 0.585374 0.401033 0.445684 0.629113
0 0.584873 0.394620 0.436939 0.633980
0 0.595382 0.389429 0.429917 0.631445
0 0.595542 0.397434 0.451328 0.623704
0 0.588838 0.396865 0.444692 0.622767
0 0.596403 0.404464 0.443408 0.617251
0 0.593869 0.400480 0.452557 0.634982
0 0.592458 0.397995 0.450057 0.628330
0 0.587514 0.403011 0.456771 0.629184
0 0.581703 0.403790 0.454830 0.627323
0 0.587179 0.397117 0.451576 0.621419
0 0.586803 0.398819 0.455710 0.632026
0 0.588494 0.399966 0.444224 0.615993
0 0.586649 0.406797 0.451204 0.629604
0 0.595905 0.402959 0.443575 0.633091
0 0.592355 0.396905 0.447101 0.634734
0 0.591127 0.404641 0.464251 0.627783
0 0.590355 0.409813 0.450494 0.617958
0 0.592011 0.403320 0.452260 0.611215
0 0.594144 0.406334 0.447494 0.615439
0 0.590302 0.403527 0.465346 0.617563
0 0.587505 0.401210 0.464871 0.624286
0 0.586302 0.403415 0.463860 0.618049
0 0.583906 0.402552 0.461382 0.621274
0 0.586040 0.395562 0.466911 0.617440
0 0.587369 0.400201 0.462728 0.618521
0 0.587579 0.396838 0.455603 0.617328
0 0.585379 0.402824 0.452721 0.623686
0 0.594309 0.394432 0.451957 0.601048
0 0.587667 0.401579 0.460037 0.627363
0 0.587535 0.401560 0.448661 0.622407
0 0.593489 0.405190 0.474067 0.615207
0 0.585598 0.403887 0.449301 0.617334
0 0.590146 0.403463 0.462552 0.612691
0 0.592412 0.404522 0.455482 0.621304
0 0.588280 0.401770 0.462746 0.627624
0 0.585571 0.405418 0.457933 0.639196
0 0.589634 0.402389 0.462472 0.633733
0 0.590694 0.407619 0.457040 0.637888
0 0.586353 0.402909 0.465465 0.633976
0 0.588757 0.406460 0.453680 0.626783
0 0.587984 0.398904 0.458676 0.632772
0 0.588132 0.403556 0.447057 0.634002
0 0.588620 0.398205 0.454987 0.590843
0 0.584515 0.402964 0.458808 0.609487
0 0.584042 0.396765 0.458500 0.599059
0 0.576503 0.390654 0.470959 0.623156
0 0.594940 0.407866 0.490334 0.623585
0 0.583074 0.401617 0.452097 0.625066
0 0.588974 0.405014 0.472487 0.616039
0 0.594282 0.402737 0.459966 0.620452
0 0.586814 0.398278 0.468225 0.628039
0 0.585959 0.404428 0.456478 0.626588
0 0.587691 0.399590 0.464456 0.631787
0 0.588203 0.406253 0.450653 0.620724
0 0.585126 0.399196 0.464933 0.640585
0 0.584700 0.404952 0.446260 0.620198
0 0.585009 0.395317 0.457025 0.632745
0 0.583330 0.396110 0.443427 0.625699
0 0.589034 0.401758 0.455162 0.599847
0 0.582012 0.400755 0.452210 0.613738
0 0.583518 0.396983 0.465200 0.613162
0 0.592294 0.408644 0.474595 0.609714
0 0.581387 0.407399 0.444606 0.598076
0 0.590215 0.409128 0.475899 0.586838
0 0.597281 0.410006 0.470510 0.594737
0 0.588256 0.400375 0.464964 0.609311
0 0.590330 0.406461 0.460999 0.611054
0 0.588859 0.402349 0.463136 0.619125
0 0.591709 0.404445 0.454309 0.619098
0 0.588267 0.402096 0.451861 0.624911
0 0.587227 0.401013 0.442530 0.619615
0 0.586258 0.403786 0.458876 0.620671
0 0.585479 0.398804 0.443628 0.617462
0 0.588631 0.408647 0.463688 0.609325
0 0.581979 0.402923 0.451538 0.619227
0 0.581945 0.400735 0.472601 0.612959
0 0.579575 0.413606 0.443990 0.603734
0 0.589026 0.409950 0.469840 0.593867
0 0.593305 0.407032 0.474376 0.615382
0 0.590774 0.402436 0.464987 0.614562
0 0.590785 0.407780 0.468190 0.624714
0 0.590177 0.406801 0.456308 0.622339
0 0.590051 0.411002 0.458941 0.629289
0 0.590945 0.405710 0.460259 0.628289
0 0.591030 0.406428 0.454678 0.623733
0 0.589657 0.407752 0.458566 0.619166
0 0.592623 0.402518 0.452592 0.623406
0 0.581211 0.411344 0.461625 0.609924
0 0.578206 0.414441 0.486350 0.612446
0 0.600889 0.420025 0.469622 0.602190
0 0.593443 0.413822 0.458396 0.604607
0 0.594794 0.416698 0.471450 0.623000
0 0.592732 0.410028 0.446167 0.609021
0 0.588831 0.415513 0.454594 0.609669
0 0.593533 0.408033 0.450795 0.627929
0 0.597991 0.406870 0.460308 0.623539
0 0.593607 0.420036 0.445694 0.613560
0 0.597710 0.412157 0.455189 0.621383
0 0.580631 0.422328 0.478221 0.617450
0 0.588703 0.433381 0.442292 0.589119
0 0.588193 0.439740 0.447548 0.589784