0 0.546546 0.389822 0.205343 0.277496
0 0.548969 0.387260 0.201412 0.269576
0 0.547541 0.389308 0.206682 0.276627
0 0.547622 0.392670 0.204377 0.276530
0 0.548099 0.392488 0.208815 0.276519
0 0.549248 0.388898 0.204432 0.278386
0 0.544941 0.388392 0.205746 0.284380
0 0.548184 0.393217 0.206054 0.281740
0 0.547801 0.394960 0.207084 0.285398
0 0.547574 0.394368 0.208613 0.284008
0 0.547654 0.392970 0.207432 0.286684
0 0.550940 0.390867 0.203469 0.282872
0 0.546869 0.391630 0.205605 0.284564
0 0.548704 0.393967 0.208830 0.287094
0 0.548412 0.395627 0.208430 0.288551
0 0.547118 0.393614 0.208451 0.289949
0 0.548005 0.393521 0.209821 0.290372
0 0.548882 0.392430 0.205285 0.283413
0 0.548454 0.391685 0.205325 0.285693
0 0.548025 0.393107 0.207887 0.284981
0 0.548651 0.394847 0.206931 0.285693
0 0.548769 0.394588 0.208653 0.291396
0 0.549168 0.394432 0.208806 0.285736
0 0.549207 0.391888 0.207094 0.284994
0 0.547648 0.391921 0.205341 0.285762
0 0.548262 0.392377 0.207716 0.286791
0 0.549844 0.394774 0.206092 0.285883
0 0.548137 0.394104 0.206536 0.292586
0 0.548328 0.393234 0.204771 0.292088
0 0.550488 0.391464 0.205818 0.286342
0 0.548301 0.393248 0.209490 0.284890
0 0.548801 0.393478 0.207856 0.286292
0 0.549084 0.393143 0.207876 0.287486
0 0.548172 0.393051 0.207281 0.292848
0 0.547692 0.393265 0.209883 0.297207
0 0.551117 0.394736 0.202307 0.287660
0 0.548776 0.393410 0.207225 0.291596
0 0.548575 0.393062 0.209820 0.291807
0 0.547601 0.392169 0.208920 0.290312
0 0.548012 0.393918 0.204907 0.295075
0 0.549076 0.392969 0.204144 0.286274
0 0.548252 0.393742 0.203159 0.289025
0 0.547406 0.396110 0.210358 0.294625
0 0.548715 0.393728 0.209492 0.298001
0 0.548809 0.395611 0.208620 0.294696
0 0.548622 0.393652 0.210345 0.298675
0 0.548316 0.394354 0.209757 0.294532
0 0.547261 0.393718 0.208998 0.295412
0 0.548496 0.392730 0.208803 0.292163
0 0.547492 0.393369 0.209514 0.297067