0 0.583442 0.471034 0.278917 0.380065
0 0.582441 0.474204 0.289326 0.416609
0 0.581466 0.472553 0.290689 0.419568
0 0.579979 0.468006 0.288928 0.425930
0 0.583732 0.478257 0.282794 0.401361
0 0.584972 0.476572 0.286544 0.399423
0 0.582399 0.475140 0.288751 0.406321
0 0.580433 0.470541 0.290796 0.406562
0 0.586331 0.472397 0.287164 0.400486
0 0.587458 0.474128 0.281002 0.394802
0 0.587758 0.472625 0.284687 0.395104
0 0.582847 0.474205 0.285140 0.396672
0 0.580438 0.468859 0.288519 0.398181
0 0.585396 0.466829 0.283711 0.407963
0 0.585031 0.470945 0.291377 0.397274
0 0.584319 0.471148 0.287303 0.398931
0 0.584317 0.469593 0.286371 0.400803
0 0.578827 0.472633 0.285196 0.396245
0 0.581187 0.469560 0.286073 0.397026
0 0.584725 0.469456 0.286560 0.401506
0 0.583466 0.470161 0.293483 0.392538
0 0.584090 0.471236 0.291441 0.399620
0 0.579331 0.469418 0.291615 0.401633
0 0.579550 0.468267 0.286422 0.401598
0 0.584096 0.469886 0.294610 0.405527
0 0.582153 0.468253 0.288499 0.398492
0 0.580792 0.467172 0.285086 0.401397
0 0.579563 0.468124 0.285791 0.403326
0 0.583380 0.467584 0.289193 0.404289
0 0.582314 0.473198 0.308490 0.393493