0 0.487914 0.417802 0.306170 0.430805
0 0.494082 0.425738 0.309192 0.428525
0 0.492870 0.422317 0.312709 0.436722
0 0.501205 0.411097 0.304433 0.442886
0 0.486931 0.411652 0.304254 0.421547
0 0.491581 0.418535 0.307761 0.411812
0 0.497548 0.422498 0.302505 0.422112
0 0.499648 0.422804 0.303860 0.430537
0 0.497169 0.417174 0.302611 0.432626
0 0.491311 0.413722 0.300368 0.410197
0 0.493719 0.413436 0.301616 0.417953
0 0.496783 0.417630 0.305836 0.431898
0 0.496667 0.416127 0.309546 0.429594
0 0.493202 0.415669 0.303577 0.430870
0 0.497988 0.412306 0.309422 0.430323
0 0.488818 0.415326 0.293671 0.405376
0 0.493337 0.417351 0.307285 0.417806
0 0.491984 0.421664 0.310226 0.425014
0 0.497271 0.417635 0.310872 0.425627
0 0.495912 0.416564 0.307956 0.427595
0 0.495884 0.417395 0.310311 0.429428
0 0.486871 0.417555 0.296154 0.409723
0 0.493217 0.421158 0.301059 0.418231
0 0.497029 0.417344 0.306242 0.421261
0 0.496369 0.416520 0.308671 0.425158
0 0.496745 0.417762 0.315915 0.429215
0 0.498097 0.418038 0.317233 0.436772
0 0.492586 0.426333 0.300903 0.411647
0 0.499480 0.421883 0.302758 0.414212
0 0.497766 0.415670 0.309171 0.419436
0 0.498232 0.417514 0.311751 0.422399
0 0.495614 0.415924 0.314539 0.426589
0 0.499482 0.417444 0.315860 0.431607