0 0.512766 0.193691 0.117129 0.168519
0 0.512564 0.193744 0.117827 0.165413
0 0.513055 0.195774 0.117568 0.165115
0 0.512891 0.196320 0.117190 0.163075
0 0.512301 0.196676 0.117449 0.165103
0 0.513857 0.195173 0.116991 0.163925
0 0.512880 0.196031 0.117063 0.163783
0 0.513246 0.195563 0.117800 0.168074
0 0.513614 0.196451 0.118192 0.165555
0 0.512082 0.196818 0.117857 0.160019
0 0.512080 0.197001 0.119132 0.165549
0 0.513091 0.195934 0.118499 0.164717
0 0.512413 0.196096 0.118708 0.165757
0 0.513805 0.197046 0.118830 0.163091
0 0.513835 0.196664 0.117533 0.164127
0 0.511893 0.195938 0.119135 0.165945
0 0.513863 0.197164 0.116561 0.166306
0 0.512508 0.195936 0.117840 0.161127
0 0.512657 0.196662 0.118548 0.164469
0 0.513301 0.195408 0.119085 0.166706
0 0.513126 0.197627 0.117401 0.164201
0 0.513647 0.196011 0.119507 0.164068
0 0.513217 0.197102 0.117286 0.162552
0 0.512691 0.197115 0.116841 0.162624
0 0.513121 0.197913 0.119311 0.164167
0 0.513772 0.195858 0.117124 0.165113
0 0.513067 0.197900 0.118037 0.163690
0 0.514435 0.198146 0.120115 0.164426
0 0.512206 0.197414 0.118936 0.163597
0 0.514366 0.201614 0.118678 0.166954