0 0.530750 0.372073 0.347714 0.496006
0 0.529703 0.367371 0.345681 0.466226
0 0.529068 0.368855 0.347228 0.459810
0 0.527798 0.365473 0.350818 0.460144
0 0.530014 0.358865 0.355474 0.475636
0 0.531326 0.367011 0.358422 0.470713
0 0.530061 0.369118 0.358239 0.478580
0 0.529858 0.366500 0.361205 0.474436
0 0.529905 0.365373 0.358559 0.475600
0 0.524362 0.361294 0.354994 0.470694
0 0.534029 0.362828 0.360131 0.476005
0 0.531548 0.366496 0.363480 0.481924
0 0.531416 0.368555 0.355042 0.483259
0 0.532362 0.364351 0.363609 0.477824
0 0.528916 0.363019 0.356350 0.469366
0 0.534819 0.361281 0.342085 0.465285
0 0.524629 0.368169 0.355457 0.466248
0 0.532362 0.363181 0.362799 0.474856
0 0.530193 0.364630 0.356725 0.482135
0 0.530424 0.363857 0.355600 0.483491
0 0.532520 0.365795 0.358514 0.479963
0 0.529350 0.362903 0.359267 0.477978
0 0.532880 0.362101 0.349488 0.472846
0 0.529484 0.365161 0.357777 0.482148
0 0.531795 0.367420 0.357627 0.488780
0 0.532175 0.363673 0.354075 0.482920
0 0.533974 0.365441 0.364188 0.482903
0 0.534422 0.362946 0.361179 0.481400
0 0.536282 0.364620 0.351534 0.481533
0 0.532737 0.372959 0.358487 0.484898
0 0.532546 0.372817 0.359429 0.483425
0 0.531878 0.365904 0.357080 0.483423
0 0.534345 0.367806 0.356916 0.490709
0 0.531774 0.366301 0.354769 0.497382
0 0.535133 0.366751 0.346025 0.486099
0 0.531213 0.364083 0.349803 0.503448
0 0.530954 0.365374 0.351793 0.506182