0 0.458281 0.434696 0.259908 0.345473
0 0.464202 0.438543 0.266894 0.345867
0 0.463969 0.438816 0.272569 0.351772
0 0.463188 0.440392 0.270650 0.350420
0 0.466249 0.439979 0.270276 0.356216
0 0.463534 0.441871 0.264477 0.344821
0 0.466057 0.443661 0.268439 0.348603
0 0.464052 0.442728 0.270167 0.351463
0 0.464373 0.441452 0.272798 0.346945
0 0.465858 0.443939 0.272937 0.347038
0 0.465053 0.442636 0.269013 0.344037
0 0.465568 0.441215 0.268409 0.346171
0 0.464972 0.441931 0.269785 0.346509
0 0.464616 0.440871 0.270159 0.346968
0 0.464892 0.442598 0.269396 0.344563
0 0.466620 0.443383 0.269147 0.335331
0 0.464549 0.441257 0.269699 0.345481
0 0.465963 0.440155 0.270677 0.349045
0 0.463545 0.439996 0.270474 0.351032
0 0.463765 0.441778 0.270408 0.351849
0 0.466088 0.439679 0.265074 0.336358
0 0.465481 0.439225 0.264091 0.345004
0 0.465796 0.438780 0.267877 0.348369
0 0.465445 0.438716 0.265743 0.348493
0 0.465084 0.439272 0.269273 0.348267
0 0.464314 0.438343 0.266155 0.339742
0 0.465758 0.438149 0.262686 0.348635
0 0.466584 0.437422 0.262891 0.350443
0 0.466951 0.439563 0.262714 0.349948
0 0.468098 0.440076 0.268879 0.349972
0 0.461389 0.440138 0.259744 0.337310
0 0.465882 0.437019 0.256803 0.350433
0 0.467278 0.436273 0.260846 0.352200
0 0.466414 0.437111 0.262656 0.353251
0 0.470114 0.440166 0.267269 0.356761
0 0.465325 0.439304 0.255125 0.359118
0 0.467771 0.438311 0.258518 0.355690
0 0.468778 0.439520 0.261147 0.361548
0 0.466649 0.444704 0.273041 0.357902
0 0.467969 0.444046 0.271377 0.362788
0 0.469894 0.442169 0.271994 0.364307
0 0.468577 0.441740 0.267408 0.349693
0 0.465212 0.441449 0.266730 0.340127
0 0.465501 0.441796 0.266088 0.345788
0 0.466577 0.441299 0.267561 0.348255
0 0.470438 0.439801 0.266015 0.352330
0 0.463264 0.436825 0.261551 0.349616
0 0.469322 0.443066 0.270326 0.351870
0 0.468055 0.442515 0.264381 0.344268
0 0.467079 0.444297 0.263496 0.352608
0 0.467529 0.444159 0.262568 0.352133
0 0.466998 0.442069 0.265202 0.350079
0 0.470513 0.437265 0.267133 0.351358
0 0.467613 0.443646 0.263453 0.347829
0 0.467348 0.444284 0.265372 0.352115
0 0.468594 0.442476 0.266390 0.350798
0 0.467326 0.440099 0.259193 0.352807
0 0.467021 0.444474 0.264129 0.348549
0 0.469071 0.443082 0.262593 0.347447
0 0.469392 0.445451 0.258786 0.348912
0 0.470805 0.444200 0.261429 0.345785
0 0.474492 0.441967 0.266067 0.363514
0 0.476623 0.446574 0.266461 0.357998
0 0.475167 0.445447 0.266135 0.353043