0 0.514733 0.284653 0.216150 0.293014
0 0.517457 0.282715 0.216424 0.291830
0 0.516723 0.286160 0.214891 0.291474
0 0.515017 0.287341 0.215077 0.291187
0 0.515467 0.287157 0.218591 0.293322
0 0.517807 0.285019 0.215058 0.294662
0 0.515960 0.286275 0.215967 0.297394
0 0.517025 0.288089 0.213513 0.299075
0 0.516294 0.289233 0.215708 0.304045
0 0.516574 0.290181 0.216935 0.299587
0 0.516644 0.291331 0.214144 0.298608
0 0.516999 0.286410 0.218925 0.300953
0 0.516389 0.286615 0.216495 0.305551
0 0.516159 0.288832 0.214508 0.307608
0 0.515844 0.288165 0.215459 0.302941
0 0.516325 0.289214 0.218033 0.303230
0 0.521383 0.291014 0.215693 0.292178
0 0.516290 0.286569 0.218271 0.302707
0 0.517161 0.286281 0.213932 0.303831
0 0.515771 0.288738 0.213174 0.310871
0 0.515427 0.287944 0.217715 0.303478
0 0.517209 0.289635 0.220073 0.302201
0 0.520018 0.291853 0.215349 0.286675
0 0.515102 0.284563 0.218291 0.304430
0 0.516141 0.285555 0.214583 0.305514
0 0.515434 0.287460 0.215583 0.309445
0 0.516164 0.287784 0.215923 0.307497
0 0.517155 0.288708 0.216111 0.303299
0 0.514053 0.284567 0.218654 0.306461
0 0.514345 0.285027 0.213791 0.306736
0 0.515543 0.285868 0.216511 0.308799
0 0.517001 0.287485 0.218350 0.306442
0 0.518313 0.287776 0.217386 0.305671
0 0.513441 0.285130 0.216960 0.309721
0 0.514933 0.286852 0.217416 0.308924
0 0.516507 0.286974 0.213518 0.306718
0 0.519777 0.290360 0.212266 0.309036
0 0.516836 0.286422 0.213274 0.310082
0 0.518737 0.288511 0.209375 0.307201
0 0.511132 0.292638 0.221484 0.305495
0 0.516534 0.285075 0.225214 0.302682
0 0.515354 0.285806 0.222812 0.308285
0 0.515748 0.283333 0.221436 0.306987
0 0.513177 0.290654 0.221329 0.314650
0 0.516839 0.289598 0.218167 0.304637
0 0.514487 0.292002 0.215127 0.304824
0 0.515318 0.287341 0.219134 0.310728
0 0.519836 0.287051 0.221831 0.317858
0 0.513483 0.288531 0.216677 0.316087
0 0.515507 0.287628 0.216206 0.310240
0 0.517160 0.289344 0.216406 0.304373
0 0.511526 0.287766 0.214288 0.305627
0 0.515318 0.288902 0.217464 0.318563