0 0.457615 0.448696 0.352747 0.492283
0 0.459244 0.447939 0.354885 0.490300
0 0.461999 0.439350 0.359461 0.481126
0 0.464175 0.446641 0.352656 0.469592
0 0.462295 0.448748 0.356168 0.480061
0 0.460709 0.446798 0.359109 0.478543
0 0.459072 0.435805 0.360362 0.475104
0 0.468233 0.437895 0.361810 0.466822
0 0.465778 0.442885 0.360223 0.459685
0 0.462107 0.441868 0.361192 0.467425
0 0.462671 0.444440 0.359779 0.466941
0 0.462442 0.446317 0.357508 0.475244
0 0.461008 0.436570 0.363924 0.465088
0 0.468201 0.439719 0.367779 0.474847
0 0.462288 0.444938 0.357368 0.469724
0 0.462747 0.443369 0.360443 0.466905
0 0.461847 0.445042 0.363220 0.465871
0 0.463282 0.446722 0.360625 0.467879
0 0.472699 0.448361 0.341100 0.464090
0 0.459665 0.434850 0.358230 0.467138
0 0.466460 0.437424 0.370363 0.469304
0 0.464094 0.444823 0.362716 0.471881
0 0.462039 0.447021 0.358024 0.458331
0 0.463968 0.444031 0.363436 0.471296
0 0.464028 0.446671 0.361702 0.465248
0 0.474835 0.447423 0.346963 0.463392
0 0.463412 0.444624 0.368487 0.476802
0 0.464606 0.443017 0.359376 0.472923
0 0.464028 0.444123 0.358234 0.460965
0 0.464873 0.446210 0.364201 0.466963
0 0.462993 0.447960 0.359935 0.475752
0 0.465125 0.442288 0.359418 0.458545
0 0.465890 0.443529 0.359334 0.469977
0 0.461815 0.443073 0.357707 0.469328
0 0.464044 0.444596 0.367017 0.480355
0 0.465225 0.444444 0.358189 0.471177
0 0.462809 0.440111 0.356636 0.474616