0 0.465294 0.335138 0.140982 0.263564
0 0.464116 0.336976 0.139279 0.254503
0 0.464999 0.336388 0.139449 0.255133
0 0.464891 0.334392 0.138996 0.259365
0 0.468058 0.335922 0.134991 0.254010
0 0.467715 0.336098 0.131855 0.245736
0 0.466853 0.335999 0.130578 0.241569
0 0.468683 0.335074 0.131539 0.254542
0 0.466753 0.337048 0.133398 0.250873
0 0.468543 0.338292 0.133615 0.248606
0 0.470504 0.339547 0.130687 0.240513
0 0.469205 0.337380 0.133150 0.238160
0 0.470471 0.336640 0.133424 0.241746
0 0.467828 0.337443 0.130481 0.242472
0 0.469632 0.337073 0.133431 0.241042
0 0.467535 0.337107 0.129794 0.234617
0 0.469575 0.336556 0.132646 0.237619
0 0.469864 0.337435 0.133443 0.242388
0 0.472961 0.339508 0.123978 0.236856
0 0.468229 0.338488 0.131176 0.240501
0 0.468944 0.336953 0.135289 0.241120
0 0.467558 0.337930 0.130963 0.237218
0 0.468414 0.337774 0.128914 0.237977
0 0.468729 0.337330 0.130968 0.235990
0 0.474622 0.341231 0.122581 0.235838
0 0.469435 0.337835 0.129578 0.239695
0 0.469324 0.338178 0.126742 0.234279
0 0.469326 0.339158 0.127224 0.234182
0 0.469844 0.340245 0.127493 0.238654
0 0.469069 0.337917 0.131807 0.237514
0 0.470120 0.342475 0.131323 0.232265