0 0.893211 0.110678 0.109289 0.154224
0 0.892630 0.111645 0.113401 0.150470
0 0.893653 0.113008 0.115448 0.154614
0 0.893920 0.113073 0.112297 0.150378
0 0.893070 0.111867 0.113311 0.153885
0 0.894264 0.114361 0.111091 0.150459
0 0.894365 0.114354 0.114123 0.156104
0 0.894144 0.113068 0.115330 0.153642
0 0.893405 0.114161 0.113947 0.159943
0 0.893477 0.114328 0.112058 0.147577
0 0.892940 0.112124 0.114562 0.154626
0 0.894680 0.114457 0.111471 0.150815
0 0.894436 0.115803 0.112824 0.154940
0 0.895210 0.114085 0.111269 0.151061
0 0.895077 0.114643 0.112128 0.153036
0 0.894918 0.113830 0.113566 0.155390
0 0.893020 0.115200 0.111770 0.151074
0 0.893251 0.112961 0.113074 0.156119
0 0.894674 0.114790 0.113204 0.154188
0 0.894958 0.116197 0.112790 0.154666
0 0.894962 0.114383 0.111265 0.152922
0 0.894798 0.115386 0.112586 0.154957
0 0.895795 0.115644 0.111500 0.152637
0 0.895118 0.115858 0.111230 0.156293
0 0.896692 0.118224 0.110192 0.155256
0 0.409085 0.288138 0.229614 0.349107
0 0.413618 0.290960 0.221540 0.340000
0 0.416239 0.287564 0.219297 0.338159
0 0.410382 0.295135 0.229153 0.340949
0 0.411996 0.296659 0.227717 0.344730
0 0.413067 0.295225 0.230540 0.350260
0 0.405114 0.298928 0.231302 0.341723
0 0.407578 0.301439 0.230558 0.354442
0 0.408413 0.300022 0.229283 0.363712
0 0.411272 0.299806 0.226280 0.357325
0 0.413162 0.298000 0.221706 0.344591
0 0.404160 0.299351 0.236481 0.343095
0 0.406542 0.297876 0.235559 0.351010
0 0.407548 0.296792 0.233810 0.354346
0 0.409167 0.296455 0.229745 0.345162
0 0.412622 0.296567 0.228008 0.340316
0 0.405540 0.296261 0.238093 0.339168
0 0.407770 0.294866 0.231429 0.344534
0 0.409383 0.293541 0.230898 0.340182
0 0.409575 0.294394 0.231055 0.338566
0 0.412633 0.296295 0.227679 0.341232
0 0.407947 0.294595 0.239171 0.342614
0 0.409434 0.293717 0.232231 0.344532
0 0.409129 0.293150 0.235691 0.348479
0 0.409879 0.293280 0.228343 0.336725
0 0.413405 0.296890 0.227394 0.337413
0 0.408774 0.296370 0.240423 0.337745
0 0.409220 0.294127 0.236760 0.342432
0 0.409788 0.293883 0.236744 0.342455
0 0.410624 0.294112 0.230247 0.334881
0 0.413312 0.296408 0.228721 0.335819
0 0.406870 0.300837 0.243557 0.333045
0 0.408939 0.297082 0.239335 0.336241
0 0.408823 0.296715 0.235207 0.333700
0 0.410260 0.296646 0.228932 0.329348
0 0.413491 0.298240 0.224550 0.327983
0 0.408726 0.300304 0.239063 0.329456
0 0.411052 0.298613 0.231317 0.333080
0 0.413675 0.299250 0.229305 0.329597
0 0.405242 0.300150 0.238282 0.351946
0 0.408468 0.297860 0.237243 0.350335
0 0.406648 0.292846 0.240691 0.348401
0 0.406186 0.291174 0.233118 0.342605
0 0.408280 0.302870 0.231621 0.349657
0 0.407190 0.301581 0.227587 0.349335
0 0.402736 0.297930 0.229724 0.341816
0 0.404205 0.292760 0.228538 0.350265
0 0.409015 0.294288 0.232386 0.350191
0 0.407775 0.301889 0.229716 0.351964
0 0.403969 0.295071 0.234563 0.351256
0 0.402454 0.295511 0.236229 0.348087
0 0.402957 0.290928 0.234748 0.345756
0 0.412827 0.293189 0.231408 0.345148
0 0.410848 0.303839 0.235448 0.342009
0 0.406889 0.299919 0.232511 0.342979
0 0.402923 0.298569 0.239873 0.343110
0 0.405839 0.296227 0.241128 0.338804