0 0.564409 0.223729 0.154510 0.205341
0 0.564065 0.224376 0.154458 0.202141
0 0.564346 0.223380 0.154127 0.206205
0 0.563868 0.224227 0.155906 0.208750
0 0.564835 0.223739 0.153299 0.204509
0 0.563934 0.224888 0.153313 0.204942
0 0.564083 0.223584 0.152714 0.203038
0 0.563576 0.223609 0.152104 0.203687
0 0.562130 0.221311 0.156297 0.207766
0 0.564593 0.224428 0.155605 0.208902
0 0.565969 0.224151 0.156134 0.205826
0 0.563949 0.224368 0.154948 0.206184
0 0.565211 0.224688 0.154214 0.204446
0 0.564543 0.224002 0.153391 0.207756
0 0.564430 0.221962 0.153212 0.209182
0 0.561698 0.224479 0.156338 0.204483
0 0.564726 0.222725 0.153934 0.206409
0 0.564935 0.223731 0.156156 0.206822
0 0.564071 0.224155 0.155625 0.208159
0 0.565139 0.224280 0.154709 0.203047
0 0.563998 0.223726 0.153627 0.208459
0 0.564693 0.224132 0.153312 0.204759
0 0.565561 0.224445 0.155115 0.210015
0 0.566388 0.222770 0.154835 0.208783
0 0.564953 0.224391 0.155658 0.206229
0 0.564499 0.225503 0.154447 0.204700
0 0.564706 0.224258 0.153515 0.207581
0 0.565942 0.224365 0.152890 0.207662
0 0.566200 0.224757 0.154019 0.208491
0 0.564990 0.225055 0.152901 0.207338