0 0.516742 0.388783 0.305204 0.421560
0 0.521857 0.395813 0.303387 0.413346
0 0.523449 0.395764 0.298896 0.414795
0 0.522415 0.392731 0.300574 0.423389
0 0.525825 0.383516 0.302498 0.432295
0 0.521548 0.388691 0.301782 0.399774
0 0.527031 0.387270 0.300508 0.400542
0 0.527218 0.386977 0.297121 0.407684
0 0.525121 0.385433 0.298130 0.409960
0 0.524724 0.386961 0.299771 0.410998
0 0.519522 0.388862 0.301427 0.397266
0 0.524010 0.386907 0.298304 0.401131
0 0.523528 0.388048 0.300756 0.409791
0 0.522219 0.385536 0.300797 0.406447
0 0.522972 0.389594 0.297157 0.402329
0 0.527891 0.388485 0.295265 0.408648
0 0.530471 0.388524 0.291433 0.423685
0 0.523818 0.387174 0.297361 0.395451
0 0.524568 0.384559 0.302012 0.403223
0 0.524007 0.389020 0.301174 0.416429
0 0.524426 0.385224 0.301319 0.416395
0 0.529056 0.384711 0.298517 0.422295
0 0.530957 0.392599 0.299149 0.422660
0 0.523204 0.388788 0.293035 0.388342
0 0.522253 0.387725 0.291229 0.396687
0 0.527799 0.387728 0.296690 0.406421
0 0.525832 0.388197 0.296731 0.407188
0 0.526964 0.387313 0.303795 0.433723
0 0.525359 0.388046 0.298476 0.394547
0 0.529038 0.390479 0.305782 0.404437
0 0.528981 0.390658 0.306701 0.410575