0 0.596530 0.301417 0.308297 0.432098
0 0.603045 0.307208 0.300834 0.429040
0 0.601684 0.307960 0.297998 0.433812
0 0.604610 0.303340 0.301084 0.444814
0 0.598808 0.299572 0.308520 0.443902
0 0.599736 0.305853 0.301721 0.426066
0 0.604259 0.306665 0.299767 0.422224
0 0.605785 0.306722 0.298483 0.429246
0 0.602279 0.300511 0.301280 0.431551
0 0.605940 0.297806 0.303466 0.436910
0 0.601473 0.299366 0.300848 0.430138
0 0.602465 0.299539 0.292968 0.418732
0 0.602526 0.302640 0.299980 0.429614
0 0.601375 0.300780 0.304349 0.426682
0 0.602076 0.304100 0.294155 0.427512
0 0.605185 0.301782 0.299422 0.421881
0 0.602926 0.306079 0.291771 0.418099
0 0.605122 0.301804 0.295270 0.418987
0 0.601000 0.303524 0.298652 0.425055
0 0.602568 0.299206 0.299575 0.427898
0 0.606024 0.300194 0.294693 0.428687
0 0.604942 0.299147 0.294706 0.433957
0 0.599632 0.307463 0.304478 0.426858
0 0.600569 0.307284 0.286790 0.417830
0 0.600925 0.300347 0.296306 0.425030
0 0.602176 0.301190 0.296123 0.422417
0 0.602071 0.301422 0.296936 0.423787
0 0.604252 0.302908 0.296114 0.440087
0 0.601284 0.302230 0.294056 0.431900
0 0.605068 0.296443 0.282016 0.436676
0 0.605202 0.300656 0.297418 0.427887
0 0.604122 0.302085 0.297189 0.427805