0 0.540886 0.279918 0.174300 0.274744
0 0.542924 0.276179 0.173372 0.269806
0 0.541142 0.280427 0.174583 0.268505
0 0.542057 0.282727 0.172426 0.269875
0 0.542817 0.281817 0.173672 0.265760
0 0.544923 0.277991 0.169152 0.263732
0 0.538320 0.279961 0.175016 0.264683
0 0.539180 0.281760 0.170175 0.262578
0 0.541363 0.282676 0.169913 0.265531
0 0.542988 0.282842 0.170962 0.264367
0 0.543493 0.283048 0.171240 0.267726
0 0.539914 0.283527 0.174702 0.271333
0 0.541455 0.283624 0.173827 0.270602
0 0.542912 0.287557 0.176609 0.271770
0 0.542542 0.288071 0.176804 0.267430
0 0.542836 0.285736 0.177346 0.268775
0 0.544288 0.284960 0.175171 0.268032
0 0.540520 0.283536 0.173317 0.275025
0 0.540237 0.283183 0.172054 0.267330
0 0.540638 0.284785 0.174473 0.263582
0 0.542837 0.286260 0.176637 0.269366
0 0.541906 0.286386 0.177124 0.273967
0 0.544305 0.286506 0.177812 0.273504
0 0.539674 0.285089 0.172944 0.275397
0 0.538914 0.282703 0.173247 0.271408
0 0.540671 0.284444 0.177714 0.265952
0 0.541675 0.285098 0.175012 0.271665
0 0.541399 0.285556 0.174914 0.273843
0 0.545829 0.286435 0.176107 0.276192
0 0.539452 0.286868 0.172478 0.274941
0 0.539898 0.284065 0.174568 0.277807
0 0.539689 0.283655 0.177125 0.270347
0 0.541091 0.283768 0.178324 0.273610
0 0.540770 0.286057 0.177201 0.278099
0 0.540313 0.283776 0.175862 0.276871
0 0.539223 0.281747 0.175869 0.276042
0 0.540363 0.285894 0.176429 0.276045
0 0.544254 0.290358 0.174342 0.277757
0 0.540342 0.285336 0.179927 0.276826
0 0.543290 0.288006 0.176539 0.279139