0 0.621183 0.394393 0.562395 0.714226
0 0.615023 0.407353 0.540922 0.725140
0 0.605120 0.405107 0.533829 0.732790
0 0.599401 0.408681 0.537337 0.740945
0 0.600267 0.403931 0.544033 0.732261
0 0.600025 0.398375 0.545632 0.729688
0 0.621664 0.388576 0.534984 0.680082
0 0.606180 0.382911 0.507250 0.676027
0 0.619414 0.397124 0.527495 0.698820
0 0.614061 0.381533 0.500399 0.675187
0 0.614663 0.390351 0.518303 0.689432
0 0.612491 0.383803 0.507736 0.685448
0 0.605970 0.394624 0.521320 0.690012
0 0.612626 0.378025 0.500859 0.666822
0 0.604962 0.388714 0.524854 0.685105
0 0.608294 0.393970 0.546171 0.706146
0 0.622232 0.380839 0.514739 0.690708
0 0.636301 0.383038 0.512361 0.696045
0 0.645892 0.388013 0.567536 0.691855
0 0.622450 0.395481 0.511191 0.664137
0 0.612458 0.386626 0.495748 0.654520
0 0.619600 0.398629 0.501309 0.673616
0 0.619031 0.385353 0.498074 0.645096
0 0.615828 0.391938 0.506697 0.658763
0 0.620510 0.381047 0.510742 0.651862
0 0.615602 0.389713 0.516577 0.657499
0 0.619256 0.373197 0.506630 0.643166
0 0.615825 0.384342 0.520271 0.663095
0 0.621939 0.372800 0.515758 0.640366
0 0.612072 0.385137 0.534233 0.664030
0 0.616801 0.377966 0.527825 0.672723
0 0.632789 0.384710 0.513809 0.678904
0 0.661654 0.392298 0.591609 0.717243
0 0.628010 0.383871 0.504890 0.656475
0 0.620197 0.375457 0.484381 0.609050
0 0.623360 0.384416 0.493718 0.640820
0 0.618210 0.369699 0.497116 0.610466
0 0.609673 0.377095 0.505159 0.632842
0 0.622365 0.367555 0.514693 0.625355
0 0.616190 0.374507 0.514389 0.632062
0 0.619827 0.361740 0.514725 0.627807
0 0.616694 0.370587 0.514760 0.635447
0 0.622683 0.363768 0.520728 0.624320
0 0.617180 0.369758 0.531660 0.640187
0 0.621618 0.370100 0.519302 0.645557
0 0.629104 0.383297 0.513725 0.662768
0 0.636139 0.374358 0.491284 0.669366
0 0.671103 0.389658 0.616252 0.739150
0 0.634782 0.373693 0.504915 0.640127
0 0.623133 0.372532 0.487110 0.612393
0 0.625067 0.380991 0.490997 0.632797
0 0.624368 0.368847 0.501803 0.634626
0 0.622150 0.378973 0.507843 0.650942
0 0.626858 0.367792 0.517493 0.643115
0 0.624318 0.373735 0.513308 0.651222
0 0.627352 0.368892 0.513438 0.635682
0 0.623293 0.377473 0.512535 0.643911
0 0.628061 0.363005 0.511874 0.644728
0 0.621136 0.371205 0.517924 0.656180
0 0.621120 0.369067 0.507643 0.634622
0 0.626580 0.364244 0.506058 0.645523
0 0.627662 0.365603 0.490728 0.648187
0 0.679717 0.379908 0.616773 0.756316
0 0.643360 0.354079 0.505848 0.648820
0 0.627065 0.362681 0.487199 0.617564
0 0.631830 0.365056 0.481241 0.630930
0 0.626906 0.353828 0.489845 0.625422
0 0.627106 0.358499 0.501709 0.648246
0 0.624905 0.358241 0.503066 0.636396
0 0.623560 0.359093 0.508346 0.656429
0 0.624087 0.359241 0.501892 0.659456
0 0.620908 0.362241 0.506305 0.666080
0 0.625862 0.360812 0.504745 0.659727
0 0.618184 0.364510 0.505864 0.666582
0 0.622601 0.361328 0.492751 0.644070
0 0.617281 0.354456 0.522092 0.676044
0 0.633374 0.353273 0.491708 0.665307
0 0.643877 0.354747 0.512033 0.693150
0 0.622943 0.366287 0.483853 0.643696
0 0.633268 0.359139 0.493869 0.675488
0 0.630557 0.346391 0.477950 0.671013
0 0.630893 0.354483 0.494415 0.702351
0 0.631353 0.342380 0.492179 0.688594
0 0.629710 0.346759 0.499528 0.709454
0 0.631747 0.342801 0.500508 0.707748
0 0.625425 0.340124 0.505134 0.717266
0 0.636083 0.350035 0.493209 0.699701
0 0.625643 0.340693 0.504949 0.724070
0 0.630166 0.342472 0.501117 0.716866
0 0.614025 0.357962 0.505065 0.701438
0 0.635722 0.367405 0.531539 0.739014
0 0.634068 0.367704 0.500301 0.696247
0 0.627567 0.369763 0.475828 0.649727
0 0.633649 0.365925 0.508581 0.696294
0 0.631843 0.358067 0.478857 0.672549
0 0.630106 0.358678 0.511702 0.712156
0 0.636797 0.359040 0.488507 0.676423
0 0.629689 0.350340 0.528139 0.719275
0 0.634693 0.350181 0.521815 0.720385
0 0.635891 0.357520 0.514384 0.696578
0 0.629567 0.368005 0.522377 0.752511
0 0.631781 0.360796 0.523227 0.766849
0 0.628299 0.363810 0.529639 0.759187
0 0.622889 0.365346 0.543201 0.754822
0 0.625895 0.371117 0.537362 0.727285