0 0.472025 0.160773 0.109782 0.153694
0 0.472914 0.161154 0.113824 0.149318
0 0.472724 0.161645 0.109451 0.146291
0 0.472557 0.160402 0.110329 0.147831
0 0.472933 0.161780 0.108863 0.144897
0 0.472927 0.160231 0.110284 0.147773
0 0.472102 0.161312 0.111166 0.148728
0 0.471592 0.162112 0.109678 0.141689
0 0.472172 0.159697 0.111771 0.147120
0 0.472275 0.160605 0.108932 0.145172
0 0.471582 0.161413 0.108995 0.146717
0 0.471755 0.160386 0.110996 0.147164
0 0.471532 0.159630 0.110926 0.146927
0 0.472950 0.160068 0.109511 0.149889
0 0.471360 0.159323 0.111990 0.148476
0 0.472638 0.160366 0.108860 0.147910
0 0.471146 0.160287 0.110325 0.147803
0 0.472318 0.161404 0.110107 0.146171
0 0.472243 0.161758 0.112272 0.148817
0 0.472508 0.162007 0.109628 0.147704
0 0.472330 0.163520 0.107803 0.148622