0 0.465479 0.394727 0.272590 0.363481
0 0.465306 0.396537 0.264140 0.363610
0 0.465256 0.397132 0.268774 0.357417
0 0.461286 0.396710 0.265236 0.353685
0 0.464510 0.396417 0.271454 0.358043
0 0.462935 0.396419 0.271227 0.363625
0 0.464364 0.397562 0.271468 0.362677
0 0.464858 0.397629 0.270454 0.353602
0 0.460762 0.395356 0.267116 0.347403
0 0.462584 0.391718 0.270504 0.353541
0 0.462203 0.391700 0.270265 0.349743
0 0.463106 0.393447 0.265049 0.343626
0 0.463235 0.395827 0.271883 0.343804
0 0.460665 0.392300 0.265926 0.341544
0 0.461262 0.390009 0.266634 0.346077
0 0.463450 0.390947 0.262648 0.339386
0 0.463147 0.392297 0.262629 0.340761
0 0.462424 0.396143 0.264816 0.338175
0 0.460685 0.390370 0.264193 0.340398
0 0.461452 0.390411 0.262584 0.341188
0 0.460781 0.392336 0.263375 0.344499
0 0.461768 0.392838 0.260400 0.341282
0 0.461639 0.396792 0.259730 0.335679
0 0.460563 0.389731 0.264374 0.335544
0 0.459629 0.389312 0.264411 0.335299
0 0.460591 0.391349 0.265953 0.337686
0 0.461562 0.390860 0.261772 0.339183
0 0.463325 0.392609 0.260730 0.338503
0 0.457953 0.392232 0.269080 0.335705
0 0.458508 0.390105 0.264220 0.338296
0 0.459964 0.392104 0.265208 0.340615
0 0.460756 0.392328 0.263958 0.343091
0 0.463663 0.395932 0.259792 0.335899
0 0.459041 0.395530 0.260339 0.337833
0 0.461094 0.395193 0.260574 0.339966
0 0.463035 0.397020 0.265153 0.334079
0 0.462881 0.399774 0.273048 0.369181
0 0.462764 0.397907 0.276102 0.368657
0 0.466401 0.392162 0.272967 0.370817
0 0.460921 0.395506 0.266722 0.353858
0 0.462908 0.393819 0.265891 0.349006
0 0.464633 0.390639 0.261766 0.350933
0 0.463521 0.392571 0.260727 0.343289
0 0.467117 0.390565 0.262455 0.345781
0 0.457208 0.389423 0.258900 0.352674
0 0.460342 0.394747 0.255106 0.350374
0 0.460447 0.394628 0.262316 0.353263
0 0.460779 0.393216 0.264149 0.346030
0 0.463885 0.393695 0.259090 0.348848
0 0.466368 0.391716 0.257919 0.349716
0 0.460145 0.393116 0.256382 0.345827
0 0.460483 0.392629 0.267608 0.350330
0 0.460784 0.393113 0.260702 0.350144
0 0.463508 0.393038 0.260410 0.347313
0 0.466860 0.395018 0.260893 0.349810
0 0.459968 0.395350 0.253918 0.346680
0 0.460365 0.395984 0.265671 0.352606
0 0.461080 0.395119 0.260886 0.349038
0 0.463010 0.395697 0.262808 0.347096
0 0.461287 0.395322 0.273788 0.350739
0 0.462009 0.403319 0.274476 0.349199