0 0.376533 0.348237 0.272687 0.397513
0 0.378594 0.349769 0.271132 0.389933
0 0.373250 0.347427 0.270486 0.382222
0 0.376472 0.346858 0.273851 0.380628
0 0.377445 0.347653 0.277275 0.382311
0 0.377819 0.347594 0.276451 0.380291
0 0.373833 0.344225 0.273060 0.373517
0 0.377335 0.342915 0.275761 0.376667
0 0.377400 0.344759 0.277866 0.378843
0 0.377198 0.346827 0.276317 0.378153
0 0.374640 0.342106 0.274491 0.369248
0 0.379342 0.342340 0.273571 0.369642
0 0.377737 0.341937 0.275716 0.374657
0 0.379069 0.343968 0.274384 0.381347
0 0.662058 0.429609 0.234013 0.351742
0 0.663974 0.430256 0.235724 0.346405
0 0.666844 0.428037 0.238343 0.345746
0 0.375761 0.340088 0.270907 0.365231
0 0.377856 0.337706 0.274435 0.374730
0 0.378115 0.339120 0.270243 0.379485
0 0.379202 0.341356 0.270468 0.384877
0 0.656019 0.434168 0.232015 0.343501
0 0.663443 0.435008 0.237496 0.338230
0 0.662420 0.434490 0.239217 0.333698
0 0.663004 0.436004 0.244418 0.337337
0 0.667272 0.434871 0.241426 0.342687
0 0.375886 0.339840 0.269823 0.364937
0 0.378436 0.338410 0.271589 0.367101
0 0.379422 0.339773 0.269826 0.370317
0 0.379485 0.341982 0.266522 0.376320
0 0.658720 0.434082 0.238655 0.332130
0 0.662856 0.434941 0.238408 0.330338
0 0.661813 0.433683 0.241107 0.330072
0 0.660414 0.432698 0.244032 0.334522
0 0.663768 0.436144 0.245251 0.331328
0 0.376684 0.339167 0.270037 0.373241
0 0.378735 0.338564 0.268851 0.375207
0 0.379339 0.340107 0.265765 0.370594
0 0.378494 0.341993 0.260017 0.371510
0 0.658470 0.433869 0.240045 0.337376
0 0.661758 0.435044 0.246202 0.339507
0 0.659991 0.433949 0.245897 0.331655
0 0.658531 0.432982 0.241386 0.331691
0 0.661552 0.434697 0.243213 0.332983
0 0.379973 0.339982 0.263422 0.380242
0 0.381619 0.340946 0.263404 0.378436
0 0.382619 0.343624 0.259252 0.374712
0 0.658740 0.431359 0.237667 0.337805
0 0.660968 0.432862 0.241582 0.339095
0 0.658427 0.433900 0.241986 0.335388
0 0.658625 0.431694 0.242369 0.333168
0 0.661498 0.432696 0.241781 0.334502
0 0.658563 0.431688 0.232942 0.332371
0 0.659175 0.432754 0.235339 0.333850
0 0.658981 0.431707 0.238386 0.333105
0 0.660740 0.430327 0.240065 0.335843
0 0.662193 0.431016 0.239175 0.333438
0 0.655451 0.433565 0.237364 0.334422
0 0.658986 0.433452 0.237300 0.339982
0 0.658322 0.434118 0.236703 0.336030
0 0.659498 0.433402 0.238261 0.339235
0 0.663646 0.433867 0.239964 0.335668
0 0.653086 0.434424 0.232263 0.341835
0 0.659541 0.431950 0.239174 0.350036
0 0.657889 0.431663 0.234479 0.342493
0 0.658747 0.433050 0.237808 0.343941
0 0.656224 0.435348 0.232586 0.358952
0 0.657277 0.433880 0.232706 0.353183
0 0.376002 0.347565 0.286614 0.384129
0 0.372818 0.346537 0.283694 0.384266
0 0.372518 0.344008 0.278010 0.387851
0 0.376337 0.344339 0.275815 0.383508
0 0.381856 0.344677 0.276963 0.369025
0 0.380774 0.341662 0.271601 0.378053
0 0.378688 0.340680 0.271222 0.367470
0 0.373048 0.336640 0.267062 0.379261
0 0.378554 0.344943 0.272148 0.382234
0 0.377072 0.344348 0.272969 0.379311
0 0.375852 0.343755 0.281208 0.383801
0 0.375501 0.338266 0.268770 0.375361
0 0.377420 0.340462 0.265911 0.383523
0 0.380970 0.347986 0.268648 0.379289
0 0.379727 0.343827 0.276390 0.376348
0 0.374877 0.341005 0.281062 0.381515
0 0.377244 0.339032 0.265355 0.381464
0 0.371477 0.341585 0.257020 0.387824
0 0.469248 0.367141 0.265245 0.385551
0 0.665911 0.436095 0.251105 0.361711
0 0.664315 0.429400 0.244833 0.326701
0 0.664041 0.427931 0.235414 0.329243
0 0.668039 0.429091 0.239658 0.336954
0 0.672522 0.427925 0.244107 0.336524
0 0.380476 0.346600 0.268745 0.374597
0 0.377394 0.343557 0.264503 0.374529
0 0.375552 0.339871 0.271964 0.387773
0 0.375652 0.340166 0.264955 0.386432
0 0.375131 0.344258 0.261454 0.393911
0 0.666625 0.435616 0.247031 0.352646
0 0.660542 0.430375 0.241751 0.333069
0 0.664464 0.432423 0.230685 0.333291
0 0.665750 0.431204 0.234727 0.331064
0 0.666408 0.431945 0.235421 0.334729
0 0.375526 0.350690 0.281407 0.380227
0 0.377970 0.350485 0.287107 0.375885
0 0.383477 0.350427 0.274129 0.373696
0 0.663565 0.429785 0.240087 0.348401
0 0.660967 0.432390 0.242044 0.334002
0 0.666160 0.433962 0.242032 0.334767
0 0.667479 0.434270 0.235070 0.326705
0 0.672711 0.430537 0.240952 0.336704
0 0.660901 0.437824 0.239277 0.359680
0 0.664118 0.434595 0.244221 0.341263
0 0.666036 0.434434 0.242127 0.341962
0 0.664177 0.430824 0.240676 0.333607