0 0.623023 0.397690 0.397644 0.529270
0 0.628753 0.405192 0.388424 0.523905
0 0.632875 0.407503 0.390605 0.534846
0 0.623792 0.407076 0.394168 0.546293
0 0.628526 0.417121 0.396891 0.534469
0 0.628076 0.419240 0.395561 0.524510
0 0.627749 0.415553 0.402833 0.534499
0 0.629480 0.407066 0.397656 0.524292
0 0.632854 0.418985 0.406839 0.560747
0 0.633121 0.420421 0.418037 0.551810
0 0.627077 0.411773 0.427494 0.568483
0 0.632501 0.425342 0.419107 0.553369
0 0.629435 0.415343 0.428589 0.566177
0 0.629078 0.422167 0.433869 0.543052
0 0.631376 0.415415 0.443255 0.554437
0 0.631055 0.423872 0.424817 0.535216
0 0.621128 0.430182 0.415029 0.565666
0 0.622322 0.429521 0.400837 0.573072
0 0.631803 0.422095 0.413675 0.553537
0 0.626290 0.420307 0.403026 0.560901
0 0.629921 0.422506 0.421140 0.549877
0 0.625628 0.421718 0.420147 0.559245
0 0.629725 0.425137 0.421552 0.560683
0 0.628161 0.422793 0.414662 0.559515
0 0.629637 0.423008 0.438004 0.563036
0 0.631946 0.422047 0.428864 0.557876
0 0.630478 0.424905 0.431231 0.555679
0 0.633250 0.424874 0.428310 0.559971
0 0.634213 0.422581 0.421141 0.537516
0 0.628785 0.419263 0.433631 0.557469
0 0.628623 0.419371 0.410354 0.583383
0 0.620334 0.432851 0.420344 0.562316
0 0.617625 0.425795 0.413922 0.585336
0 0.628589 0.424109 0.415813 0.556215
0 0.624166 0.422482 0.416420 0.582284
0 0.627566 0.424001 0.424061 0.559738
0 0.621664 0.425455 0.425778 0.576292
0 0.631098 0.428636 0.423043 0.559403
0 0.633048 0.432514 0.422971 0.565394
0 0.633556 0.429823 0.438561 0.563287
0 0.639514 0.432290 0.430513 0.557792
0 0.626418 0.426864 0.439701 0.566203
0 0.630852 0.423474 0.421505 0.557661
0 0.627005 0.428214 0.423770 0.537189
0 0.628361 0.421798 0.427063 0.545979
0 0.621716 0.436577 0.422985 0.551522
0 0.618566 0.425752 0.426722 0.584101
0 0.626721 0.427332 0.412468 0.562818
0 0.621692 0.423007 0.412452 0.578204
0 0.627559 0.430125 0.429110 0.560280
0 0.625813 0.432544 0.434759 0.579913
0 0.630097 0.432340 0.420870 0.557795
0 0.635078 0.440961 0.424583 0.565612
0 0.630993 0.434305 0.440907 0.554695
0 0.635300 0.441851 0.437221 0.551380
0 0.626627 0.423173 0.436196 0.562633
0 0.627591 0.423349 0.427692 0.552741
0 0.630677 0.429936 0.430062 0.539161
0 0.631167 0.422862 0.437068 0.551906
0 0.629228 0.429017 0.436038 0.563119
0 0.628575 0.432080 0.422546 0.563858
0 0.624735 0.430682 0.429388 0.579682
0 0.632872 0.433730 0.425549 0.567713
0 0.631494 0.437322 0.435549 0.590032
0 0.631401 0.434403 0.423884 0.561371
0 0.636454 0.442815 0.425393 0.567051
0 0.628649 0.434724 0.435125 0.555386
0 0.630759 0.444896 0.431714 0.552660
0 0.630859 0.431708 0.440152 0.552357
0 0.632243 0.429282 0.436897 0.551166
0 0.631809 0.439720 0.431818 0.531022
0 0.626510 0.427132 0.442022 0.550644
0 0.629110 0.447683 0.438691 0.531764
0 0.635393 0.443885 0.442518 0.543315
0 0.633716 0.438598 0.433746 0.548584
0 0.636890 0.446873 0.449354 0.566589
0 0.629859 0.438738 0.429445 0.550260
0 0.630437 0.451492 0.442843 0.561913
0 0.626741 0.439534 0.436263 0.541930
0 0.625864 0.447650 0.446909 0.542172
0 0.632839 0.440418 0.441589 0.540036
0 0.632774 0.434478 0.454689 0.544277
0 0.635489 0.460908 0.430095 0.514960
0 0.629619 0.454177 0.420204 0.525159
0 0.627558 0.454965 0.429883 0.506349