0 0.928641 0.472336 0.061974 0.080613
0 0.928383 0.472933 0.063249 0.080357
0 0.928456 0.472553 0.061635 0.079661
0 0.928491 0.473293 0.060754 0.079371
0 0.929156 0.475280 0.063179 0.076039
0 0.927820 0.471763 0.060497 0.082040
0 0.928290 0.472777 0.060770 0.080919
0 0.929652 0.473626 0.061707 0.076435
0 0.927150 0.473592 0.061033 0.081219
0 0.927945 0.473103 0.061000 0.081292
0 0.451902 0.318802 0.163563 0.256709
0 0.453928 0.318362 0.163687 0.251365
0 0.456117 0.314494 0.165692 0.256802
0 0.451476 0.316926 0.164651 0.249119
0 0.451807 0.318539 0.164336 0.249340
0 0.454983 0.318652 0.163611 0.246573
0 0.454255 0.318987 0.160673 0.242351
0 0.451120 0.314040 0.160925 0.243442
0 0.451270 0.316289 0.165093 0.243825
0 0.452220 0.317677 0.163355 0.244898
0 0.454251 0.318086 0.162601 0.243108
0 0.454341 0.319140 0.164131 0.243547
0 0.455167 0.318476 0.161509 0.241462
0 0.452909 0.313849 0.161220 0.244765
0 0.451468 0.315664 0.164173 0.244137
0 0.454567 0.316512 0.162003 0.243559
0 0.454400 0.317444 0.163301 0.243344
0 0.454686 0.318138 0.163637 0.242082
0 0.455681 0.317723 0.160669 0.241744
0 0.462365 0.318900 0.161366 0.235781
0 0.453571 0.315486 0.161919 0.241834
0 0.452190 0.315943 0.167565 0.240660
0 0.455633 0.318338 0.162111 0.241283
0 0.455125 0.318511 0.161788 0.243777
0 0.455372 0.317616 0.161238 0.242430
0 0.455416 0.317716 0.159721 0.243864
0 0.452944 0.317182 0.165868 0.240028
0 0.454054 0.316304 0.166137 0.241334
0 0.456335 0.316649 0.165269 0.241908
0 0.455187 0.315563 0.158760 0.241795
0 0.457851 0.318586 0.161923 0.240233
0 0.449738 0.317426 0.163746 0.239161
0 0.453139 0.316943 0.164951 0.240383
0 0.455719 0.317246 0.165076 0.243080
0 0.457133 0.316271 0.162435 0.242289
0 0.797642 0.453292 0.072484 0.103667
0 0.796045 0.452543 0.072055 0.099764
0 0.794984 0.453280 0.073744 0.098944
0 0.796725 0.453106 0.073240 0.100693
0 0.795779 0.452729 0.072198 0.102192
0 0.928387 0.474337 0.062104 0.080576
0 0.926923 0.473996 0.060313 0.081583
0 0.797342 0.454732 0.073151 0.102726
0 0.796681 0.455259 0.072461 0.102939
0 0.927719 0.475648 0.060705 0.079994
0 0.926820 0.473993 0.061834 0.080806