0 0.427731 0.178730 0.129873 0.181661
0 0.425286 0.181112 0.121770 0.180105
0 0.426655 0.180988 0.124742 0.181127
0 0.427090 0.181516 0.124010 0.180854
0 0.426061 0.180801 0.126203 0.178092
0 0.426372 0.183567 0.125272 0.181418
0 0.428490 0.178897 0.124285 0.182960
0 0.427095 0.181978 0.125410 0.179777
0 0.426791 0.181585 0.126254 0.177751
0 0.427153 0.181136 0.122945 0.175085
0 0.427912 0.181700 0.126449 0.178017
0 0.427522 0.181380 0.123493 0.172845
0 0.427956 0.182222 0.124058 0.176625
0 0.430066 0.182626 0.124983 0.178625
0 0.429051 0.178528 0.120627 0.184491
0 0.430104 0.178001 0.125679 0.177655
0 0.427747 0.179737 0.127673 0.179333
0 0.427365 0.180743 0.124730 0.176620
0 0.429013 0.180684 0.128647 0.179319
0 0.428678 0.181789 0.125460 0.173896
0 0.427963 0.181861 0.124944 0.173206
0 0.429872 0.183115 0.124798 0.177199
0 0.429737 0.179740 0.122702 0.179201
0 0.428522 0.178715 0.125927 0.178178
0 0.427027 0.179897 0.124065 0.175675
0 0.428645 0.179337 0.129265 0.178354
0 0.427080 0.181726 0.125843 0.173405
0 0.427524 0.181146 0.126726 0.174502
0 0.431922 0.185690 0.129531 0.176706
0 0.428531 0.182967 0.127106 0.179415
0 0.429975 0.183897 0.127986 0.176890
0 0.430431 0.184966 0.127237 0.175738