0 0.503323 0.318546 0.299175 0.410675
0 0.506360 0.321343 0.301889 0.406248
0 0.503187 0.326936 0.305106 0.408742
0 0.505697 0.328812 0.309568 0.399902
0 0.509255 0.328903 0.312494 0.403789
0 0.508896 0.325820 0.315454 0.406745
0 0.503006 0.331203 0.307769 0.423896
0 0.501809 0.331211 0.303331 0.418797
0 0.504954 0.330325 0.305083 0.409355
0 0.505957 0.333149 0.310443 0.413149
0 0.506207 0.327451 0.301814 0.403629
0 0.505302 0.326264 0.305542 0.409683
0 0.504957 0.334873 0.307869 0.416604
0 0.502362 0.334446 0.307360 0.424870
0 0.504428 0.333233 0.307212 0.416998
0 0.506698 0.335632 0.306629 0.420219
0 0.501092 0.332151 0.307911 0.419683
0 0.505016 0.329759 0.308956 0.416937
0 0.503929 0.337001 0.305453 0.418317
0 0.502956 0.332004 0.308757 0.433833
0 0.504815 0.333064 0.309848 0.435704
0 0.505277 0.331890 0.306136 0.424408
0 0.505876 0.332498 0.306057 0.429897
0 0.505795 0.332966 0.295568 0.438497
0 0.501045 0.339746 0.304792 0.441100
0 0.502566 0.334134 0.308264 0.446839
0 0.501807 0.333507 0.302602 0.442105
0 0.504834 0.338116 0.303013 0.438112
0 0.507915 0.341480 0.292399 0.453086
0 0.504382 0.349117 0.299851 0.444873
0 0.507674 0.340004 0.295448 0.436310
0 0.507724 0.340062 0.294394 0.444592
0 0.508437 0.348035 0.301350 0.437148