0 0.527899 0.283834 0.221304 0.353981
0 0.532986 0.284996 0.226999 0.350394
0 0.535967 0.295178 0.235103 0.358303
0 0.534756 0.299532 0.236802 0.360347
0 0.534967 0.299013 0.236221 0.366171
0 0.530909 0.300005 0.224278 0.364118
0 0.535445 0.299787 0.232164 0.357174
0 0.534924 0.302435 0.232150 0.358122
0 0.535478 0.304480 0.230448 0.353174
0 0.537774 0.304603 0.234563 0.340829
0 0.532625 0.298834 0.223238 0.356701
0 0.534924 0.298865 0.224240 0.354255
0 0.534642 0.301090 0.225706 0.348882
0 0.534906 0.302798 0.227976 0.344407
0 0.536872 0.307423 0.233854 0.332970
0 0.532009 0.296288 0.223670 0.356930
0 0.534125 0.295730 0.225654 0.365265
0 0.533503 0.297563 0.232006 0.355408
0 0.533382 0.301056 0.232635 0.343467
0 0.534337 0.307370 0.237097 0.331686
0 0.531607 0.296143 0.222543 0.354092
0 0.534387 0.297255 0.226484 0.358399
0 0.534603 0.298618 0.230446 0.346385
0 0.533570 0.302523 0.227357 0.332004
0 0.536410 0.306043 0.224512 0.324872
0 0.530413 0.296069 0.219943 0.342770
0 0.533597 0.297152 0.226730 0.346699
0 0.534691 0.297808 0.227499 0.338775
0 0.533545 0.300011 0.225716 0.328767
0 0.537181 0.303434 0.224021 0.315412
0 0.528954 0.299091 0.223144 0.343334
0 0.532369 0.297982 0.226235 0.336900
0 0.533030 0.299306 0.224357 0.330555
0 0.534350 0.300470 0.223598 0.328255
0 0.538010 0.303742 0.226522 0.317958
0 0.526797 0.301243 0.222893 0.352545
0 0.532819 0.298453 0.224127 0.346626
0 0.533590 0.299623 0.224008 0.333363
0 0.535026 0.303530 0.223147 0.329903
0 0.534947 0.302859 0.227072 0.342398
0 0.531238 0.283246 0.239944 0.359187
0 0.537451 0.292982 0.234377 0.349791
0 0.539557 0.295285 0.231458 0.346904
0 0.531451 0.294420 0.233517 0.345793
0 0.534888 0.299107 0.232502 0.353231
0 0.530890 0.296513 0.233557 0.354076
0 0.535090 0.295142 0.228242 0.351717
0 0.541444 0.297024 0.225043 0.341658
0 0.537898 0.293496 0.228395 0.336766
0 0.534744 0.300423 0.224302 0.338301
0 0.529637 0.299445 0.237449 0.350914
0 0.531554 0.297767 0.231748 0.344431
0 0.532617 0.299436 0.232364 0.342966
0 0.541596 0.297064 0.231267 0.337123
0 0.536931 0.301321 0.227809 0.334397
0 0.533087 0.295749 0.236625 0.343723
0 0.536173 0.297975 0.234608 0.341647
0 0.544388 0.297895 0.235954 0.344731
0 0.542881 0.301637 0.242048 0.342991