0 0.498020 0.374922 0.398379 0.581333
0 0.504155 0.374471 0.405791 0.574077
0 0.500646 0.380505 0.414312 0.595009
0 0.496781 0.387069 0.416554 0.598490
0 0.499728 0.382257 0.418908 0.576626
0 0.506729 0.375797 0.414384 0.572085
0 0.498959 0.375249 0.407380 0.556488
0 0.505066 0.378729 0.407521 0.560161
0 0.501003 0.380114 0.412563 0.564542
0 0.501811 0.375736 0.418485 0.549543
0 0.500084 0.374741 0.415972 0.548328
0 0.507233 0.368181 0.411095 0.540330
0 0.509395 0.383346 0.429077 0.583954
0 0.501294 0.382940 0.405435 0.556233
0 0.498893 0.382190 0.409741 0.571266
0 0.504667 0.380523 0.411880 0.557852
0 0.501090 0.379674 0.417596 0.572282
0 0.501857 0.380699 0.416005 0.566541
0 0.499961 0.375861 0.418345 0.553604
0 0.500477 0.370412 0.413699 0.538430
0 0.502419 0.368525 0.407400 0.534610
0 0.496625 0.378170 0.402224 0.535248
0 0.504235 0.373554 0.412647 0.546140
0 0.505624 0.376780 0.419105 0.562501
0 0.502854 0.372748 0.415408 0.548733
0 0.496410 0.373088 0.408722 0.540803
0 0.497532 0.367072 0.414685 0.544069
0 0.501295 0.364396 0.404652 0.534535
0 0.518677 0.367331 0.435658 0.564499
0 0.494819 0.368913 0.403713 0.545202
0 0.495740 0.365759 0.404922 0.559132
0 0.501766 0.368756 0.413459 0.540938
0 0.505776 0.365329 0.427660 0.566945
0 0.504578 0.364876 0.414312 0.556979
0 0.508709 0.368066 0.420442 0.563880
0 0.498708 0.367500 0.414023 0.546548
0 0.503517 0.369254 0.421279 0.552295
0 0.499904 0.363964 0.412339 0.545055
0 0.502973 0.362982 0.415352 0.543974
0 0.506623 0.361152 0.407080 0.545957
0 0.517143 0.372293 0.446466 0.572953
0 0.491803 0.377288 0.404817 0.537784
0 0.503197 0.366073 0.405172 0.546295
0 0.508301 0.365777 0.420691 0.570750
0 0.502586 0.368233 0.414768 0.542285
0 0.504743 0.372913 0.440066 0.565426
0 0.502029 0.361642 0.418274 0.542797
0 0.503329 0.361735 0.424407 0.554435
0 0.511069 0.367642 0.410620 0.549750
0 0.499736 0.370382 0.399410 0.550587
0 0.505466 0.359590 0.414533 0.553710
0 0.503056 0.356049 0.414658 0.561077
0 0.506191 0.360306 0.413699 0.555610
0 0.504183 0.384297 0.404486 0.538982