0 0.484379 0.521760 0.696140 0.887619
0 0.479622 0.540375 0.669256 0.894107
0 0.481038 0.548354 0.672229 0.898014
0 0.488332 0.547964 0.690257 0.914077
0 0.478673 0.549705 0.709676 0.921749
0 0.485795 0.544265 0.700611 0.902290
0 0.484400 0.554728 0.668600 0.932445
0 0.486445 0.557419 0.680077 0.943718
0 0.482175 0.557757 0.688265 0.943752
0 0.489397 0.559629 0.709653 0.959534
0 0.474284 0.560465 0.718999 0.959837
0 0.474902 0.552088 0.705701 0.943945
0 0.484066 0.547187 0.687998 0.922096
0 0.502220 0.564427 0.695363 0.957603
0 0.498284 0.567711 0.701640 0.957752
0 0.494213 0.566873 0.695533 0.961625
0 0.491113 0.569877 0.695952 0.971352
0 0.480907 0.565414 0.704989 0.975524
0 0.471132 0.562638 0.708608 0.975930
0 0.481402 0.556085 0.701251 0.963967
0 0.484326 0.545550 0.694545 0.957773
0 0.482139 0.548250 0.668848 0.929374
0 0.495880 0.562845 0.680968 0.943867
0 0.492998 0.563828 0.684986 0.951558
0 0.492770 0.563724 0.693481 0.971685
0 0.490195 0.567201 0.695177 0.974899
0 0.486216 0.560087 0.696959 0.971740
0 0.476348 0.560997 0.694685 0.964999
0 0.486350 0.559854 0.695016 0.960882
0 0.481845 0.552534 0.693294 0.952885
0 0.486862 0.541798 0.678544 0.942628
0 0.479472 0.539418 0.665388 0.902639
0 0.485489 0.548451 0.677984 0.901971
0 0.498602 0.557718 0.701040 0.928206
0 0.492372 0.558895 0.690243 0.918938
0 0.498213 0.557407 0.710723 0.939163
0 0.494970 0.563698 0.701477 0.949751
0 0.490100 0.550307 0.692826 0.960875
0 0.483299 0.558664 0.697410 0.956435
0 0.488035 0.562996 0.701765 0.954228
0 0.474973 0.556857 0.705786 0.952146
0 0.480971 0.551547 0.699421 0.948065
0 0.470865 0.549828 0.653107 0.870732
0 0.479096 0.547793 0.671750 0.872799
0 0.497968 0.550254 0.710017 0.905823
0 0.491074 0.552436 0.696421 0.891982
0 0.497756 0.545741 0.714556 0.894471
0 0.495318 0.551538 0.715915 0.908969
0 0.493250 0.540949 0.711375 0.906275
0 0.486409 0.548156 0.698156 0.912541
0 0.488569 0.549736 0.699489 0.913539
0 0.470380 0.556988 0.722852 0.938195
0 0.476648 0.548430 0.718947 0.935584
0 0.492858 0.530935 0.692590 0.939480
0 0.464438 0.556506 0.661492 0.862794
0 0.468568 0.542538 0.649969 0.832896
0 0.482698 0.539439 0.668028 0.828384
0 0.500719 0.536078 0.707421 0.872983
0 0.490897 0.533778 0.680381 0.859897
0 0.495563 0.527160 0.688839 0.862954
0 0.494154 0.529988 0.693540 0.866709
0 0.494993 0.522287 0.684521 0.870731
0 0.489542 0.523532 0.670101 0.888860
0 0.493062 0.524796 0.696285 0.893646
0 0.474009 0.534949 0.719614 0.892195
0 0.477789 0.524174 0.693919 0.891823
0 0.498726 0.520864 0.681880 0.907128
0 0.469951 0.543129 0.666694 0.828075
0 0.489000 0.524662 0.678560 0.826796
0 0.512249 0.521575 0.710456 0.851635
0 0.505813 0.527605 0.697785 0.842273
0 0.502946 0.514790 0.684507 0.842245
0 0.497142 0.510270 0.697096 0.854468
0 0.495975 0.505232 0.688703 0.866708
0 0.497069 0.507092 0.670669 0.886726
0 0.497279 0.519574 0.706348 0.889447
0 0.466941 0.516553 0.735404 0.889469
0 0.476468 0.516733 0.705022 0.883605
0 0.502857 0.522206 0.672968 0.874361
0 0.468126 0.544052 0.665100 0.835657
0 0.484838 0.525278 0.670186 0.824182
0 0.505103 0.523296 0.689934 0.861099
0 0.504825 0.530046 0.682428 0.861545
0 0.508305 0.524983 0.686717 0.867817
0 0.500089 0.518466 0.691618 0.873667
0 0.494415 0.511779 0.686523 0.893855
0 0.498201 0.517918 0.656766 0.888774
0 0.498781 0.524008 0.699419 0.888248
0 0.464351 0.524328 0.710702 0.886155
0 0.481306 0.517284 0.684258 0.876519
0 0.513084 0.522842 0.666457 0.852015
0 0.485687 0.532806 0.667469 0.799446
0 0.499663 0.522333 0.677762 0.837806
0 0.507091 0.520119 0.675756 0.854012
0 0.509597 0.523513 0.676695 0.858147
0 0.502854 0.519942 0.683427 0.871479
0 0.499211 0.517789 0.672803 0.877486
0 0.505200 0.526908 0.645165 0.854362
0 0.490857 0.524466 0.695850 0.860434
0 0.471270 0.519817 0.703690 0.857120
0 0.502280 0.521530 0.655781 0.835589
0 0.470906 0.535049 0.621990 0.750574
0 0.474987 0.525310 0.628573 0.794524
0 0.485901 0.528371 0.650041 0.816075
0 0.500862 0.526713 0.657496 0.823302
0 0.496237 0.521733 0.671254 0.853624
0 0.491357 0.525541 0.673589 0.852374
0 0.500234 0.539219 0.654061 0.836595
0 0.491940 0.537007 0.700976 0.812013
0 0.493155 0.526922 0.674265 0.790938
0 0.463733 0.544542 0.621364 0.723720
0 0.468157 0.538184 0.629798 0.743436
0 0.485591 0.541627 0.637774 0.772108
0 0.488429 0.532629 0.644676 0.797696
0 0.492459 0.541052 0.632456 0.810559
0 0.494104 0.553361 0.618401 0.777786
0 0.494555 0.552735 0.651685 0.768333
0 0.468849 0.560404 0.655363 0.747292
0 0.471802 0.550500 0.662534 0.756623
0 0.469969 0.565344 0.642912 0.756141