0 0.482080 0.326689 0.320339 0.449347
0 0.480946 0.330587 0.318333 0.447084
0 0.483103 0.328301 0.325676 0.452482
0 0.481791 0.330231 0.329443 0.465217
0 0.481149 0.339605 0.325408 0.452664
0 0.479927 0.341273 0.322043 0.455154
0 0.481012 0.343691 0.324488 0.446626
0 0.481189 0.335887 0.328022 0.459712
0 0.489361 0.328526 0.333824 0.452070
0 0.485115 0.333339 0.322765 0.437585
0 0.484930 0.336566 0.331987 0.440856
0 0.478447 0.335325 0.322754 0.433355
0 0.479872 0.336330 0.316626 0.428434
0 0.474290 0.332101 0.313018 0.436882
0 0.487304 0.331162 0.329375 0.448374
0 0.486375 0.337611 0.321969 0.442299
0 0.485686 0.338317 0.331650 0.443316
0 0.477068 0.337223 0.324349 0.431569
0 0.479999 0.339873 0.321934 0.430168
0 0.484893 0.341965 0.328846 0.430834
0 0.488250 0.332572 0.333244 0.448861
0 0.485982 0.337298 0.332043 0.444956
0 0.483427 0.341669 0.322959 0.430502
0 0.480358 0.343828 0.328422 0.424809
0 0.480374 0.341866 0.325676 0.426616
0 0.485227 0.346229 0.335949 0.432519
0 0.483295 0.336590 0.330069 0.448220
0 0.481229 0.336774 0.330379 0.442436
0 0.482834 0.339555 0.324628 0.434726
0 0.483498 0.343237 0.325368 0.423648
0 0.483520 0.342297 0.327903 0.430355
0 0.480992 0.341985 0.322871 0.434090
0 0.481030 0.343764 0.318884 0.432915
0 0.486540 0.345924 0.318188 0.425538
0 0.490859 0.352791 0.328395 0.434342
0 0.482014 0.353582 0.328946 0.450071