0 0.348771 0.354068 0.497053 0.698345
0 0.358826 0.369299 0.507044 0.698235
0 0.345065 0.353600 0.486114 0.683232
0 0.361399 0.370126 0.501597 0.692800
0 0.344543 0.355096 0.479635 0.687401
0 0.357783 0.370489 0.494892 0.695959
0 0.344602 0.356529 0.476634 0.679144
0 0.350783 0.377574 0.495710 0.688464
0 0.351181 0.382625 0.498413 0.707683
0 0.338189 0.366268 0.503323 0.686395
0 0.342916 0.354634 0.499523 0.669385
0 0.337578 0.354238 0.499958 0.665305
0 0.359621 0.363655 0.510911 0.670425
0 0.343165 0.359472 0.504453 0.685379
0 0.350530 0.372240 0.498145 0.678012
0 0.340412 0.354938 0.489231 0.670013
0 0.346832 0.363010 0.492463 0.686211
0 0.337495 0.354276 0.485929 0.657334
0 0.340457 0.365390 0.495398 0.673380
0 0.343288 0.353231 0.476733 0.651247
0 0.338559 0.366806 0.485279 0.673877
0 0.333300 0.366546 0.486932 0.673022
0 0.306376 0.367022 0.549640 0.713729
0 0.354729 0.361012 0.516972 0.682908
0 0.339234 0.355517 0.505868 0.662057
0 0.341312 0.350494 0.510186 0.658882
0 0.358544 0.358992 0.515646 0.660328
0 0.344324 0.356507 0.502255 0.675050
0 0.350372 0.357385 0.495690 0.668376
0 0.338081 0.352717 0.485597 0.657863
0 0.342882 0.354009 0.488900 0.678252
0 0.338670 0.351750 0.493993 0.659801
0 0.343668 0.361778 0.496896 0.668115
0 0.338679 0.353154 0.471974 0.641376
0 0.338395 0.363004 0.488713 0.662538
0 0.333774 0.367233 0.478583 0.659606
0 0.305929 0.373664 0.549239 0.706150
0 0.359097 0.359339 0.534747 0.698784
0 0.338337 0.358106 0.503830 0.670670
0 0.342681 0.351489 0.498174 0.652178
0 0.363262 0.354693 0.516323 0.664385
0 0.345036 0.353579 0.501253 0.688042
0 0.352478 0.355756 0.491771 0.677762
0 0.338424 0.349064 0.488069 0.659506
0 0.340678 0.352725 0.485099 0.673980
0 0.337229 0.349711 0.487556 0.664078
0 0.340455 0.358027 0.479959 0.665987
0 0.337801 0.350066 0.474711 0.640220
0 0.332275 0.357712 0.478147 0.656018
0 0.327824 0.363713 0.470368 0.648055
0 0.301571 0.359298 0.546768 0.687494
0 0.358470 0.357921 0.531151 0.714186
0 0.337193 0.358475 0.499850 0.696669
0 0.363898 0.369157 0.522901 0.699610
0 0.338615 0.360043 0.502522 0.691643
0 0.352734 0.364903 0.510531 0.700224
0 0.330786 0.363272 0.485973 0.662819
0 0.338879 0.365532 0.499188 0.691068
0 0.333443 0.369359 0.483509 0.669102
0 0.341408 0.374969 0.494416 0.694152
0 0.334476 0.367146 0.476903 0.666978
0 0.335600 0.374620 0.473973 0.683375
0 0.331872 0.380075 0.473291 0.681088
0 0.302449 0.375018 0.543760 0.711742
0 0.317694 0.374938 0.542693 0.720185
0 0.355314 0.348230 0.510351 0.739959
0 0.339536 0.348045 0.492960 0.730047
0 0.365585 0.345298 0.507753 0.724233
0 0.340144 0.338561 0.486062 0.716122
0 0.354394 0.346067 0.491983 0.716946
0 0.333184 0.343568 0.480118 0.686446
0 0.330283 0.346661 0.480688 0.701896
0 0.333375 0.345265 0.470589 0.700729
0 0.330389 0.345954 0.475845 0.722392
0 0.335932 0.350962 0.459031 0.693824
0 0.331462 0.353018 0.456253 0.711316
0 0.326359 0.361764 0.464956 0.717564
0 0.293552 0.365555 0.551516 0.750950
0 0.355728 0.365352 0.506594 0.738403
0 0.346871 0.355645 0.501408 0.741964
0 0.364501 0.360046 0.534482 0.744529
0 0.334201 0.349836 0.492568 0.710723
0 0.354261 0.359085 0.504745 0.723789
0 0.331563 0.350623 0.485233 0.709276
0 0.339064 0.359547 0.487812 0.725056
0 0.330401 0.353821 0.475328 0.713783
0 0.334664 0.359854 0.479910 0.730823
0 0.339638 0.367131 0.470889 0.709811
0 0.347107 0.371028 0.463045 0.724765
0 0.336455 0.381294 0.479964 0.741920
0 0.306923 0.377651 0.546862 0.759287
0 0.345478 0.351815 0.505499 0.740577
0 0.358989 0.348175 0.535256 0.760148
0 0.331492 0.360215 0.476504 0.725636
0 0.359676 0.356056 0.512918 0.763438
0 0.333825 0.362635 0.482995 0.730752
0 0.350128 0.365652 0.498621 0.760453
0 0.342904 0.375234 0.495953 0.763293
0 0.352606 0.373318 0.482464 0.781303
0 0.335957 0.391108 0.518163 0.796311