0 0.462603 0.373469 0.289618 0.462482
0 0.462404 0.373569 0.292372 0.460047
0 0.463266 0.370025 0.286402 0.466079
0 0.462540 0.373752 0.297185 0.475278
0 0.465035 0.377966 0.300326 0.468506
0 0.466451 0.380212 0.302666 0.466080
0 0.466683 0.375826 0.300858 0.466825
0 0.466729 0.371824 0.292068 0.469371
0 0.461751 0.370467 0.302200 0.471498
0 0.461506 0.374000 0.294706 0.462512
0 0.467328 0.375595 0.297220 0.455417
0 0.468681 0.376124 0.301635 0.461776
0 0.463541 0.368978 0.295706 0.452247
0 0.464511 0.371322 0.295945 0.451985
0 0.463376 0.376205 0.301848 0.451628
0 0.465958 0.371559 0.308742 0.460963
0 0.468518 0.375027 0.298672 0.460917
0 0.468478 0.374783 0.304450 0.461352
0 0.464680 0.376223 0.302788 0.456248
0 0.464900 0.371469 0.300347 0.457056
0 0.459467 0.378110 0.309369 0.453956
0 0.461799 0.374470 0.305795 0.459078
0 0.465380 0.370509 0.307025 0.477747
0 0.464313 0.373505 0.302838 0.462605
0 0.467840 0.375707 0.307994 0.458508
0 0.469846 0.371165 0.306758 0.463918
0 0.464064 0.379758 0.309216 0.455387
0 0.463762 0.379140 0.307495 0.465209
0 0.463364 0.374815 0.302322 0.461529
0 0.466848 0.377472 0.308848 0.468535
0 0.471556 0.380745 0.304569 0.468997
0 0.465721 0.379768 0.299960 0.455701
0 0.468208 0.377720 0.307929 0.462072
0 0.470062 0.380498 0.305227 0.459719