0 0.541710 0.348115 0.249131 0.451448
0 0.541043 0.347240 0.245291 0.437010
0 0.540088 0.352154 0.248211 0.440301
0 0.540128 0.350293 0.249327 0.429443
0 0.536674 0.347075 0.251724 0.419588
0 0.539577 0.345418 0.246366 0.411964
0 0.538423 0.346176 0.248754 0.411408
0 0.535201 0.342941 0.252232 0.415735
0 0.538178 0.340110 0.245711 0.411522
0 0.539360 0.341662 0.250584 0.403860
0 0.534816 0.337320 0.252082 0.409769
0 0.536259 0.335774 0.249164 0.412555
0 0.538501 0.339639 0.246984 0.405083
0 0.535768 0.336275 0.250711 0.407319
0 0.537021 0.335896 0.249161 0.410332
0 0.538612 0.338742 0.248442 0.407989
0 0.537843 0.337770 0.254456 0.398267
0 0.537920 0.338086 0.251215 0.401008
0 0.539576 0.339796 0.247529 0.400402
0 0.538366 0.342103 0.258040 0.388817
0 0.540499 0.339221 0.250660 0.394887
0 0.542314 0.341510 0.249400 0.396214
0 0.535161 0.347662 0.249513 0.455371
0 0.535038 0.346361 0.251050 0.455770
0 0.535753 0.340968 0.254252 0.458218
0 0.544424 0.334598 0.246920 0.450746
0 0.527694 0.338174 0.251924 0.432323
0 0.540905 0.340132 0.249883 0.416247
0 0.539226 0.339151 0.247702 0.418058
0 0.540171 0.337114 0.246231 0.412308
0 0.537913 0.336963 0.241872 0.417722
0 0.531775 0.339363 0.242853 0.415614
0 0.538795 0.341157 0.246468 0.411152
0 0.537467 0.341665 0.239752 0.408191
0 0.534188 0.335945 0.248857 0.403533
0 0.535698 0.338800 0.247003 0.414527
0 0.546636 0.333858 0.244176 0.414830
0 0.528407 0.336830 0.242315 0.406797
0 0.537416 0.337985 0.251914 0.412177
0 0.533604 0.338465 0.256730 0.417806
0 0.536227 0.331334 0.252488 0.424117
0 0.540969 0.337146 0.250692 0.413248
0 0.550835 0.336733 0.260342 0.413940
0 0.529091 0.334997 0.257228 0.402517
0 0.538183 0.333185 0.250307 0.418143
0 0.537275 0.336499 0.257417 0.411646
0 0.538637 0.332849 0.259429 0.413228
0 0.539418 0.338738 0.258250 0.407856
0 0.538828 0.343760 0.257920 0.412519
0 0.543268 0.336672 0.266235 0.413487
0 0.546721 0.345497 0.272271 0.403502