0 0.497005 0.316446 0.227046 0.335437
0 0.499499 0.316557 0.229181 0.339212
0 0.498209 0.317706 0.232717 0.337249
0 0.499313 0.320924 0.231498 0.330500
0 0.498610 0.320988 0.233707 0.333922
0 0.500936 0.319478 0.234483 0.338147
0 0.496665 0.315018 0.230319 0.325903
0 0.499929 0.316566 0.229717 0.325598
0 0.499250 0.316612 0.231252 0.328619
0 0.499238 0.316902 0.235423 0.328771
0 0.500194 0.317416 0.231108 0.326563
0 0.502892 0.318187 0.231836 0.319737
0 0.497257 0.315697 0.234173 0.319605
0 0.501063 0.315201 0.235288 0.331236
0 0.500631 0.316843 0.233152 0.333235
0 0.501608 0.317591 0.234856 0.334316
0 0.500943 0.317591 0.233327 0.331195
0 0.502587 0.319400 0.233805 0.322239
0 0.497726 0.316155 0.238250 0.320247
0 0.500398 0.314794 0.232538 0.332410
0 0.500872 0.317436 0.232549 0.334021
0 0.500612 0.315440 0.232650 0.331984
0 0.500691 0.316117 0.234655 0.334234
0 0.503936 0.318259 0.235180 0.326022
0 0.497846 0.316488 0.235801 0.321419
0 0.499861 0.314547 0.234053 0.331079
0 0.501107 0.316624 0.236139 0.332941
0 0.500943 0.314657 0.237058 0.333337
0 0.502094 0.316607 0.236597 0.334320
0 0.503417 0.318109 0.237103 0.328998
0 0.499068 0.317991 0.240426 0.318832
0 0.499907 0.316492 0.234066 0.332779
0 0.501335 0.315248 0.237297 0.332084
0 0.501117 0.314377 0.238112 0.331338
0 0.502451 0.315882 0.238117 0.333012
0 0.503238 0.320229 0.237432 0.332756
0 0.499600 0.316448 0.235030 0.333911
0 0.500407 0.315466 0.233474 0.330044
0 0.500555 0.314970 0.234637 0.335533
0 0.502916 0.316547 0.238225 0.335516
0 0.498093 0.323835 0.242771 0.330636
0 0.499619 0.316557 0.236764 0.335983
0 0.499186 0.317505 0.231570 0.331865
0 0.504493 0.321732 0.236378 0.337379
0 0.500889 0.319882 0.237512 0.346513
0 0.503655 0.318393 0.244495 0.340764
0 0.505172 0.319809 0.236604 0.342208
0 0.499610 0.316520 0.238763 0.340188
0 0.502423 0.319739 0.237192 0.339600
0 0.503537 0.318406 0.238536 0.338517
0 0.501219 0.319965 0.235015 0.334108
0 0.499013 0.318705 0.232566 0.337404
0 0.504348 0.314284 0.237236 0.344912
0 0.498204 0.316216 0.247630 0.338730
0 0.500871 0.316105 0.240273 0.333312
0 0.502770 0.319736 0.234248 0.335184
0 0.501690 0.320851 0.236089 0.338405
0 0.503944 0.318962 0.235485 0.336738
0 0.504443 0.316965 0.237106 0.341149
0 0.498258 0.318293 0.236182 0.339305
0 0.501145 0.319309 0.231126 0.334288
0 0.501700 0.318506 0.229760 0.333547
0 0.499755 0.319675 0.231909 0.336988
0 0.495672 0.321513 0.243203 0.336244