0 0.390434 0.401861 0.333362 0.471371
0 0.390961 0.403521 0.343207 0.455338
0 0.384216 0.403486 0.329881 0.442789
0 0.382404 0.401566 0.331963 0.433702
0 0.388816 0.397857 0.333277 0.446755
0 0.389337 0.395108 0.344919 0.441161
0 0.388822 0.398847 0.341067 0.436494
0 0.387533 0.403071 0.335352 0.440210
0 0.384275 0.403154 0.337674 0.438316
0 0.386698 0.401980 0.336702 0.435042
0 0.371900 0.399735 0.323525 0.444514
0 0.386475 0.401774 0.344525 0.440410
0 0.386942 0.400016 0.341399 0.443096
0 0.389405 0.401419 0.338408 0.434710
0 0.381399 0.400727 0.339166 0.433419
0 0.381088 0.400469 0.335855 0.428740
0 0.385081 0.402644 0.329191 0.431875
0 0.373827 0.404593 0.321254 0.436052
0 0.388065 0.400050 0.346938 0.438584
0 0.388812 0.401187 0.341303 0.440983
0 0.384528 0.400894 0.329989 0.432866
0 0.381212 0.401202 0.333368 0.431285
0 0.385032 0.402256 0.337854 0.429335
0 0.387326 0.410289 0.332126 0.433636
0 0.382489 0.402520 0.345012 0.449362
0 0.383511 0.400911 0.344737 0.449005
0 0.383627 0.406430 0.327107 0.432616
0 0.377466 0.406740 0.325832 0.437864
0 0.383612 0.405561 0.334018 0.437980
0 0.391738 0.410265 0.332094 0.443045
0 0.382798 0.408708 0.332911 0.429630
0 0.386970 0.405623 0.329407 0.431210
0 0.380074 0.406901 0.324485 0.432375
0 0.386540 0.409815 0.330514 0.441133
0 0.388657 0.401522 0.338288 0.465121