0 0.942767 0.458505 0.021288 0.024380
0 0.554614 0.469837 0.504190 0.646183
0 0.548247 0.475848 0.490078 0.657698
0 0.546410 0.463430 0.470088 0.636617
0 0.544297 0.468947 0.487791 0.653228
0 0.548094 0.463111 0.469535 0.642357
0 0.539090 0.472012 0.494607 0.666716
0 0.545023 0.464360 0.507207 0.670649
0 0.539572 0.460725 0.503022 0.673441
0 0.570404 0.485912 0.520972 0.681819
0 0.559980 0.475222 0.487355 0.647382
0 0.549117 0.470213 0.475422 0.658184
0 0.551861 0.477360 0.484711 0.668581
0 0.553950 0.474045 0.473647 0.647243
0 0.553806 0.475991 0.479889 0.649034
0 0.552646 0.475204 0.475815 0.647103
0 0.546420 0.478372 0.481312 0.649676
0 0.554399 0.463616 0.480102 0.624594
0 0.549907 0.468962 0.503895 0.649879
0 0.544374 0.468792 0.514604 0.664055
0 0.567599 0.463380 0.473194 0.653019
0 0.571679 0.484919 0.502670 0.671856
0 0.548194 0.471538 0.471153 0.634491
0 0.558825 0.478443 0.466914 0.648788
0 0.549825 0.473214 0.465851 0.638195
0 0.548227 0.476957 0.470214 0.652998
0 0.553247 0.468890 0.473646 0.625477
0 0.547119 0.469403 0.474578 0.631167
0 0.555242 0.465069 0.480616 0.627818
0 0.551088 0.470195 0.482256 0.635747
0 0.549724 0.453111 0.486795 0.621242
0 0.545910 0.460749 0.488159 0.633875
0 0.557372 0.458434 0.488877 0.607031
0 0.543489 0.464227 0.506757 0.633157
0 0.568217 0.463001 0.471507 0.630630
0 0.564836 0.468901 0.472287 0.647077
0 0.581657 0.473022 0.548208 0.695854
0 0.574453 0.476268 0.503832 0.681208
0 0.553609 0.473353 0.463472 0.620972
0 0.564364 0.477761 0.460799 0.651515
0 0.557492 0.464083 0.463684 0.604768
0 0.557528 0.468912 0.469692 0.631734
0 0.554565 0.464552 0.485528 0.616375
0 0.547881 0.469192 0.483300 0.631164
0 0.556785 0.458515 0.484541 0.628166
0 0.554432 0.462849 0.474913 0.630918
0 0.553560 0.456914 0.491316 0.630993
0 0.553832 0.465619 0.481395 0.624000
0 0.558879 0.458509 0.497970 0.613003
0 0.551025 0.461999 0.501296 0.627895
0 0.567459 0.465262 0.472253 0.625056
0 0.562528 0.471772 0.486444 0.641337
0 0.580203 0.470458 0.556460 0.703840
0 0.573932 0.466670 0.508663 0.680582
0 0.554757 0.465934 0.471014 0.617789
0 0.564198 0.461632 0.461020 0.637779
0 0.556350 0.454165 0.469723 0.619203
0 0.557780 0.456657 0.469321 0.640076
0 0.555247 0.452431 0.480065 0.623970
0 0.552284 0.455622 0.477102 0.636808
0 0.560225 0.451853 0.485951 0.624911
0 0.557750 0.456806 0.473940 0.626759
0 0.558248 0.450214 0.489081 0.629921
0 0.554494 0.457274 0.473428 0.618449
0 0.557166 0.448882 0.495143 0.622816
0 0.545327 0.451313 0.490178 0.625042
0 0.567480 0.455045 0.459483 0.616380
0 0.563629 0.461889 0.489403 0.649464
0 0.574781 0.458093 0.510057 0.682286
0 0.555793 0.465154 0.474966 0.608629
0 0.568518 0.452422 0.463324 0.626879
0 0.560520 0.452016 0.466797 0.613621
0 0.562451 0.454624 0.462387 0.620026
0 0.556454 0.452276 0.475423 0.616397
0 0.556600 0.452320 0.480708 0.634310
0 0.562739 0.451746 0.485642 0.627320
0 0.562165 0.455207 0.470392 0.619160
0 0.560388 0.452824 0.484417 0.636236
0 0.558035 0.459483 0.478056 0.630399
0 0.561027 0.451720 0.480634 0.612138
0 0.549552 0.445375 0.476184 0.613363
0 0.567684 0.448944 0.452500 0.617198
0 0.558393 0.455079 0.484481 0.642464
0 0.572658 0.461103 0.511748 0.691567
0 0.570587 0.445821 0.475963 0.636728
0 0.556917 0.443577 0.467568 0.642592
0 0.560402 0.441939 0.461704 0.642404
0 0.563489 0.438376 0.476211 0.643707
0 0.561844 0.440566 0.473393 0.647039
0 0.563981 0.436599 0.482460 0.656295
0 0.561660 0.438213 0.473931 0.644492
0 0.564213 0.443772 0.482789 0.663879
0 0.559198 0.445963 0.482765 0.657993
0 0.556438 0.436585 0.473052 0.642997
0 0.571418 0.444006 0.449612 0.639658
0 0.563314 0.461054 0.479920 0.653372
0 0.568005 0.456043 0.479941 0.649190
0 0.551176 0.468129 0.458513 0.623202
0 0.563149 0.454224 0.472780 0.645800
0 0.561827 0.453571 0.468685 0.624122
0 0.565428 0.449915 0.487697 0.649694
0 0.563969 0.445668 0.471539 0.639923
0 0.560468 0.442592 0.488439 0.649562
0 0.570624 0.454694 0.469077 0.629083
0 0.560808 0.443824 0.492412 0.642757
0 0.564379 0.441387 0.487753 0.639515
0 0.580310 0.457885 0.469473 0.631649