0 0.520696 0.204425 0.174562 0.249134
0 0.524143 0.204346 0.175794 0.249107
0 0.522825 0.208322 0.174269 0.255981
0 0.523092 0.212355 0.172293 0.246245
0 0.522979 0.212413 0.174819 0.244295
0 0.524006 0.206766 0.174325 0.249694
0 0.523153 0.203641 0.177576 0.255521
0 0.524146 0.210490 0.173243 0.248178
0 0.523910 0.211265 0.174553 0.248441
0 0.524015 0.210206 0.176001 0.247299
0 0.523843 0.211828 0.175378 0.248539
0 0.526418 0.208808 0.179508 0.250395
0 0.524793 0.207889 0.174136 0.249911
0 0.524959 0.210864 0.177573 0.252501
0 0.524589 0.212723 0.176420 0.253269
0 0.524030 0.212034 0.176830 0.249240
0 0.524187 0.211447 0.178655 0.252468
0 0.523693 0.211751 0.178832 0.250478
0 0.524692 0.210060 0.174219 0.246603
0 0.525516 0.210507 0.176861 0.247275
0 0.524762 0.212877 0.175472 0.248766
0 0.524482 0.211908 0.175622 0.250724
0 0.523517 0.212307 0.175863 0.252887
0 0.523540 0.211239 0.177314 0.248418
0 0.525280 0.210682 0.176380 0.243725
0 0.525032 0.211901 0.176882 0.247328
0 0.524978 0.211328 0.176042 0.246336
0 0.525284 0.210863 0.177272 0.248844
0 0.524319 0.210600 0.176676 0.250029
0 0.524571 0.210770 0.175712 0.250613
0 0.525111 0.212999 0.173449 0.247614
0 0.524629 0.213186 0.174734 0.249379
0 0.524362 0.211154 0.176382 0.249538
0 0.523737 0.210532 0.177130 0.256088
0 0.525313 0.215949 0.175198 0.248476
0 0.524926 0.213427 0.175508 0.247876
0 0.525835 0.210808 0.174474 0.251970
0 0.525951 0.214924 0.173061 0.250874
0 0.527835 0.214945 0.175554 0.262192