0 0.515575 0.312908 0.280241 0.419937
0 0.514326 0.315667 0.282580 0.418287
0 0.514173 0.315784 0.284125 0.426428
0 0.512873 0.309605 0.282928 0.423775
0 0.516915 0.312709 0.286640 0.413225
0 0.519359 0.313853 0.288014 0.422126
0 0.515792 0.313992 0.285770 0.417861
0 0.517300 0.311967 0.283465 0.427659
0 0.514205 0.308291 0.284669 0.419223
0 0.514244 0.311764 0.282382 0.415812
0 0.517654 0.313507 0.285273 0.413087
0 0.518908 0.310371 0.285134 0.418594
0 0.513991 0.311118 0.281052 0.416954
0 0.515975 0.315124 0.281049 0.413378
0 0.513219 0.311998 0.284585 0.414163
0 0.514547 0.305377 0.286520 0.422016
0 0.516260 0.309936 0.283222 0.416347
0 0.518354 0.310763 0.282191 0.415438
0 0.516739 0.312351 0.282804 0.421090
0 0.517238 0.310647 0.284363 0.418474
0 0.511902 0.311646 0.278617 0.418076
0 0.515064 0.308421 0.282447 0.425543
0 0.517181 0.312701 0.283840 0.416122
0 0.516870 0.311557 0.286645 0.415810
0 0.516688 0.310302 0.284498 0.424246
0 0.509892 0.318952 0.281621 0.411866
0 0.515389 0.314741 0.283456 0.419589
0 0.516945 0.311559 0.279832 0.411283
0 0.517668 0.312155 0.281128 0.414622