0 0.483230 0.464642 0.557870 0.784852
0 0.488309 0.468182 0.562905 0.792596
0 0.495444 0.467194 0.567287 0.794049
0 0.493957 0.471900 0.564937 0.788732
0 0.496328 0.471092 0.564964 0.786805
0 0.494533 0.464979 0.577285 0.784844
0 0.484396 0.456329 0.551111 0.750871
0 0.482815 0.456788 0.547171 0.746834
0 0.483092 0.442233 0.542384 0.733357
0 0.491413 0.455603 0.556292 0.758013
0 0.486617 0.443332 0.554831 0.736191
0 0.491171 0.456959 0.564061 0.751796
0 0.495557 0.440670 0.547655 0.731028
0 0.497908 0.453366 0.561511 0.748890
0 0.499530 0.439946 0.530480 0.719395
0 0.496603 0.455594 0.553409 0.749383
0 0.504742 0.453763 0.543348 0.744330
0 0.504198 0.452890 0.550592 0.754260
0 0.486889 0.451853 0.576317 0.745781
0 0.487531 0.453710 0.556416 0.721725
0 0.474230 0.438156 0.545406 0.690127
0 0.487029 0.449484 0.557395 0.719612
0 0.479912 0.437218 0.564980 0.709402
0 0.490429 0.446835 0.571926 0.732098
0 0.486770 0.434884 0.575290 0.696575
0 0.491458 0.446443 0.575164 0.713267
0 0.493534 0.431961 0.564498 0.696379
0 0.495818 0.443112 0.568043 0.720719
0 0.491117 0.431563 0.558774 0.684173
0 0.487540 0.440855 0.569761 0.713237
0 0.493900 0.446045 0.564621 0.726698
0 0.502025 0.450015 0.559038 0.738251
0 0.497461 0.465886 0.585734 0.783409
0 0.477155 0.438929 0.571448 0.733007
0 0.484802 0.442010 0.577946 0.706438
0 0.487204 0.442684 0.558209 0.706287
0 0.473963 0.433357 0.555746 0.680553
0 0.484233 0.434263 0.561527 0.708784
0 0.481256 0.432200 0.571537 0.698808
0 0.488258 0.431396 0.574445 0.715360
0 0.486069 0.429203 0.581159 0.683592
0 0.492055 0.431881 0.584495 0.705001
0 0.487215 0.428185 0.566682 0.673582
0 0.489171 0.433790 0.577801 0.703983
0 0.491125 0.420890 0.564926 0.664112
0 0.487997 0.425214 0.571219 0.683644
0 0.490565 0.435561 0.566671 0.698494
0 0.502533 0.436791 0.549450 0.694154
0 0.492570 0.450575 0.583018 0.729734
0 0.486558 0.425303 0.573506 0.695881
0 0.499025 0.431804 0.580140 0.680935
0 0.499500 0.433296 0.572880 0.704805
0 0.477679 0.434926 0.556007 0.690080
0 0.486358 0.434442 0.545771 0.703161
0 0.485730 0.430934 0.574711 0.702163
0 0.493185 0.431103 0.553705 0.695182
0 0.489242 0.422355 0.569225 0.679229
0 0.494278 0.423439 0.563781 0.686755
0 0.486388 0.419434 0.553046 0.678134
0 0.487567 0.423596 0.559611 0.694971
0 0.490759 0.415611 0.555786 0.669187
0 0.488934 0.423759 0.557097 0.681482
0 0.492013 0.423765 0.569292 0.687034
0 0.503052 0.428778 0.550081 0.671263
0 0.486754 0.432884 0.584798 0.706311
0 0.500492 0.442186 0.568821 0.728552
0 0.490250 0.431374 0.575420 0.700751
0 0.496070 0.437568 0.583758 0.705223
0 0.495946 0.446969 0.574378 0.726421
0 0.474824 0.442721 0.552285 0.697311
0 0.483164 0.437161 0.548267 0.708809
0 0.487983 0.439046 0.574766 0.707236
0 0.497413 0.435254 0.566605 0.709596
0 0.487773 0.431941 0.554382 0.675611
0 0.493288 0.426843 0.569005 0.699416
0 0.483211 0.427463 0.546373 0.691468
0 0.484529 0.423921 0.566379 0.719720
0 0.489621 0.427441 0.540394 0.685831
0 0.487390 0.429599 0.551747 0.706607
0 0.494269 0.439510 0.568939 0.708492
0 0.504064 0.437835 0.548459 0.681753
0 0.482847 0.432653 0.585859 0.720115
0 0.503657 0.437822 0.560474 0.726772
0 0.489019 0.442168 0.570727 0.683281
0 0.496538 0.449822 0.581559 0.707732
0 0.470386 0.442206 0.531567 0.661282
0 0.476585 0.439817 0.546676 0.692593
0 0.490786 0.430184 0.555339 0.689528
0 0.499450 0.430084 0.553878 0.700415
0 0.487483 0.424753 0.562351 0.704474
0 0.493087 0.421203 0.557460 0.712353
0 0.486593 0.423457 0.553398 0.718488
0 0.487524 0.414190 0.551218 0.729877
0 0.487160 0.429881 0.541505 0.699861
0 0.484390 0.421177 0.552824 0.729281
0 0.489795 0.428748 0.570859 0.727238
0 0.501549 0.431739 0.549159 0.704814
0 0.482171 0.426252 0.566255 0.724905
0 0.490306 0.446112 0.545402 0.662776
0 0.492622 0.443152 0.567410 0.687033
0 0.470888 0.445517 0.528684 0.662374
0 0.477579 0.446078 0.539091 0.690911
0 0.492563 0.438869 0.558956 0.713521
0 0.502501 0.440768 0.563002 0.720489
0 0.492291 0.440004 0.570576 0.728016
0 0.496649 0.436708 0.574206 0.737367
0 0.493381 0.440768 0.569274 0.722556
0 0.493312 0.432374 0.568244 0.741443
0 0.494125 0.442900 0.551414 0.708655
0 0.490909 0.432952 0.558150 0.747944
0 0.491323 0.442519 0.565136 0.734992
0 0.494859 0.441996 0.553892 0.714514
0 0.481819 0.440139 0.537915 0.732487
0 0.493679 0.427106 0.544956 0.679647
0 0.483371 0.440444 0.542570 0.674479
0 0.495918 0.460623 0.535934 0.657098
0 0.502977 0.446551 0.564372 0.697464
0 0.497134 0.462881 0.551059 0.669969
0 0.501605 0.447557 0.576007 0.713598
0 0.496794 0.465496 0.553784 0.668209
0 0.495305 0.445609 0.580768 0.712539
0 0.489212 0.449554 0.580573 0.711693
0 0.479448 0.462021 0.584796 0.709776
0 0.489755 0.459678 0.552787 0.704474
0 0.489361 0.448721 0.554490 0.673983
0 0.495812 0.455876 0.567589 0.709934
0 0.490658 0.497417 0.528617 0.631371
0 0.484819 0.456786 0.567275 0.691019
0 0.462799 0.454936 0.569401 0.687427
0 0.464248 0.465217 0.568022 0.678453
0 0.454270 0.473489 0.596469 0.712846