0 0.465630 0.407358 0.248755 0.366171
0 0.467827 0.409728 0.248243 0.364859
0 0.470783 0.408490 0.249900 0.358728
0 0.469165 0.410143 0.249374 0.351712
0 0.468701 0.410728 0.255575 0.357103
0 0.469064 0.411288 0.257322 0.355322
0 0.470814 0.411323 0.254075 0.355575
0 0.466011 0.406410 0.238589 0.336005
0 0.468711 0.408228 0.247306 0.340515
0 0.467767 0.408033 0.250799 0.346537
0 0.467687 0.408093 0.253009 0.345486
0 0.468692 0.411146 0.253328 0.344588
0 0.467203 0.409266 0.238219 0.326775
0 0.468985 0.407380 0.243584 0.338008
0 0.469958 0.407692 0.247964 0.345682
0 0.467695 0.407533 0.250647 0.343924
0 0.468178 0.410893 0.253234 0.342927
0 0.467848 0.409453 0.239699 0.328413
0 0.468105 0.407954 0.243741 0.339353
0 0.469127 0.406020 0.244579 0.348021
0 0.466989 0.406590 0.245801 0.340903
0 0.467453 0.409815 0.248588 0.337788
0 0.468993 0.408726 0.238487 0.326923
0 0.469172 0.407230 0.238565 0.328742
0 0.469027 0.406003 0.241001 0.337945
0 0.467979 0.406372 0.241077 0.339522
0 0.467244 0.406504 0.244337 0.333550
0 0.466757 0.410623 0.238130 0.321806
0 0.468956 0.408929 0.237765 0.330506
0 0.467350 0.406491 0.235824 0.338058
0 0.466917 0.406545 0.234369 0.340809
0 0.468126 0.407232 0.241194 0.338171
0 0.467360 0.410770 0.234359 0.333924
0 0.467918 0.406529 0.232017 0.338770
0 0.467248 0.405755 0.233252 0.341874
0 0.470977 0.409855 0.238895 0.336979
0 0.467425 0.408680 0.229523 0.342485
0 0.469178 0.407726 0.235567 0.345520
0 0.463746 0.403960 0.247284 0.345425
0 0.472343 0.410840 0.246421 0.334664
0 0.471352 0.411823 0.243685 0.330397
0 0.471379 0.408760 0.240229 0.332087
0 0.466915 0.412021 0.243851 0.338513
0 0.470269 0.411199 0.237694 0.335260
0 0.471193 0.412599 0.234741 0.327597
0 0.471186 0.409853 0.238492 0.330496
0 0.473268 0.410996 0.240990 0.340271
0 0.466791 0.404127 0.246340 0.336961
0 0.467124 0.410308 0.240793 0.331211
0 0.466399 0.410728 0.237776 0.335215
0 0.472101 0.408312 0.236077 0.334984
0 0.470266 0.409763 0.233777 0.337471
0 0.466968 0.410460 0.244769 0.335919
0 0.467639 0.406492 0.243361 0.336999
0 0.466437 0.408388 0.242394 0.333495
0 0.471151 0.408969 0.240816 0.335272
0 0.475488 0.413849 0.243065 0.339107