0 0.506057 0.300047 0.259571 0.356168
0 0.506245 0.301746 0.260782 0.361028
0 0.505922 0.298558 0.260498 0.357003
0 0.505044 0.304266 0.260305 0.361967
0 0.506895 0.306238 0.262037 0.362320
0 0.505890 0.307487 0.264905 0.366031
0 0.505103 0.308215 0.261777 0.353652
0 0.505941 0.306728 0.263286 0.359877
0 0.505409 0.307836 0.262547 0.364575
0 0.504320 0.309593 0.266243 0.368439
0 0.504654 0.311655 0.263837 0.358018
0 0.505417 0.307807 0.265952 0.358510
0 0.506367 0.307588 0.262776 0.363985
0 0.505616 0.309423 0.261260 0.363742
0 0.504909 0.310883 0.265494 0.359526
0 0.504754 0.312232 0.267686 0.347803
0 0.505305 0.308205 0.261821 0.355321
0 0.507693 0.308889 0.259959 0.364851
0 0.505556 0.308188 0.262317 0.364101
0 0.503786 0.312058 0.265371 0.362519
0 0.504632 0.315069 0.266152 0.352257
0 0.506141 0.309351 0.262431 0.347701
0 0.507451 0.309478 0.264193 0.358458
0 0.506079 0.309866 0.260953 0.362885
0 0.505480 0.313715 0.264475 0.363785
0 0.506395 0.316865 0.263497 0.348119
0 0.506539 0.310343 0.258438 0.349344
0 0.506705 0.310547 0.261180 0.355552
0 0.505775 0.310826 0.261356 0.360737
0 0.505910 0.311128 0.262287 0.356271
0 0.506598 0.316486 0.262161 0.345626
0 0.506718 0.313526 0.260703 0.344854
0 0.508353 0.310404 0.259317 0.351790
0 0.506249 0.311711 0.259366 0.355374
0 0.506894 0.312224 0.260797 0.357114
0 0.509679 0.318522 0.263552 0.347062
0 0.509018 0.319423 0.256950 0.348674
0 0.508021 0.319413 0.250884 0.347548
0 0.510625 0.321339 0.254889 0.348449
0 0.505783 0.307988 0.261863 0.356969
0 0.506561 0.308797 0.269161 0.353232
0 0.509104 0.309821 0.267972 0.354961
0 0.506029 0.308735 0.263698 0.352635
0 0.511169 0.305292 0.272641 0.373252
0 0.507807 0.313363 0.262671 0.361977
0 0.509794 0.310955 0.262680 0.358107
0 0.504812 0.310790 0.260784 0.358462
0 0.505496 0.310035 0.258001 0.361062
0 0.507323 0.306536 0.263346 0.354713
0 0.510273 0.308209 0.274665 0.362926
0 0.511608 0.310007 0.267131 0.359344
0 0.510684 0.310666 0.264311 0.361920
0 0.508839 0.310906 0.260050 0.352917
0 0.505500 0.311551 0.264363 0.357267
0 0.507290 0.311157 0.264522 0.355576
0 0.509712 0.309582 0.256814 0.352654
0 0.507055 0.309244 0.262162 0.361620
0 0.507854 0.308362 0.257215 0.351289
0 0.510640 0.308711 0.259856 0.361960
0 0.507889 0.319520 0.258603 0.350289
0 0.502160 0.313788 0.263232 0.347086
0 0.509686 0.311578 0.261702 0.355314
0 0.512485 0.315298 0.257788 0.353131
0 0.512769 0.317515 0.259045 0.350116