0 0.505804 0.437753 0.313955 0.460561
0 0.509799 0.440155 0.318334 0.455162
0 0.505935 0.440327 0.318431 0.454345
0 0.507901 0.443591 0.317736 0.454985
0 0.508733 0.444928 0.322243 0.454670
0 0.511960 0.444865 0.323572 0.455767
0 0.504836 0.437915 0.315783 0.464106
0 0.505697 0.444908 0.315811 0.461586
0 0.507840 0.447276 0.320429 0.464022
0 0.509405 0.449306 0.324513 0.461850
0 0.511455 0.447601 0.319145 0.459695
0 0.510689 0.449443 0.321653 0.468433
0 0.504850 0.445512 0.315996 0.464395
0 0.503064 0.447819 0.322115 0.474723
0 0.505989 0.447520 0.319065 0.477704
0 0.509701 0.449762 0.323664 0.468388
0 0.507080 0.448316 0.320122 0.463955
0 0.505839 0.449229 0.320011 0.459890
0 0.504980 0.447815 0.313814 0.464232
0 0.507742 0.445260 0.321712 0.471008
0 0.507305 0.452049 0.318989 0.480606
0 0.504442 0.452955 0.322382 0.468410
0 0.505671 0.451620 0.318912 0.472587
0 0.506703 0.449480 0.317924 0.470206
0 0.502715 0.453603 0.326536 0.464290
0 0.504768 0.448327 0.327299 0.480142
0 0.510262 0.448658 0.323895 0.482280
0 0.505244 0.447665 0.325818 0.470984
0 0.507350 0.450284 0.329240 0.481415
0 0.510335 0.450182 0.320915 0.486280
0 0.505112 0.451219 0.319720 0.472081
0 0.509169 0.449133 0.317236 0.472763
0 0.507891 0.449133 0.324329 0.482176
0 0.505768 0.448574 0.329473 0.488353
0 0.510844 0.454159 0.320559 0.482425
0 0.508833 0.451202 0.315019 0.494657