0 0.499404 0.396466 0.343727 0.504472
0 0.500957 0.395324 0.341492 0.492254
0 0.502892 0.393212 0.350190 0.491464
0 0.503431 0.395351 0.353278 0.486932
0 0.503050 0.391293 0.354218 0.470810
0 0.505817 0.388454 0.354177 0.468775
0 0.499529 0.401545 0.349328 0.525455
0 0.503199 0.402719 0.359507 0.516953
0 0.504422 0.402367 0.361746 0.520119
0 0.505069 0.402801 0.363062 0.506358
0 0.507166 0.397709 0.357066 0.502648
0 0.508850 0.394952 0.358993 0.485485
0 0.498146 0.408615 0.348869 0.518929
0 0.502223 0.402060 0.365211 0.514021
0 0.504802 0.401210 0.358901 0.510206
0 0.505140 0.400966 0.355694 0.493945
0 0.503394 0.397633 0.354948 0.490728
0 0.505625 0.393121 0.361225 0.475249
0 0.496685 0.409062 0.342021 0.522266
0 0.501371 0.404716 0.364002 0.513469
0 0.503815 0.398491 0.360757 0.515230
0 0.503014 0.404046 0.367906 0.500142
0 0.506537 0.400639 0.362049 0.502436
0 0.508050 0.394150 0.355134 0.493165
0 0.493902 0.412084 0.348118 0.529601
0 0.504271 0.408417 0.366893 0.516873
0 0.508072 0.402666 0.364577 0.526585
0 0.503322 0.403740 0.363720 0.497897
0 0.503957 0.404107 0.369987 0.502782
0 0.508247 0.402288 0.356339 0.494302
0 0.503841 0.415254 0.358102 0.518980
0 0.506783 0.409431 0.361374 0.517845
0 0.504059 0.404551 0.363507 0.508751
0 0.499112 0.405742 0.371099 0.520085
0 0.501838 0.436166 0.346334 0.496940
0 0.507981 0.423884 0.352613 0.507415
0 0.500860 0.418083 0.347967 0.505720
0 0.500782 0.424849 0.360215 0.510887