0 0.194415 0.081851 0.097493 0.135681
0 0.193453 0.082221 0.097193 0.130944
0 0.195078 0.083552 0.096877 0.129779
0 0.194229 0.084080 0.096972 0.130478
0 0.194279 0.084660 0.097481 0.129283
0 0.194308 0.083609 0.097184 0.129892
0 0.194384 0.083382 0.099599 0.131249
0 0.194324 0.084064 0.098522 0.130538
0 0.194888 0.084010 0.097503 0.130381
0 0.706322 0.172692 0.142877 0.199897
0 0.704781 0.173084 0.140034 0.198816
0 0.706563 0.172414 0.137373 0.197269
0 0.705398 0.174124 0.140357 0.196103
0 0.706693 0.175827 0.139315 0.197186
0 0.707801 0.176472 0.133764 0.192499
0 0.706863 0.176747 0.139623 0.197175
0 0.706348 0.176078 0.137342 0.194332
0 0.706682 0.173260 0.141590 0.197297
0 0.705227 0.173654 0.141434 0.199343
0 0.705544 0.175219 0.141835 0.195423
0 0.706982 0.178119 0.136625 0.185315
0 0.707068 0.177822 0.140046 0.195865
0 0.707375 0.178549 0.135533 0.189740
0 0.706351 0.176698 0.140441 0.197135
0 0.705731 0.176316 0.140656 0.194010
0 0.707005 0.174829 0.139947 0.196282
0 0.704060 0.176689 0.141988 0.197778
0 0.705512 0.176862 0.140027 0.193862
0 0.706447 0.177122 0.142557 0.198610
0 0.707406 0.178502 0.139392 0.189543
0 0.707139 0.177115 0.142222 0.194846
0 0.706830 0.176096 0.143070 0.194938
0 0.707165 0.176907 0.142822 0.197596
0 0.706772 0.178081 0.139620 0.195409
0 0.706748 0.178347 0.142846 0.196386
0 0.707669 0.178532 0.139021 0.190879
0 0.706612 0.177677 0.141351 0.195745
0 0.706948 0.177798 0.141838 0.195551
0 0.707772 0.179226 0.143015 0.194056
0 0.707936 0.177151 0.143387 0.197113
0 0.707837 0.177488 0.145288 0.197601
0 0.707379 0.176786 0.144750 0.195674