0 0.453579 0.287457 0.242603 0.348652
0 0.454838 0.290609 0.238337 0.352404
0 0.453598 0.286873 0.248956 0.348706
0 0.455778 0.291757 0.245992 0.346228
0 0.454402 0.292753 0.243530 0.349089
0 0.455637 0.291091 0.242684 0.343936
0 0.456178 0.290698 0.242245 0.342132
0 0.455489 0.292528 0.241119 0.344144
0 0.454865 0.294042 0.245611 0.346320
0 0.455870 0.294784 0.241445 0.340940
0 0.457135 0.294304 0.239701 0.333437
0 0.458102 0.288652 0.242103 0.338204
0 0.455371 0.289565 0.238124 0.339639
0 0.454999 0.290313 0.240226 0.339170
0 0.454547 0.290546 0.239687 0.337362
0 0.456402 0.291228 0.240308 0.330406
0 0.457591 0.288717 0.236854 0.335368
0 0.457078 0.289799 0.236771 0.336386
0 0.455896 0.287680 0.237932 0.337627
0 0.455017 0.288311 0.241906 0.337714
0 0.456501 0.289898 0.239949 0.331375
0 0.456459 0.289419 0.235874 0.330829
0 0.457877 0.289997 0.237629 0.339783
0 0.456566 0.288343 0.237759 0.343204
0 0.457757 0.290516 0.241680 0.340485
0 0.458333 0.291702 0.238445 0.331284
0 0.455993 0.290174 0.234793 0.330731
0 0.458387 0.289418 0.239384 0.335811
0 0.457852 0.287971 0.240461 0.335034
0 0.458658 0.290145 0.238674 0.334071
0 0.460561 0.291679 0.236769 0.328055
0 0.455856 0.292838 0.236680 0.326359
0 0.456941 0.289638 0.238358 0.334231
0 0.457140 0.289963 0.233672 0.334604
0 0.458451 0.289784 0.235000 0.338053
0 0.462682 0.293112 0.233874 0.329730
0 0.457597 0.292310 0.236368 0.330630
0 0.458335 0.292832 0.229056 0.329348
0 0.460538 0.295105 0.230782 0.334186
0 0.456182 0.291182 0.240095 0.341976
0 0.459447 0.286802 0.242053 0.335536
0 0.455334 0.285785 0.240878 0.340087
0 0.453906 0.288242 0.239992 0.343757
0 0.461767 0.283647 0.245168 0.352819
0 0.455502 0.287065 0.251786 0.349478
0 0.455484 0.289859 0.240243 0.335297
0 0.459564 0.287487 0.238710 0.334661
0 0.455116 0.288350 0.235115 0.335916
0 0.457650 0.287733 0.235903 0.340329
0 0.458164 0.289305 0.247165 0.345927
0 0.457353 0.285577 0.235674 0.337940
0 0.458511 0.289317 0.242143 0.338475
0 0.459654 0.288013 0.238981 0.336961
0 0.456950 0.291795 0.234170 0.336819
0 0.457791 0.289042 0.238796 0.346488
0 0.454255 0.288332 0.236391 0.341020
0 0.456523 0.288915 0.234100 0.342729
0 0.459952 0.288234 0.235020 0.335109
0 0.462572 0.286768 0.235068 0.338443