0 0.459777 0.375910 0.353932 0.536096
0 0.454302 0.368453 0.347278 0.525915
0 0.454938 0.377811 0.344000 0.520306
0 0.456110 0.376772 0.347557 0.509692
0 0.458344 0.369742 0.354684 0.509811
0 0.449270 0.365843 0.342547 0.524541
0 0.458570 0.373209 0.351845 0.514975
0 0.459546 0.374859 0.352153 0.508633
0 0.456526 0.376688 0.353849 0.503503
0 0.459125 0.370996 0.352784 0.504595
0 0.461268 0.366764 0.345991 0.508967
0 0.454264 0.376057 0.342674 0.513842
0 0.460322 0.373698 0.357148 0.522786
0 0.461647 0.376163 0.353286 0.522312
0 0.462090 0.376617 0.354588 0.516669
0 0.460569 0.374145 0.351541 0.514615
0 0.461385 0.375352 0.350302 0.510090
0 0.455262 0.375741 0.342944 0.509355
0 0.463192 0.372615 0.359837 0.511197
0 0.460897 0.372437 0.352368 0.520130
0 0.460207 0.374896 0.350798 0.511970
0 0.458006 0.374277 0.349452 0.511458
0 0.458781 0.372669 0.351545 0.510708
0 0.455075 0.374418 0.338352 0.506357
0 0.464373 0.371061 0.361317 0.511015
0 0.461488 0.369672 0.353454 0.527642
0 0.458260 0.372794 0.352952 0.513057
0 0.460450 0.370691 0.354662 0.514603
0 0.464202 0.366635 0.350864 0.517148
0 0.464539 0.372977 0.357377 0.504849
0 0.463623 0.374198 0.352666 0.510352
0 0.460512 0.372521 0.351598 0.506939
0 0.460199 0.374971 0.354256 0.510609
0 0.464984 0.377219 0.349669 0.509878
0 0.461424 0.387896 0.349698 0.478525
0 0.462704 0.382393 0.341294 0.485604
0 0.461825 0.378428 0.348929 0.495242
0 0.462948 0.382274 0.351034 0.493367
0 0.463068 0.387215 0.334861 0.479975