0 0.391796 0.403322 0.282161 0.379367
0 0.392295 0.404193 0.283207 0.384922
0 0.393754 0.405466 0.283330 0.375536
0 0.392043 0.405645 0.283694 0.379930
0 0.394449 0.406116 0.282931 0.375445
0 0.393592 0.404928 0.280632 0.376043
0 0.393269 0.405779 0.281584 0.379070
0 0.391447 0.405322 0.278762 0.375371
0 0.392935 0.405792 0.284493 0.383413
0 0.392201 0.404102 0.283111 0.381475
0 0.392293 0.404981 0.278052 0.379641
0 0.391906 0.404834 0.283666 0.380284
0 0.390932 0.401744 0.284479 0.383501
0 0.392146 0.407516 0.275035 0.381051
0 0.393069 0.405134 0.282996 0.378544
0 0.393325 0.402575 0.283558 0.373691
0 0.392296 0.404316 0.298256 0.399755
0 0.391494 0.407493 0.292000 0.392913
0 0.393406 0.408535 0.295219 0.394705
0 0.390485 0.408183 0.293422 0.389256
0 0.394652 0.406187 0.291190 0.390029
0 0.393701 0.404781 0.293456 0.385114
0 0.394709 0.404000 0.290943 0.390164
0 0.395128 0.406622 0.296627 0.383802
0 0.389906 0.410792 0.296641 0.395395
0 0.393115 0.408253 0.294574 0.390305
0 0.393238 0.404709 0.293290 0.386850
0 0.391147 0.400926 0.299386 0.392013
0 0.393735 0.402448 0.297691 0.393533
0 0.395038 0.409678 0.300130 0.382572
0 0.390500 0.406374 0.297671 0.389998
0 0.392856 0.406594 0.293418 0.389391
0 0.390379 0.401393 0.300972 0.386067
0 0.393213 0.399664 0.294631 0.392095
0 0.393678 0.399880 0.293208 0.400840
0 0.394721 0.410845 0.301413 0.383243
0 0.389652 0.408994 0.288099 0.386413
0 0.391078 0.406269 0.296427 0.392876
0 0.387043 0.403723 0.301301 0.397827
0 0.392799 0.401075 0.299844 0.398232
0 0.391496 0.408521 0.289205 0.402574
0 0.395141 0.408647 0.292316 0.392271
0 0.393373 0.407893 0.286722 0.394120
0 0.396925 0.409957 0.297721 0.391416