0 0.228579 0.401279 0.022859 0.032185
0 0.227831 0.401161 0.022482 0.031177
0 0.401704 0.367320 0.315955 0.477421
0 0.401001 0.375194 0.318401 0.474010
0 0.399649 0.376652 0.319834 0.481436
0 0.398736 0.391070 0.329457 0.508629
0 0.403586 0.400426 0.322011 0.505935
0 0.399554 0.389429 0.327143 0.499847
0 0.406960 0.387609 0.330907 0.508641
0 0.402443 0.393227 0.315107 0.502408
0 0.403823 0.397408 0.326957 0.504427
0 0.405781 0.404096 0.326432 0.518026
0 0.401263 0.397907 0.325387 0.515026
0 0.403734 0.393006 0.323081 0.517238
0 0.415372 0.390905 0.313551 0.510690
0 0.403127 0.396529 0.327471 0.460984
0 0.410858 0.397384 0.320765 0.479766
0 0.413658 0.397454 0.319140 0.486964
0 0.406199 0.394390 0.320282 0.487380
0 0.406720 0.392424 0.317982 0.491700
0 0.412072 0.389451 0.306444 0.496367
0 0.412990 0.404122 0.328104 0.466048
0 0.414138 0.395791 0.320647 0.475332
0 0.410460 0.394906 0.321598 0.484684
0 0.408606 0.398239 0.318043 0.471762
0 0.407668 0.395426 0.311219 0.485447
0 0.418154 0.389961 0.305166 0.494044
0 0.408296 0.405004 0.338104 0.469305
0 0.410198 0.405826 0.316832 0.464241
0 0.408079 0.403171 0.335153 0.470753
0 0.409787 0.400672 0.319976 0.453765
0 0.408078 0.395238 0.306176 0.472186
0 0.422397 0.392512 0.309446 0.481251
0 0.400551 0.407211 0.313467 0.470951
0 0.405502 0.402393 0.331324 0.472709
0 0.408277 0.400629 0.328313 0.464528
0 0.409836 0.398131 0.323911 0.476694
0 0.397945 0.406309 0.333818 0.444073
0 0.404097 0.406092 0.327373 0.443559