0 0.508154 0.361455 0.345619 0.495866
0 0.508968 0.370896 0.343872 0.477023
0 0.506625 0.371648 0.347888 0.468374
0 0.509964 0.365490 0.347176 0.470777
0 0.511767 0.367581 0.357045 0.477799
0 0.513626 0.369699 0.350918 0.463356
0 0.508942 0.370920 0.354777 0.460971
0 0.512182 0.367888 0.351519 0.462367
0 0.510534 0.364629 0.351257 0.469361
0 0.508816 0.365932 0.345709 0.474944
0 0.514425 0.366750 0.353368 0.465016
0 0.514578 0.368018 0.353277 0.464824
0 0.509150 0.364402 0.353096 0.451713
0 0.508422 0.363852 0.353540 0.447836
0 0.509189 0.362741 0.358611 0.453571
0 0.508388 0.363390 0.343139 0.461721
0 0.514148 0.364587 0.360491 0.453788
0 0.513105 0.366537 0.354401 0.462205
0 0.507567 0.365990 0.358931 0.453917
0 0.511122 0.362558 0.356077 0.448780
0 0.510706 0.361648 0.362538 0.450540
0 0.520013 0.366871 0.355199 0.444829
0 0.505132 0.365566 0.347567 0.465473
0 0.512385 0.365447 0.358958 0.454808
0 0.514593 0.365835 0.358998 0.457118
0 0.507658 0.363497 0.358648 0.444164
0 0.512575 0.365442 0.364122 0.445723
0 0.513779 0.361101 0.364964 0.449347
0 0.513787 0.370246 0.363809 0.453073
0 0.514371 0.368132 0.356986 0.442804
0 0.510022 0.365758 0.364030 0.450920
0 0.510272 0.364507 0.367333 0.453552
0 0.517531 0.361066 0.364823 0.467415
0 0.511239 0.354675 0.359565 0.469690