0 0.490106 0.558724 0.468027 0.616582
0 0.491914 0.564746 0.485163 0.626207
0 0.493265 0.575058 0.487192 0.622546
0 0.497837 0.558508 0.488116 0.613005
0 0.498338 0.565144 0.487313 0.613401
0 0.502555 0.567924 0.501819 0.608463
0 0.497592 0.574988 0.480667 0.613752
0 0.507190 0.577692 0.483153 0.620531
0 0.498862 0.575030 0.493777 0.647596
0 0.507565 0.577719 0.486418 0.628249
0 0.493387 0.575145 0.503612 0.642400
0 0.495499 0.577082 0.489359 0.626968
0 0.494320 0.570267 0.503740 0.618160
0 0.497354 0.576742 0.490006 0.601382
0 0.498331 0.566070 0.503489 0.613608
0 0.496679 0.576478 0.502242 0.604516
0 0.502058 0.568982 0.486185 0.600971
0 0.510285 0.568268 0.487499 0.605855
0 0.496287 0.570308 0.489984 0.631206
0 0.496835 0.568970 0.469186 0.602006
0 0.496124 0.566842 0.483447 0.606568
0 0.508057 0.571548 0.477648 0.608619
0 0.500869 0.570505 0.497779 0.618938
0 0.501898 0.576159 0.488163 0.608923
0 0.501102 0.570195 0.503854 0.621015
0 0.502452 0.575004 0.482511 0.613110
0 0.499965 0.565605 0.497591 0.609639
0 0.503682 0.573253 0.477733 0.601431
0 0.500768 0.563813 0.497260 0.606517
0 0.501764 0.571101 0.487204 0.605015
0 0.504539 0.561503 0.499532 0.602817
0 0.498449 0.569865 0.489102 0.600699
0 0.504957 0.571507 0.490477 0.612681
0 0.507862 0.568472 0.495906 0.639652
0 0.508549 0.573337 0.512726 0.640010
0 0.492385 0.583479 0.476670 0.619273
0 0.498800 0.581933 0.497536 0.628606
0 0.507219 0.588523 0.483123 0.624595
0 0.500035 0.577760 0.503443 0.646681
0 0.501070 0.588644 0.483891 0.628162
0 0.499344 0.577349 0.505404 0.639785
0 0.501626 0.581363 0.486607 0.619884
0 0.500806 0.575176 0.499352 0.636098
0 0.507856 0.579343 0.484874 0.616016
0 0.504337 0.574040 0.506426 0.635434
0 0.506508 0.583351 0.493200 0.626441
0 0.501149 0.571840 0.505579 0.621667
0 0.498162 0.579509 0.499238 0.630418
0 0.498347 0.580479 0.500832 0.623389
0 0.507120 0.578777 0.496491 0.635768
0 0.511447 0.572709 0.526807 0.653970
0 0.494788 0.588681 0.480170 0.637756
0 0.497241 0.588575 0.505022 0.637696
0 0.508719 0.595249 0.494066 0.636524
0 0.499972 0.578029 0.508035 0.660056
0 0.505761 0.587952 0.496916 0.648859
0 0.499729 0.581770 0.502634 0.659505
0 0.502250 0.583768 0.497379 0.654815
0 0.502279 0.584605 0.491231 0.656053
0 0.504577 0.586871 0.492125 0.653622
0 0.502827 0.580933 0.498406 0.651801
0 0.504849 0.585382 0.486433 0.643277
0 0.504368 0.577873 0.510698 0.630411
0 0.504218 0.581808 0.504234 0.646891
0 0.501069 0.579481 0.500744 0.638015
0 0.504053 0.581696 0.498083 0.656219
0 0.511111 0.571420 0.521526 0.650963
0 0.501836 0.575357 0.486084 0.643702
0 0.500677 0.578219 0.500565 0.629275
0 0.513698 0.579825 0.501802 0.646646
0 0.501689 0.571404 0.496286 0.637772
0 0.509924 0.576545 0.502494 0.651876
0 0.503878 0.576086 0.496978 0.652848
0 0.506852 0.581015 0.493730 0.654712
0 0.502875 0.574859 0.492627 0.654312
0 0.503908 0.575011 0.489762 0.654540
0 0.501434 0.573181 0.497877 0.656375
0 0.501421 0.573149 0.484941 0.651910
0 0.502626 0.576560 0.506296 0.643518
0 0.503139 0.574476 0.500364 0.656872
0 0.499040 0.570948 0.507611 0.641364
0 0.502436 0.574295 0.499120 0.658960
0 0.509839 0.563207 0.529480 0.664357
0 0.499236 0.565129 0.492778 0.651060
0 0.493953 0.570759 0.488125 0.641520
0 0.506725 0.566492 0.490882 0.663219
0 0.502526 0.561923 0.489873 0.663293
0 0.508301 0.570645 0.494888 0.675296
0 0.504555 0.567990 0.502590 0.678939
0 0.507662 0.573919 0.498084 0.674654
0 0.506781 0.565967 0.508874 0.684268
0 0.506627 0.565846 0.492455 0.669820
0 0.502830 0.569008 0.502080 0.678400
0 0.501623 0.569878 0.484953 0.671091
0 0.499342 0.571809 0.505692 0.671835
0 0.494444 0.569220 0.507911 0.659310
0 0.502718 0.575647 0.514137 0.661409
0 0.508937 0.560945 0.500527 0.659030
0 0.509984 0.563552 0.502683 0.675988
0 0.503040 0.567073 0.499792 0.668873
0 0.511846 0.568795 0.505156 0.681187
0 0.511029 0.569485 0.507924 0.673783
0 0.514508 0.578144 0.507601 0.669346
0 0.505845 0.571419 0.509733 0.670825
0 0.507779 0.579285 0.506647 0.663267
0 0.505766 0.574410 0.498805 0.654417
0 0.506679 0.580748 0.491933 0.654673
0 0.500207 0.577562 0.513581 0.675386
0 0.495573 0.576902 0.506073 0.656966
0 0.504340 0.586547 0.518989 0.666962
0 0.508866 0.573951 0.517187 0.680726
0 0.503849 0.584689 0.516844 0.653093
0 0.510304 0.572407 0.527999 0.667693
0 0.501832 0.587387 0.522493 0.638920
0 0.505573 0.578741 0.530411 0.658027
0 0.496621 0.584755 0.523949 0.646510
0 0.492626 0.586986 0.553089 0.679667