0 0.422295 0.170086 0.141199 0.207764
0 0.422478 0.172878 0.141729 0.204254
0 0.421789 0.173405 0.140698 0.200444
0 0.424052 0.172363 0.142265 0.204486
0 0.422051 0.167210 0.141870 0.205588
0 0.422567 0.171442 0.142259 0.198016
0 0.422945 0.172304 0.140147 0.200092
0 0.422317 0.170853 0.140694 0.195852
0 0.422344 0.173556 0.141353 0.195228
0 0.421815 0.171724 0.142469 0.197069
0 0.421629 0.171010 0.142006 0.196717
0 0.423850 0.174064 0.137633 0.189450
0 0.423485 0.171113 0.139117 0.196246
0 0.424113 0.174056 0.138650 0.189687
0 0.422831 0.170611 0.140582 0.195061
0 0.422303 0.173920 0.141814 0.197087
0 0.422641 0.172871 0.140372 0.198787
0 0.422044 0.171537 0.137797 0.197897
0 0.422588 0.171451 0.142561 0.198853
0 0.423186 0.174154 0.136508 0.192684
0 0.422311 0.170908 0.137652 0.197379
0 0.424470 0.172925 0.138242 0.189075
0 0.422276 0.170008 0.139557 0.196898
0 0.422935 0.172424 0.142421 0.197174
0 0.423139 0.174073 0.138348 0.200048
0 0.422894 0.170053 0.140245 0.199656
0 0.422627 0.173868 0.137568 0.192167
0 0.423025 0.170624 0.138810 0.196149
0 0.423545 0.175067 0.136911 0.191685
0 0.422069 0.173397 0.137441 0.196757
0 0.422718 0.173502 0.138479 0.197651
0 0.421350 0.171927 0.142596 0.196842
0 0.422895 0.171337 0.140895 0.197117
0 0.421883 0.174284 0.141751 0.198056