0 0.433107 0.408634 0.348489 0.499817
0 0.429674 0.419801 0.348409 0.495082
0 0.428902 0.421374 0.350447 0.492581
0 0.432432 0.419837 0.353025 0.495252
0 0.436625 0.412609 0.352246 0.509973
0 0.433773 0.413250 0.353081 0.495651
0 0.430160 0.417805 0.353530 0.497828
0 0.430301 0.420226 0.356985 0.496221
0 0.430875 0.418170 0.355210 0.495624
0 0.431467 0.417063 0.351789 0.498407
0 0.433567 0.422722 0.354042 0.514637
0 0.432173 0.425414 0.353312 0.516695
0 0.432904 0.424988 0.352048 0.516146
0 0.435665 0.424040 0.354511 0.507851
0 0.433186 0.424726 0.350587 0.503257
0 0.435364 0.417993 0.347183 0.507491
0 0.426594 0.427320 0.339321 0.489233
0 0.433681 0.423189 0.358116 0.508545
0 0.433723 0.423491 0.354122 0.510844
0 0.435279 0.422690 0.348484 0.508001
0 0.430397 0.423928 0.352372 0.509246
0 0.429046 0.421596 0.354122 0.508451
0 0.432119 0.421823 0.344754 0.508890
0 0.435452 0.416788 0.357906 0.506387
0 0.436437 0.420149 0.351909 0.509763
0 0.432228 0.423511 0.349608 0.499097
0 0.432176 0.423816 0.351841 0.496313
0 0.433921 0.420849 0.354458 0.502250
0 0.438984 0.422408 0.347266 0.501514
0 0.434115 0.421226 0.354167 0.497544
0 0.432739 0.420875 0.348856 0.502788
0 0.433940 0.420660 0.349182 0.498156
0 0.431936 0.421241 0.349460 0.509004
0 0.433291 0.419598 0.351224 0.512262
0 0.430811 0.430167 0.339651 0.479409
0 0.430419 0.429748 0.339035 0.487471
0 0.432484 0.428535 0.351188 0.492914
0 0.435713 0.443180 0.332227 0.453903