0 0.139478 0.432436 0.047923 0.066206
0 0.139193 0.432486 0.048969 0.064097
0 0.140027 0.431430 0.048795 0.065335
0 0.139563 0.431479 0.048957 0.065606
0 0.140410 0.431764 0.048632 0.065537
0 0.139598 0.430992 0.048869 0.067648
0 0.139785 0.430564 0.047832 0.066567
0 0.141092 0.432232 0.049918 0.066475
0 0.032997 0.555746 0.062473 0.128757
0 0.032739 0.555916 0.063432 0.129158
0 0.032833 0.557712 0.063837 0.127319
0 0.033024 0.556562 0.063453 0.128137
0 0.032177 0.557306 0.066364 0.121518
0 0.032704 0.557584 0.063680 0.124565
0 0.032391 0.556417 0.065878 0.124600
0 0.648052 0.430025 0.437060 0.659678
0 0.654518 0.435252 0.441554 0.664604
0 0.649619 0.416329 0.433633 0.627310
0 0.656289 0.427015 0.434855 0.630929
0 0.655505 0.431203 0.434799 0.639336
0 0.651682 0.432068 0.444121 0.653993
0 0.659627 0.427908 0.433975 0.630672
0 0.643532 0.432980 0.471125 0.648607
0 0.673483 0.438241 0.457026 0.659217
0 0.645697 0.422922 0.425807 0.625495
0 0.662849 0.432325 0.427743 0.646059
0 0.659442 0.422471 0.438852 0.616973
0 0.662906 0.426436 0.444265 0.634230
0 0.661992 0.427625 0.442812 0.605663
0 0.662080 0.426924 0.450713 0.619612
0 0.659416 0.428646 0.439967 0.619394
0 0.654069 0.433328 0.442039 0.625008
0 0.652190 0.421569 0.443089 0.601718
0 0.649036 0.423054 0.450220 0.622974
0 0.655374 0.418513 0.452744 0.594545
0 0.647567 0.421930 0.466927 0.623196
0 0.658712 0.422306 0.458633 0.622841
0 0.675792 0.435416 0.466936 0.660555
0 0.651329 0.432712 0.423986 0.618328
0 0.661070 0.434662 0.415795 0.633095
0 0.662968 0.425609 0.438159 0.603438
0 0.661784 0.426978 0.435877 0.615710
0 0.663465 0.427223 0.457468 0.618769
0 0.658958 0.430816 0.446582 0.614931
0 0.659914 0.420344 0.458115 0.622894
0 0.658933 0.428463 0.446875 0.614190
0 0.653401 0.413146 0.445447 0.598814
0 0.651119 0.415357 0.443506 0.607482
0 0.659573 0.416322 0.461500 0.587216
0 0.653785 0.415975 0.464751 0.599465
0 0.657517 0.423796 0.460899 0.596561
0 0.683849 0.425149 0.480277 0.671089
0 0.656447 0.427191 0.421351 0.602396
0 0.664360 0.420264 0.404827 0.603749
0 0.662949 0.418212 0.426854 0.590022
0 0.658158 0.420171 0.423371 0.606309
0 0.660511 0.420167 0.447087 0.611813
0 0.653574 0.423386 0.442769 0.622747
0 0.660969 0.416375 0.449942 0.618413
0 0.656150 0.422605 0.436717 0.611005
0 0.659717 0.415441 0.442301 0.610431
0 0.653239 0.419338 0.432783 0.606837
0 0.659620 0.414287 0.451470 0.593449
0 0.652066 0.417862 0.450670 0.595455
0 0.663259 0.420075 0.450526 0.582121
0 0.649527 0.432995 0.465784 0.605871
0 0.688330 0.430076 0.488655 0.653235
0 0.658358 0.430056 0.430212 0.585821
0 0.666904 0.415369 0.418305 0.589593
0 0.663704 0.420187 0.427746 0.594790
0 0.658335 0.425209 0.429697 0.605934
0 0.662991 0.415219 0.439614 0.620657
0 0.663303 0.418626 0.437951 0.625771
0 0.660570 0.413695 0.441880 0.628623
0 0.657761 0.421520 0.425750 0.606095
0 0.659495 0.411846 0.444098 0.635369
0 0.655519 0.417147 0.434946 0.619804
0 0.661984 0.408710 0.439655 0.610004
0 0.655611 0.409126 0.437657 0.601607
0 0.664718 0.412395 0.441396 0.601215
0 0.654928 0.425627 0.467481 0.617145
0 0.687813 0.445424 0.508677 0.654197
0 0.651822 0.441292 0.437017 0.575481
0 0.667089 0.419489 0.434052 0.593237
0 0.661476 0.421346 0.418741 0.604187
0 0.658770 0.420488 0.422979 0.613975
0 0.669867 0.414033 0.431455 0.608105
0 0.669099 0.413271 0.436245 0.627010
0 0.665841 0.410339 0.441982 0.620932
0 0.662888 0.415529 0.443050 0.615635
0 0.667498 0.409937 0.445700 0.647777
0 0.664098 0.405519 0.444144 0.635335
0 0.669493 0.418276 0.441684 0.614749
0 0.659327 0.405775 0.448791 0.624335
0 0.669039 0.409673 0.448532 0.612915
0 0.654889 0.426568 0.413872 0.620470
0 0.665303 0.409277 0.415769 0.629031
0 0.667571 0.404602 0.435895 0.637571
0 0.670333 0.413358 0.438791 0.623822
0 0.667954 0.421751 0.417405 0.595100