0 0.371643 0.331727 0.315055 0.430195
0 0.372446 0.333953 0.310133 0.424270
0 0.369046 0.330549 0.314176 0.419950
0 0.369634 0.338484 0.312843 0.402350
0 0.369385 0.336290 0.305225 0.397635
0 0.366922 0.334159 0.313626 0.393871
0 0.360063 0.323245 0.313435 0.408056
0 0.370266 0.333492 0.314116 0.400600
0 0.372596 0.335539 0.311267 0.387804
0 0.372033 0.332802 0.312464 0.394415
0 0.369419 0.333839 0.312375 0.390272
0 0.371135 0.333375 0.308181 0.392230
0 0.367113 0.334206 0.320673 0.397078
0 0.367747 0.337177 0.316301 0.401844
0 0.371338 0.332604 0.310935 0.385921
0 0.370056 0.330124 0.313965 0.393012
0 0.367587 0.329636 0.307260 0.386630
0 0.372662 0.332051 0.310985 0.387267
0 0.370663 0.337737 0.311903 0.386917
0 0.367075 0.338709 0.326315 0.390560
0 0.368504 0.335952 0.308297 0.392990
0 0.371861 0.331502 0.309778 0.383820
0 0.369904 0.328183 0.313146 0.388154
0 0.371278 0.328714 0.315209 0.392134
0 0.371730 0.329865 0.308188 0.401227
0 0.374154 0.339654 0.305862 0.386473
0 0.368911 0.333197 0.310955 0.397254
0 0.365926 0.330519 0.311096 0.395388
0 0.369745 0.332607 0.308740 0.388924
0 0.368060 0.334882 0.309378 0.390148
0 0.375035 0.332149 0.308579 0.386553
0 0.370265 0.336594 0.313047 0.384616
0 0.377430 0.338716 0.306983 0.378008
0 0.371483 0.337801 0.309000 0.374186