0 0.507878 0.407742 0.682367 0.794924
0 0.517330 0.405515 0.694639 0.824180
0 0.491881 0.407120 0.668944 0.800907
0 0.494241 0.408357 0.675159 0.801429
0 0.508051 0.409674 0.687277 0.816725
0 0.518665 0.411688 0.690499 0.837724
0 0.521574 0.419050 0.701456 0.842659
0 0.529650 0.412792 0.686347 0.838186
0 0.475500 0.393863 0.653350 0.771545
0 0.499306 0.405662 0.687321 0.791889
0 0.502320 0.399900 0.681690 0.792928
0 0.511417 0.402053 0.695856 0.800083
0 0.514355 0.398695 0.687323 0.800943
0 0.517279 0.400240 0.701450 0.794589
0 0.528423 0.402564 0.683867 0.796333
0 0.543899 0.409446 0.667995 0.817222
0 0.552369 0.405140 0.660531 0.797194
0 0.478872 0.380095 0.641624 0.748414
0 0.495616 0.392222 0.664539 0.763209
0 0.515353 0.406162 0.704210 0.791711
0 0.510167 0.399197 0.688098 0.780626
0 0.516848 0.402752 0.704112 0.807726
0 0.521511 0.405688 0.709296 0.808677
0 0.517877 0.401626 0.730099 0.821851
0 0.527688 0.410047 0.719336 0.812210
0 0.541812 0.414224 0.696409 0.820881
0 0.540794 0.410567 0.680978 0.807098
0 0.545425 0.397216 0.654612 0.779847
0 0.493822 0.376279 0.670440 0.739822
0 0.515262 0.382903 0.684173 0.749331
0 0.528234 0.392984 0.715071 0.793427
0 0.509911 0.386447 0.681892 0.759190
0 0.516910 0.393536 0.705756 0.778842
0 0.525920 0.390119 0.710310 0.778473
0 0.525367 0.381002 0.718109 0.779730
0 0.529841 0.386468 0.693965 0.760802
0 0.539445 0.396244 0.677032 0.778898
0 0.535423 0.394621 0.682469 0.777658
0 0.539542 0.394079 0.671180 0.771751
0 0.485364 0.338325 0.655994 0.721080
0 0.501064 0.350434 0.662422 0.700788
0 0.521641 0.362322 0.688271 0.708156
0 0.526141 0.362525 0.694520 0.730663
0 0.508151 0.363389 0.668828 0.712292
0 0.513944 0.360497 0.694012 0.720392
0 0.525785 0.361062 0.713382 0.707778
0 0.524852 0.360145 0.701483 0.711921
0 0.534624 0.359435 0.679087 0.707432
0 0.541569 0.366403 0.682131 0.719680
0 0.533885 0.370333 0.693087 0.722416
0 0.529527 0.371946 0.679187 0.732997
0 0.558233 0.372475 0.626560 0.728044
0 0.487822 0.334956 0.643834 0.717318
0 0.508968 0.335822 0.675819 0.703182
0 0.529589 0.336267 0.687743 0.704966
0 0.536331 0.340374 0.690098 0.718967
0 0.506234 0.345196 0.623744 0.667233
0 0.519858 0.346733 0.652301 0.707513
0 0.527400 0.333502 0.689096 0.711282
0 0.521370 0.331374 0.708410 0.699660
0 0.521212 0.339618 0.708119 0.709462
0 0.534861 0.348926 0.683035 0.714799
0 0.536093 0.354361 0.709553 0.724108
0 0.530491 0.347833 0.682772 0.710635
0 0.532378 0.346639 0.660904 0.717967
0 0.562127 0.347844 0.603046 0.719209
0 0.504531 0.309260 0.687257 0.777528
0 0.522220 0.295075 0.713491 0.791679
0 0.537635 0.304316 0.724154 0.813357
0 0.513185 0.303637 0.666896 0.805384
0 0.531833 0.286675 0.704390 0.821372
0 0.526158 0.283670 0.707047 0.824236
0 0.527211 0.289344 0.706223 0.825913
0 0.539657 0.304025 0.679775 0.789064
0 0.531540 0.307858 0.721482 0.793590
0 0.533201 0.310382 0.675044 0.762617
0 0.548431 0.311343 0.644062 0.766169
0 0.514138 0.308522 0.702941 0.795468
0 0.524719 0.307170 0.709489 0.811101
0 0.514441 0.305048 0.659294 0.799799
0 0.534530 0.298883 0.697632 0.807877
0 0.530940 0.296610 0.701202 0.816100
0 0.527218 0.290145 0.717661 0.819840
0 0.544470 0.297269 0.679774 0.806600
0 0.530834 0.296525 0.717437 0.798937
0 0.543673 0.286413 0.660064 0.794854
0 0.565124 0.290309 0.627773 0.782520
0 0.494738 0.330710 0.688235 0.767813
0 0.507853 0.307782 0.678432 0.742125
0 0.506870 0.312020 0.654410 0.753849
0 0.537293 0.316571 0.690486 0.789905
0 0.541411 0.313619 0.693660 0.759162
0 0.531966 0.312468 0.720045 0.772027
0 0.547555 0.316308 0.680683 0.745892
0 0.536939 0.326225 0.697231 0.724609
0 0.563568 0.337930 0.645670 0.715905
0 0.497434 0.334531 0.681681 0.750975
0 0.515398 0.338187 0.710911 0.763209
0 0.527142 0.346343 0.727936 0.745573
0 0.531401 0.357549 0.730718 0.746393
0 0.545311 0.366110 0.694514 0.679126
0 0.541268 0.371041 0.688896 0.656813