0 0.974426 0.450732 0.043521 0.084291
0 0.976934 0.452255 0.040530 0.079394
0 0.975397 0.453692 0.043126 0.083117
0 0.977633 0.454833 0.040564 0.080079
0 0.976175 0.454257 0.043080 0.081811
0 0.977433 0.454283 0.040740 0.083221
0 0.975102 0.453432 0.041824 0.083909
0 0.977460 0.453545 0.042175 0.086000
0 0.133820 0.503852 0.036633 0.056109
0 0.134519 0.504837 0.036653 0.057597
0 0.133662 0.502413 0.033915 0.054260
0 0.134219 0.503688 0.035651 0.056727
0 0.133867 0.503529 0.034144 0.057064
0 0.133699 0.504247 0.037123 0.057939
0 0.492403 0.348988 0.283283 0.376858
0 0.491895 0.347614 0.286587 0.373408
0 0.494160 0.347122 0.297565 0.405453
0 0.494596 0.350875 0.301666 0.394945
0 0.495367 0.352613 0.312607 0.396391
0 0.498978 0.347234 0.312714 0.405554
0 0.489713 0.340745 0.293186 0.400011
0 0.493211 0.348917 0.301029 0.396867
0 0.496092 0.347220 0.306002 0.394675
0 0.496399 0.349667 0.308414 0.393888
0 0.498919 0.347932 0.303582 0.388241
0 0.491746 0.344043 0.295575 0.390865
0 0.493057 0.351509 0.303170 0.398002
0 0.496295 0.352684 0.297549 0.392153
0 0.493153 0.350196 0.299993 0.395852
0 0.494482 0.347215 0.302390 0.392953
0 0.494837 0.346309 0.305492 0.396506
0 0.491994 0.346577 0.297539 0.382721
0 0.491437 0.346472 0.300418 0.390311
0 0.494881 0.350949 0.300229 0.391841
0 0.494080 0.348489 0.302161 0.391880
0 0.494808 0.348206 0.303054 0.393586
0 0.492952 0.344586 0.307022 0.401106
0 0.490891 0.345661 0.298655 0.374990
0 0.488472 0.348879 0.300027 0.384448
0 0.493356 0.348163 0.301781 0.389516
0 0.492648 0.351346 0.301675 0.389426
0 0.494179 0.349211 0.306443 0.395866
0 0.488263 0.350738 0.294013 0.378021
0 0.494649 0.350509 0.298059 0.381261
0 0.496206 0.350392 0.295484 0.387759
0 0.497046 0.355791 0.305385 0.389564