0 0.468572 0.290161 0.272137 0.390939
0 0.469959 0.291845 0.270573 0.393598
0 0.469948 0.293599 0.272741 0.389143
0 0.470575 0.290979 0.271885 0.379820
0 0.468673 0.291268 0.273238 0.381702
0 0.469893 0.292196 0.276081 0.388426
0 0.470234 0.294443 0.279925 0.387820
0 0.470508 0.294125 0.279098 0.382538
0 0.469396 0.288783 0.278676 0.373239
0 0.471131 0.288636 0.276194 0.372774
0 0.469915 0.289892 0.276744 0.372508
0 0.470860 0.292513 0.276177 0.373539
0 0.911248 0.297296 0.110320 0.147371
0 0.911738 0.298546 0.112947 0.146679
0 0.913088 0.300379 0.109246 0.139622
0 0.912372 0.297485 0.112409 0.143343
0 0.914057 0.297562 0.109648 0.145392
0 0.469572 0.288671 0.279800 0.373744
0 0.472912 0.287412 0.275227 0.371397
0 0.470813 0.288312 0.276126 0.376841
0 0.471187 0.290662 0.273837 0.377282
0 0.911350 0.299373 0.111092 0.144764
0 0.912578 0.300513 0.108974 0.140008
0 0.911284 0.299105 0.110363 0.142288
0 0.912911 0.299981 0.110089 0.140318
0 0.912475 0.298702 0.110486 0.142297
0 0.912492 0.300368 0.108473 0.139365
0 0.913657 0.299128 0.110169 0.142269
0 0.911219 0.299284 0.109976 0.145268
0 0.470146 0.286563 0.275591 0.368168
0 0.471705 0.286764 0.272300 0.373361
0 0.472108 0.288505 0.273418 0.383670
0 0.472071 0.292410 0.271354 0.378294
0 0.912611 0.296754 0.112020 0.145567
0 0.912563 0.300215 0.109302 0.140931
0 0.911359 0.299787 0.110795 0.142888
0 0.912994 0.300027 0.109261 0.138425
0 0.912942 0.299142 0.110375 0.141789
0 0.912886 0.300365 0.109272 0.140588
0 0.914022 0.299717 0.109323 0.142291
0 0.911393 0.299041 0.109000 0.144526
0 0.467463 0.291122 0.285159 0.355830
0 0.470210 0.287160 0.275114 0.368735
0 0.470709 0.286069 0.275615 0.368980
0 0.471107 0.286043 0.273368 0.376722
0 0.473231 0.288814 0.270888 0.375894
0 0.910670 0.302653 0.108546 0.136788
0 0.912363 0.300302 0.108273 0.140047
0 0.913693 0.302788 0.110049 0.138322
0 0.471635 0.287920 0.279576 0.363023
0 0.470161 0.287161 0.273813 0.365243
0 0.471155 0.287411 0.273363 0.369323
0 0.472506 0.287761 0.265585 0.372485
0 0.473566 0.290056 0.268435 0.368367
0 0.475189 0.289615 0.267079 0.369229
0 0.475893 0.292537 0.263816 0.369914
0 0.469140 0.294227 0.276062 0.384485
0 0.467518 0.294813 0.280120 0.387957
0 0.465845 0.292342 0.280690 0.400605
0 0.471003 0.288658 0.280491 0.372881
0 0.471805 0.290154 0.278932 0.369649
0 0.472242 0.287276 0.269360 0.374014
0 0.467961 0.287437 0.270472 0.370790
0 0.471077 0.285023 0.271230 0.380392
0 0.464258 0.282618 0.273843 0.374019
0 0.469226 0.285894 0.273111 0.372037
0 0.467542 0.286381 0.278577 0.378520
0 0.464916 0.287360 0.276324 0.376207
0 0.467410 0.288704 0.273244 0.376901
0 0.472576 0.288751 0.270083 0.383510
0 0.478857 0.288051 0.268122 0.400864
0 0.468541 0.289101 0.270221 0.361554
0 0.469147 0.284959 0.277133 0.371457
0 0.467458 0.286651 0.276256 0.383400
0 0.469425 0.286209 0.271911 0.385300
0 0.469419 0.287237 0.271435 0.391001
0 0.466196 0.286247 0.267744 0.360948
0 0.466897 0.285766 0.273024 0.373605
0 0.466626 0.283537 0.273380 0.376315
0 0.467869 0.288873 0.269474 0.375589
0 0.472306 0.288902 0.274981 0.386133
0 0.468027 0.287881 0.277258 0.363243
0 0.471997 0.296831 0.280448 0.369350
0 0.473640 0.300026 0.278216 0.369834