0 0.536278 0.416211 0.319289 0.449698
0 0.540714 0.420410 0.317751 0.436802
0 0.544508 0.419196 0.317222 0.438885
0 0.527795 0.430367 0.329108 0.486535
0 0.535686 0.436944 0.331490 0.474766
0 0.541874 0.434063 0.327480 0.479645
0 0.543603 0.433734 0.335219 0.473959
0 0.546969 0.427816 0.335606 0.465949
0 0.536807 0.437490 0.337154 0.475462
0 0.536767 0.433976 0.332062 0.461135
0 0.538472 0.433120 0.328538 0.460158
0 0.544136 0.429200 0.333647 0.462731
0 0.542382 0.421639 0.329935 0.447712
0 0.548469 0.418051 0.325203 0.449189
0 0.528471 0.440234 0.352725 0.469189
0 0.534706 0.433623 0.336094 0.468936
0 0.535789 0.432265 0.334674 0.458111
0 0.535716 0.430902 0.330620 0.457329
0 0.539541 0.430379 0.332230 0.451769
0 0.541323 0.429162 0.330961 0.445033
0 0.543802 0.424270 0.322697 0.445109
0 0.533296 0.434330 0.330644 0.465552
0 0.536847 0.434215 0.340184 0.454614
0 0.534626 0.434810 0.331007 0.456468
0 0.539649 0.431741 0.335786 0.448319
0 0.541905 0.425800 0.341750 0.450601
0 0.548059 0.429502 0.326031 0.443696
0 0.528963 0.435617 0.338896 0.462400
0 0.540270 0.429513 0.335774 0.462021
0 0.537972 0.428695 0.334305 0.455926
0 0.538527 0.425812 0.336736 0.449270
0 0.537109 0.429706 0.336706 0.449409
0 0.539050 0.442880 0.339123 0.454916
0 0.537346 0.437370 0.334875 0.445639
0 0.537786 0.439775 0.332750 0.439784
0 0.544974 0.444438 0.329913 0.440086
0 0.534286 0.452353 0.344433 0.443699