0 0.603907 0.220010 0.159475 0.218739
0 0.602112 0.220065 0.158945 0.218901
0 0.603158 0.221828 0.157358 0.215844
0 0.602650 0.222897 0.158154 0.213709
0 0.603725 0.222709 0.157026 0.216808
0 0.600839 0.215878 0.159133 0.220922
0 0.602976 0.220397 0.158170 0.218933
0 0.602959 0.222090 0.157614 0.216864
0 0.602683 0.221386 0.157665 0.213691
0 0.602426 0.221541 0.157908 0.213800
0 0.602246 0.220734 0.158829 0.219345
0 0.603200 0.218324 0.159156 0.220054
0 0.603306 0.219391 0.158479 0.219251
0 0.604047 0.221486 0.160046 0.217909
0 0.603052 0.221661 0.162595 0.216273
0 0.602646 0.221785 0.160390 0.219054
0 0.602326 0.222204 0.158545 0.219833
0 0.603283 0.219444 0.157547 0.217189
0 0.602575 0.220061 0.159014 0.217878
0 0.602981 0.221024 0.158006 0.215104
0 0.602319 0.220437 0.159994 0.214671
0 0.603584 0.220474 0.159673 0.215607
0 0.602514 0.221831 0.160842 0.219234
0 0.603103 0.219473 0.156960 0.218481
0 0.603405 0.220477 0.158926 0.217081
0 0.602759 0.220045 0.159853 0.215102
0 0.602300 0.222080 0.159493 0.215436
0 0.603747 0.225528 0.159427 0.215892
0 0.603031 0.223382 0.159763 0.215017
0 0.604708 0.220744 0.159347 0.215975
0 0.605499 0.220078 0.159410 0.216610
0 0.604042 0.221129 0.159297 0.216117