0 0.490713 0.401259 0.306019 0.418806
0 0.489324 0.405599 0.306005 0.410521
0 0.489430 0.404904 0.308377 0.413223
0 0.491981 0.395276 0.314039 0.424445
0 0.490110 0.399230 0.313725 0.418637
0 0.488146 0.405534 0.314476 0.416363
0 0.491241 0.406166 0.319461 0.426330
0 0.492218 0.405408 0.320994 0.422361
0 0.492587 0.404358 0.317357 0.424161
0 0.489621 0.405145 0.316470 0.411326
0 0.488651 0.406990 0.313594 0.412059
0 0.491486 0.405904 0.313323 0.416479
0 0.491982 0.406417 0.314442 0.419986
0 0.490771 0.403568 0.315394 0.419348
0 0.488737 0.402560 0.308351 0.420441
0 0.489960 0.406335 0.315964 0.410333
0 0.487625 0.406605 0.311815 0.417687
0 0.490622 0.408428 0.311727 0.419784
0 0.488221 0.408433 0.313932 0.418367
0 0.490238 0.404838 0.315388 0.422314
0 0.486449 0.403901 0.310645 0.422346
0 0.489520 0.409131 0.308731 0.407494
0 0.487381 0.407867 0.311045 0.427019
0 0.492593 0.407146 0.310999 0.420328
0 0.489202 0.406313 0.310985 0.421608
0 0.490665 0.406702 0.314752 0.423932
0 0.492210 0.407829 0.315008 0.418365
0 0.485005 0.413159 0.304775 0.416537
0 0.489317 0.410053 0.300311 0.410935
0 0.489373 0.409784 0.296694 0.420907
0 0.491003 0.408840 0.308612 0.440174
0 0.491468 0.416861 0.303330 0.433437