0 0.483882 0.375918 0.266322 0.353103
0 0.486985 0.376618 0.268437 0.354271
0 0.485225 0.374992 0.266397 0.354138
0 0.483278 0.377800 0.274171 0.351332
0 0.486358 0.378800 0.270765 0.350041
0 0.486948 0.378812 0.271961 0.353031
0 0.484526 0.379161 0.268552 0.346472
0 0.487538 0.377504 0.267216 0.343201
0 0.484447 0.379850 0.274784 0.345049
0 0.484278 0.380714 0.268793 0.351806
0 0.484223 0.381625 0.268955 0.350996
0 0.484343 0.383242 0.268847 0.346612
0 0.484380 0.381958 0.269620 0.340371
0 0.484103 0.377335 0.272473 0.342469
0 0.482991 0.377828 0.268679 0.349431
0 0.484841 0.379629 0.265132 0.343870
0 0.483372 0.379090 0.269338 0.344994
0 0.483170 0.379898 0.273612 0.339942
0 0.482701 0.376299 0.269506 0.342886
0 0.483726 0.377887 0.268960 0.349554
0 0.484510 0.378274 0.266927 0.347511
0 0.482690 0.376508 0.268796 0.346813
0 0.483820 0.378900 0.275192 0.336204
0 0.483259 0.376422 0.266070 0.343059
0 0.483534 0.378288 0.268285 0.348750
0 0.484408 0.378946 0.267398 0.344775
0 0.483931 0.378448 0.269878 0.339912
0 0.484589 0.381294 0.271375 0.328681
0 0.482006 0.376862 0.264382 0.340059
0 0.483054 0.376924 0.265782 0.342522
0 0.483554 0.376990 0.262668 0.338227
0 0.483657 0.376918 0.265260 0.337653
0 0.486241 0.380340 0.268479 0.326797
0 0.479687 0.382061 0.268504 0.333799
0 0.482800 0.377184 0.260299 0.335981
0 0.483745 0.377143 0.259666 0.331256
0 0.485194 0.378229 0.261587 0.333166
0 0.488240 0.383511 0.275735 0.352665
0 0.487255 0.382273 0.273835 0.355540
0 0.486865 0.380279 0.275836 0.348701
0 0.494775 0.371727 0.270082 0.355704
0 0.489054 0.377322 0.271667 0.345663
0 0.488501 0.382268 0.273035 0.345486
0 0.487972 0.381144 0.267977 0.351111
0 0.487372 0.382836 0.270319 0.344196
0 0.487207 0.379502 0.267797 0.345170
0 0.489841 0.379399 0.276766 0.347782
0 0.483965 0.382804 0.270989 0.343611
0 0.488503 0.381157 0.264236 0.340640
0 0.488041 0.380390 0.261973 0.336493
0 0.490014 0.378515 0.268235 0.342032
0 0.486905 0.380002 0.274326 0.353880
0 0.489920 0.379734 0.277186 0.339928
0 0.486032 0.379470 0.268907 0.345168
0 0.488291 0.378549 0.266223 0.337644
0 0.485460 0.381401 0.265120 0.338569
0 0.487984 0.380215 0.258001 0.339664
0 0.482811 0.380864 0.266898 0.342287
0 0.488047 0.380971 0.259146 0.337826
0 0.487956 0.382482 0.264535 0.338436
0 0.487263 0.382809 0.266800 0.345088