0 0.514853 0.419581 0.409505 0.613391
0 0.518518 0.424204 0.404515 0.615556
0 0.512757 0.418735 0.410278 0.625698
0 0.517825 0.431896 0.416765 0.615644
0 0.517397 0.434255 0.407907 0.607902
0 0.520702 0.429339 0.415931 0.597314
0 0.524233 0.416141 0.410748 0.592243
0 0.526578 0.436282 0.410921 0.631142
0 0.519146 0.430434 0.420982 0.618120
0 0.518268 0.431327 0.414502 0.621272
0 0.526781 0.432876 0.418910 0.594945
0 0.522341 0.428384 0.422427 0.606303
0 0.521368 0.429876 0.412264 0.594548
0 0.517715 0.423563 0.418276 0.610987
0 0.519371 0.424193 0.420915 0.587893
0 0.518234 0.418918 0.426660 0.601855
0 0.521007 0.423264 0.414193 0.586040
0 0.520615 0.420898 0.419266 0.602438
0 0.514620 0.419124 0.438273 0.597614
0 0.531292 0.433327 0.431105 0.636948
0 0.518420 0.438393 0.402611 0.619545
0 0.521608 0.435107 0.419503 0.607259
0 0.519089 0.436164 0.410855 0.614471
0 0.523989 0.434645 0.427686 0.603517
0 0.520134 0.434695 0.423690 0.610214
0 0.522995 0.435444 0.430727 0.618582
0 0.521426 0.435073 0.425208 0.616283
0 0.519641 0.429465 0.431039 0.612388
0 0.521647 0.429942 0.426158 0.613284
0 0.521628 0.432998 0.429257 0.610884
0 0.523435 0.429658 0.431057 0.623109
0 0.515063 0.429503 0.449047 0.611330
0 0.516548 0.432382 0.430592 0.622195
0 0.532887 0.426810 0.439842 0.625542
0 0.516410 0.433378 0.409252 0.609412
0 0.520821 0.430677 0.418500 0.592415
0 0.517950 0.429434 0.417793 0.615767
0 0.521232 0.432321 0.423545 0.598471
0 0.515800 0.433682 0.427476 0.621365
0 0.521605 0.427394 0.429274 0.607808
0 0.520630 0.431642 0.420980 0.610483
0 0.522476 0.426216 0.422942 0.612910
0 0.518606 0.430716 0.410977 0.611318
0 0.523752 0.419876 0.415676 0.602572
0 0.520195 0.417859 0.409596 0.613274
0 0.510269 0.421499 0.437423 0.607957
0 0.517624 0.422101 0.426594 0.609361
0 0.538688 0.416738 0.447643 0.605867
0 0.518183 0.435898 0.419440 0.584294
0 0.522175 0.426919 0.406671 0.587747
0 0.520986 0.428732 0.421290 0.598508
0 0.516344 0.426717 0.415325 0.607093
0 0.523082 0.429627 0.425867 0.603655
0 0.521876 0.433726 0.426519 0.613449
0 0.519878 0.431992 0.426491 0.605037
0 0.523339 0.438380 0.419401 0.600862
0 0.523012 0.430861 0.420611 0.606876
0 0.523727 0.435715 0.412213 0.598190
0 0.519008 0.420562 0.416493 0.612337
0 0.516760 0.419287 0.405574 0.600376
0 0.514585 0.416684 0.431573 0.615922
0 0.515612 0.425867 0.429628 0.619057
0 0.528223 0.430022 0.419053 0.576948
0 0.523290 0.434344 0.422072 0.594699
0 0.522356 0.431886 0.416184 0.593611
0 0.526045 0.434567 0.420289 0.597190
0 0.526844 0.437593 0.421411 0.602288
0 0.521781 0.433537 0.423026 0.588265
0 0.524109 0.438857 0.419814 0.584967
0 0.521292 0.430976 0.427602 0.601359
0 0.521256 0.435932 0.422835 0.592109
0 0.520759 0.429173 0.422248 0.599823
0 0.520136 0.425736 0.417227 0.592413
0 0.510820 0.427265 0.426734 0.606297
0 0.537740 0.441877 0.422926 0.572490
0 0.520405 0.444681 0.423244 0.586136
0 0.528471 0.441100 0.419901 0.590698
0 0.527381 0.433872 0.412968 0.592882
0 0.525231 0.430910 0.423457 0.601911
0 0.523929 0.441137 0.430758 0.606775
0 0.520853 0.432256 0.419455 0.595397
0 0.524394 0.437595 0.419440 0.579591
0 0.515802 0.433436 0.432345 0.598592
0 0.523660 0.451714 0.415847 0.586962
0 0.524427 0.440553 0.412635 0.585940
0 0.525262 0.444345 0.400570 0.564496