0 0.498135 0.410687 0.432047 0.647114
0 0.499068 0.411074 0.428755 0.652719
0 0.510030 0.406437 0.432865 0.653190
0 0.503228 0.420925 0.430275 0.629027
0 0.502193 0.413199 0.440530 0.644259
0 0.502583 0.418555 0.436207 0.636083
0 0.509301 0.413786 0.438505 0.630493
0 0.504303 0.409211 0.444440 0.640978
0 0.506518 0.414753 0.430686 0.624819
0 0.505601 0.407735 0.439841 0.642262
0 0.505874 0.407834 0.426425 0.619451
0 0.505945 0.402554 0.444855 0.648088
0 0.509314 0.406809 0.425036 0.614588
0 0.506158 0.412677 0.437398 0.643118
0 0.503436 0.406633 0.453416 0.653172
0 0.497020 0.426118 0.437083 0.626031
0 0.495930 0.421988 0.433399 0.629489
0 0.503904 0.425708 0.415395 0.621086
0 0.508005 0.417750 0.446903 0.641519
0 0.509198 0.421449 0.433598 0.633149
0 0.512747 0.422968 0.451913 0.643204
0 0.507209 0.422519 0.447329 0.641892
0 0.509163 0.419229 0.435511 0.646002
0 0.510157 0.418429 0.432215 0.643620
0 0.507766 0.413392 0.436883 0.641219
0 0.507128 0.411834 0.437942 0.647543
0 0.508475 0.419576 0.441066 0.637945
0 0.503079 0.420036 0.444130 0.651983
0 0.505101 0.422234 0.458940 0.648978
0 0.519109 0.422067 0.435748 0.669863
0 0.504039 0.422102 0.456767 0.643048
0 0.502554 0.424732 0.440669 0.630623
0 0.502077 0.420925 0.439050 0.618844
0 0.508965 0.421340 0.425373 0.630104
0 0.508450 0.418293 0.446710 0.615331
0 0.507660 0.421664 0.438214 0.621906
0 0.512365 0.414631 0.451437 0.633213
0 0.508377 0.421003 0.442927 0.637785
0 0.510821 0.412833 0.448711 0.642477
0 0.512545 0.417990 0.438327 0.640954
0 0.513944 0.412807 0.445898 0.636810
0 0.513878 0.419150 0.440076 0.636016
0 0.508811 0.409357 0.442663 0.626267
0 0.505767 0.411189 0.434210 0.632624
0 0.499084 0.408076 0.452482 0.617879
0 0.511881 0.417485 0.428866 0.642740
0 0.502575 0.408526 0.447251 0.633171
0 0.501209 0.410059 0.444162 0.635408
0 0.501574 0.408374 0.446783 0.620403
0 0.509227 0.403930 0.436651 0.635507
0 0.507543 0.403223 0.445838 0.623351
0 0.508066 0.402215 0.434743 0.631918
0 0.512054 0.404814 0.443625 0.633184
0 0.509637 0.413359 0.434521 0.639000
0 0.510915 0.406033 0.443206 0.627806
0 0.513569 0.413960 0.432632 0.625170
0 0.510826 0.405578 0.454104 0.645667
0 0.509149 0.411944 0.437669 0.634121
0 0.508423 0.399588 0.441627 0.641411
0 0.504040 0.397017 0.427977 0.640130
0 0.493460 0.398145 0.448546 0.626513
0 0.512203 0.405731 0.426548 0.643124
0 0.506147 0.411054 0.448216 0.605187
0 0.502537 0.415601 0.454290 0.595776
0 0.509764 0.408359 0.446355 0.605102
0 0.509198 0.411906 0.450289 0.609433
0 0.510150 0.408285 0.442418 0.615241
0 0.515432 0.408113 0.448441 0.610440
0 0.517530 0.414526 0.442205 0.610176
0 0.511641 0.410872 0.447708 0.604719
0 0.513897 0.417025 0.438566 0.601274
0 0.510522 0.408353 0.446364 0.616982
0 0.505358 0.413912 0.429842 0.606335
0 0.510826 0.402458 0.439326 0.614378
0 0.507472 0.400376 0.431945 0.609091
0 0.496915 0.402786 0.454942 0.614642
0 0.518968 0.404887 0.445329 0.629136
0 0.504846 0.424940 0.459284 0.588465
0 0.499738 0.427269 0.468784 0.571912
0 0.512977 0.418142 0.462936 0.578132
0 0.508007 0.412936 0.451693 0.606534
0 0.508816 0.411770 0.448564 0.607987
0 0.513841 0.410535 0.449978 0.608099
0 0.515197 0.413010 0.451953 0.609838
0 0.511458 0.406479 0.446589 0.615718
0 0.510328 0.412446 0.439337 0.606933
0 0.512206 0.410120 0.451444 0.621245
0 0.508148 0.414565 0.447988 0.619578
0 0.515489 0.411930 0.443981 0.609316
0 0.512876 0.404093 0.439493 0.609278
0 0.503242 0.401450 0.460295 0.616603
0 0.519718 0.437675 0.466223 0.565625
0 0.508220 0.428869 0.445463 0.558210
0 0.513895 0.426903 0.456817 0.571641
0 0.512110 0.421934 0.445514 0.577121
0 0.512075 0.427472 0.464698 0.594887
0 0.507586 0.417259 0.444723 0.582309
0 0.503207 0.425639 0.455914 0.584554
0 0.512266 0.419552 0.444825 0.599414
0 0.508799 0.421184 0.457407 0.596229
0 0.511622 0.417754 0.448409 0.587317
0 0.507412 0.420915 0.464301 0.584527
0 0.509644 0.437927 0.431020 0.548435
0 0.508283 0.436857 0.432955 0.557340