0 0.594167 0.471813 0.387410 0.522672
0 0.599427 0.469632 0.387944 0.530341
0 0.596850 0.459763 0.383050 0.499141
0 0.599961 0.465768 0.387334 0.500203
0 0.598231 0.464932 0.390210 0.501772
0 0.599265 0.460633 0.385753 0.495040
0 0.593326 0.464922 0.383729 0.504964
0 0.598610 0.465041 0.383623 0.490961
0 0.598602 0.469065 0.391929 0.498327
0 0.598389 0.467924 0.390577 0.499034
0 0.600391 0.468707 0.389038 0.498118
0 0.601069 0.464332 0.385302 0.498352
0 0.594079 0.466233 0.390517 0.500107
0 0.598671 0.466478 0.390584 0.500619
0 0.598842 0.470159 0.388775 0.508044
0 0.601473 0.471699 0.392093 0.513142
0 0.600056 0.468530 0.399389 0.504397
0 0.599327 0.464825 0.390414 0.499287
0 0.594625 0.467316 0.380609 0.502363
0 0.597580 0.467874 0.387245 0.504793
0 0.595358 0.470738 0.383118 0.508287
0 0.598694 0.469799 0.390641 0.500690
0 0.599095 0.467792 0.386595 0.505658
0 0.598257 0.466960 0.385638 0.497903
0 0.594202 0.468342 0.380548 0.503248
0 0.598246 0.468970 0.388292 0.508689
0 0.598801 0.467291 0.383731 0.505547
0 0.598411 0.468103 0.388356 0.508237
0 0.601170 0.466554 0.398488 0.509444
0 0.600202 0.466752 0.389697 0.511417
0 0.592256 0.474097 0.389775 0.499297
0 0.598981 0.465328 0.389693 0.506442
0 0.596343 0.465367 0.397504 0.509674
0 0.595669 0.466203 0.396091 0.504863
0 0.599959 0.466504 0.400757 0.519496
0 0.603949 0.473269 0.382380 0.518168
0 0.601497 0.475089 0.388042 0.503050
0 0.599894 0.463541 0.392188 0.514870
0 0.595580 0.465338 0.387574 0.510178
0 0.600082 0.472080 0.397525 0.520352