0 0.486521 0.436258 0.288368 0.349026
0 0.489421 0.437604 0.289741 0.344937
0 0.487347 0.438430 0.288904 0.337064
0 0.485623 0.436102 0.291263 0.341627
0 0.489886 0.439223 0.290715 0.347291
0 0.490893 0.440625 0.293375 0.346207
0 0.490717 0.441578 0.291398 0.340136
0 0.491531 0.441262 0.296428 0.332409
0 0.488314 0.434217 0.296910 0.332154
0 0.490480 0.435883 0.290105 0.335572
0 0.491377 0.439750 0.287139 0.335642
0 0.490167 0.441049 0.286231 0.331105
0 0.490076 0.441362 0.290286 0.331318
0 0.489739 0.433846 0.292080 0.328378
0 0.490757 0.436908 0.290988 0.339685
0 0.492075 0.438058 0.288652 0.335782
0 0.489938 0.436326 0.288252 0.330592
0 0.489264 0.438906 0.290635 0.328023
0 0.493708 0.441405 0.292840 0.309266
0 0.490297 0.432827 0.289144 0.333049
0 0.490666 0.435588 0.288912 0.332732
0 0.490871 0.437626 0.293908 0.330906
0 0.490158 0.436300 0.296228 0.328054
0 0.491372 0.437337 0.292658 0.322815
0 0.494199 0.441275 0.293907 0.306750
0 0.488487 0.432018 0.288039 0.328241
0 0.491593 0.433589 0.289869 0.331093
0 0.490592 0.434794 0.290776 0.327911
0 0.489839 0.435021 0.292363 0.328259
0 0.491854 0.437435 0.291841 0.323645
0 0.490863 0.434232 0.287617 0.327990
0 0.491611 0.434809 0.287844 0.325041
0 0.490997 0.437564 0.293880 0.326637
0 0.493517 0.440007 0.293921 0.321477
0 0.491043 0.438638 0.295771 0.349085
0 0.490341 0.441489 0.296041 0.350039
0 0.492113 0.441475 0.299168 0.346470
0 0.487879 0.433090 0.288070 0.342981
0 0.493142 0.439573 0.291041 0.338935
0 0.491450 0.440109 0.284418 0.332020
0 0.488563 0.441383 0.284378 0.327861
0 0.491674 0.442037 0.289599 0.320791
0 0.489610 0.432726 0.286106 0.340999
0 0.493044 0.438055 0.288308 0.335215
0 0.492138 0.439074 0.283274 0.332833
0 0.490832 0.439888 0.288579 0.337511
0 0.491518 0.440986 0.289440 0.332284
0 0.490486 0.439121 0.292066 0.336747
0 0.491852 0.434114 0.286832 0.333774
0 0.489878 0.435880 0.290234 0.335931
0 0.492382 0.443710 0.283531 0.331883
0 0.492273 0.441147 0.289497 0.337559
0 0.493592 0.438347 0.283618 0.333656
0 0.495307 0.436114 0.286557 0.338468
0 0.486082 0.436203 0.293146 0.329773
0 0.493371 0.439232 0.279048 0.331435
0 0.491937 0.442048 0.281683 0.332222
0 0.495764 0.437801 0.286871 0.334863
0 0.496356 0.440433 0.295598 0.340581