0 0.424457 0.178322 0.121269 0.167575
0 0.424452 0.178714 0.116591 0.163266
0 0.424408 0.179075 0.119828 0.162240
0 0.424943 0.177382 0.116924 0.162388
0 0.423331 0.178709 0.119446 0.162375
0 0.424576 0.178818 0.119375 0.161875
0 0.424327 0.181446 0.119444 0.157947
0 0.424987 0.180705 0.119933 0.157283
0 0.424074 0.180770 0.118875 0.157319
0 0.424221 0.181238 0.119500 0.158649
0 0.424441 0.180616 0.118896 0.159080
0 0.423740 0.181114 0.118001 0.157293
0 0.424913 0.181095 0.121025 0.170305
0 0.424013 0.181203 0.120259 0.160220
0 0.424679 0.181358 0.120341 0.159900
0 0.423376 0.182878 0.119639 0.160880
0 0.424095 0.181498 0.118116 0.158776
0 0.424298 0.182344 0.117420 0.158883
0 0.424332 0.181670 0.116982 0.158647
0 0.424106 0.182270 0.118249 0.159945
0 0.425694 0.181268 0.119346 0.162086
0 0.424645 0.183188 0.117769 0.158703
0 0.423966 0.182210 0.119586 0.158656
0 0.422994 0.184132 0.118300 0.157949
0 0.423258 0.184217 0.118515 0.156499