0 0.600927 0.338153 0.274399 0.383153
0 0.599119 0.339527 0.274324 0.381826
0 0.596123 0.339418 0.280727 0.387326
0 0.599263 0.339781 0.273366 0.384803
0 0.599007 0.342178 0.278647 0.380935
0 0.600078 0.342840 0.279657 0.372039
0 0.596588 0.341188 0.281702 0.380917
0 0.599854 0.341845 0.277359 0.377811
0 0.598263 0.343701 0.278528 0.377533
0 0.599680 0.345395 0.278727 0.370393
0 0.597466 0.341256 0.279042 0.382387
0 0.599186 0.340832 0.277548 0.379470
0 0.599089 0.343347 0.277151 0.374405
0 0.599833 0.346652 0.274944 0.369553
0 0.595742 0.338339 0.271946 0.383084
0 0.597962 0.340690 0.273705 0.379216
0 0.598279 0.344062 0.275212 0.379801
0 0.597829 0.346879 0.274212 0.366490
0 0.596607 0.335816 0.270631 0.381389
0 0.597415 0.339144 0.273548 0.377980
0 0.597810 0.343329 0.275148 0.377666
0 0.598670 0.344454 0.272873 0.371422
0 0.599245 0.338025 0.275602 0.373148
0 0.598043 0.338070 0.267858 0.373646
0 0.598952 0.341855 0.272622 0.376731
0 0.598279 0.344148 0.268550 0.375547
0 0.600195 0.338393 0.259596 0.383975
0 0.600417 0.340219 0.261094 0.383653
0 0.603639 0.344591 0.262582 0.377474
0 0.589125 0.340300 0.285169 0.395302
0 0.596435 0.341416 0.282257 0.384706
0 0.596999 0.343444 0.283112 0.394090
0 0.599607 0.337923 0.276655 0.386818
0 0.592982 0.335893 0.285516 0.396071
0 0.594976 0.345435 0.279191 0.383172
0 0.596047 0.340568 0.280442 0.380333
0 0.599491 0.337803 0.276079 0.383264
0 0.598638 0.338758 0.280481 0.382393
0 0.604065 0.334976 0.273391 0.386699
0 0.593391 0.337311 0.274703 0.386533
0 0.598156 0.344208 0.273781 0.387357
0 0.594199 0.339854 0.280674 0.388536
0 0.596166 0.341659 0.282231 0.386095
0 0.600380 0.342187 0.276794 0.387583
0 0.601166 0.341792 0.279497 0.387373
0 0.594881 0.338038 0.272159 0.374495
0 0.600675 0.341573 0.274641 0.377550
0 0.598342 0.344489 0.279878 0.388873
0 0.598298 0.343945 0.277605 0.385574
0 0.600262 0.339164 0.278963 0.383966
0 0.601884 0.343113 0.287169 0.387161
0 0.597717 0.344841 0.272329 0.376753
0 0.600767 0.342368 0.278243 0.383025
0 0.596751 0.338949 0.277080 0.380228
0 0.597319 0.339853 0.274124 0.382927
0 0.602487 0.340412 0.281718 0.384111
0 0.600034 0.346669 0.280046 0.382888