0 0.503606 0.399674 0.344920 0.462666
0 0.509797 0.401290 0.343561 0.453010
0 0.509945 0.402671 0.347514 0.465778
0 0.506890 0.407084 0.342944 0.457267
0 0.505909 0.404360 0.345680 0.450809
0 0.509863 0.398163 0.348545 0.448410
0 0.502381 0.395775 0.345126 0.462875
0 0.508228 0.391988 0.358354 0.453602
0 0.507492 0.393784 0.357176 0.444327
0 0.503885 0.394584 0.357360 0.437040
0 0.511804 0.390637 0.349443 0.436742
0 0.509094 0.388714 0.345312 0.430393
0 0.504673 0.404899 0.352463 0.475471
0 0.506406 0.397839 0.358404 0.474407
0 0.509072 0.399905 0.350771 0.466047
0 0.510323 0.396061 0.353434 0.457462
0 0.506618 0.391913 0.344941 0.445606
0 0.507643 0.390292 0.350058 0.436279
0 0.501653 0.409904 0.352862 0.477588
0 0.508786 0.402972 0.360337 0.471458
0 0.507409 0.397575 0.360201 0.471672
0 0.504515 0.396346 0.350266 0.457386
0 0.509142 0.394616 0.348022 0.456938
0 0.507241 0.391809 0.345462 0.452562
0 0.495857 0.411704 0.344277 0.485245
0 0.508600 0.407318 0.357692 0.477312
0 0.511479 0.396152 0.353322 0.488947
0 0.507806 0.395251 0.348100 0.469029
0 0.509844 0.398517 0.352047 0.471472
0 0.510685 0.396567 0.337890 0.464541
0 0.510385 0.410951 0.360318 0.481090
0 0.514651 0.402065 0.350819 0.478504
0 0.510081 0.396538 0.353268 0.470870
0 0.505454 0.398988 0.347303 0.476581
0 0.512727 0.406075 0.349162 0.495534
0 0.508300 0.402461 0.350570 0.488859