0 0.227863 0.622730 0.024068 0.032433
0 0.982139 0.631741 0.030242 0.046072
0 0.224624 0.625612 0.029360 0.031723
0 0.226984 0.624698 0.026365 0.031530
0 0.983208 0.632367 0.030538 0.044728
0 0.983959 0.632213 0.029081 0.044212
0 0.982938 0.632556 0.030245 0.045682
0 0.983275 0.633328 0.028851 0.045523
0 0.983015 0.632187 0.029793 0.045965
0 0.983032 0.632558 0.028203 0.047747
0 0.571080 0.461093 0.429679 0.670304
0 0.576099 0.471209 0.432144 0.669224
0 0.583138 0.468809 0.432538 0.660007
0 0.581284 0.479808 0.460010 0.675862
0 0.571403 0.460654 0.435450 0.650920
0 0.580134 0.472755 0.436477 0.657320
0 0.579204 0.462654 0.439421 0.640259
0 0.574383 0.466815 0.451867 0.653941
0 0.578186 0.468558 0.440720 0.633476
0 0.572374 0.472273 0.454026 0.651467
0 0.579678 0.464552 0.440995 0.618277
0 0.573424 0.467481 0.455608 0.640841
0 0.586353 0.461410 0.428729 0.603088
0 0.577006 0.464355 0.457037 0.639511
0 0.606509 0.485214 0.509271 0.707854
0 0.589386 0.489720 0.453951 0.666733
0 0.573341 0.478914 0.437734 0.656060
0 0.580727 0.487810 0.436343 0.663911
0 0.577934 0.474941 0.448177 0.645614
0 0.576829 0.479076 0.456559 0.655932
0 0.577850 0.473465 0.453464 0.652813
0 0.573765 0.478795 0.452974 0.651762
0 0.579941 0.464201 0.450190 0.643469
0 0.574659 0.470955 0.448723 0.647271
0 0.586339 0.464467 0.454684 0.631410
0 0.580619 0.466948 0.461749 0.640968
0 0.582958 0.471227 0.458750 0.624293
0 0.581147 0.473033 0.467129 0.638611
0 0.612353 0.475058 0.529849 0.707771
0 0.588615 0.482616 0.450066 0.667705
0 0.579571 0.475342 0.434027 0.639949
0 0.584309 0.478930 0.435426 0.662137
0 0.579319 0.472530 0.449271 0.637195
0 0.575736 0.478366 0.455557 0.655152
0 0.577508 0.465727 0.458291 0.655290
0 0.572064 0.473139 0.445221 0.647609
0 0.576607 0.460597 0.461552 0.653638
0 0.576703 0.468813 0.450782 0.642682
0 0.584276 0.454072 0.464116 0.636949
0 0.578453 0.455165 0.455257 0.632317
0 0.581946 0.461996 0.461156 0.621763
0 0.582735 0.467356 0.465749 0.618665
0 0.623159 0.483220 0.540416 0.717474
0 0.596834 0.479641 0.461802 0.681033
0 0.577219 0.473667 0.436651 0.643790
0 0.579353 0.472126 0.433068 0.655729
0 0.577261 0.468396 0.441271 0.657067
0 0.574412 0.473964 0.443707 0.668716
0 0.577703 0.460818 0.454590 0.664462
0 0.575875 0.472536 0.440750 0.657090
0 0.578674 0.458964 0.447474 0.659289
0 0.576994 0.468466 0.444830 0.657651
0 0.585110 0.448242 0.452999 0.660268
0 0.576463 0.452962 0.444182 0.656922
0 0.578130 0.457604 0.448578 0.640659
0 0.584867 0.462866 0.450836 0.643761
0 0.576557 0.473681 0.475251 0.656649
0 0.626186 0.488140 0.559913 0.702217
0 0.606232 0.472185 0.473708 0.636354
0 0.581052 0.473197 0.435546 0.611365
0 0.584582 0.465647 0.432593 0.625286
0 0.580016 0.460310 0.443877 0.653737
0 0.577182 0.464911 0.448339 0.666079
0 0.580549 0.454409 0.441802 0.658935
0 0.580226 0.462440 0.433474 0.651361
0 0.579074 0.453712 0.441923 0.669375
0 0.575309 0.464334 0.435930 0.657974
0 0.582420 0.451133 0.446797 0.669383
0 0.573535 0.457227 0.437704 0.658857
0 0.584982 0.459922 0.428235 0.665657
0 0.588971 0.469307 0.447633 0.672022
0 0.580744 0.476883 0.476227 0.679155
0 0.607570 0.478044 0.488764 0.631743
0 0.578434 0.479274 0.446178 0.627371
0 0.583577 0.468351 0.436328 0.626522
0 0.583090 0.462669 0.437692 0.658718
0 0.579975 0.468147 0.438784 0.662521
0 0.583377 0.457490 0.442260 0.666598
0 0.580603 0.465029 0.436844 0.660800
0 0.581015 0.457198 0.447671 0.684556
0 0.573103 0.464254 0.436165 0.666017
0 0.586078 0.463575 0.444336 0.675882
0 0.576250 0.459626 0.438857 0.675475
0 0.583115 0.466635 0.425152 0.674542
0 0.585863 0.482591 0.447426 0.679400
0 0.602797 0.489235 0.502099 0.639856
0 0.573707 0.490417 0.448199 0.632679
0 0.584427 0.467860 0.445325 0.656057
0 0.586318 0.470931 0.442737 0.671304
0 0.586065 0.468019 0.440905 0.672324
0 0.586279 0.456942 0.440193 0.683098
0 0.580563 0.459747 0.440368 0.681036
0 0.587830 0.463706 0.439825 0.686950
0 0.580286 0.464050 0.443925 0.675825
0 0.591431 0.472408 0.443499 0.658076
0 0.578217 0.454672 0.457118 0.665918
0 0.586654 0.466111 0.436806 0.670349
0 0.592901 0.484688 0.453013 0.663832
0 0.581128 0.494867 0.442022 0.666364
0 0.585612 0.477723 0.431147 0.662677
0 0.588607 0.479401 0.426023 0.651716