0 0.627285 0.351741 0.264524 0.359339
0 0.630287 0.352381 0.266618 0.358839
0 0.620977 0.355839 0.274204 0.357724
0 0.626256 0.355915 0.272648 0.369643
0 0.627625 0.356821 0.275847 0.368380
0 0.626249 0.356340 0.273025 0.364233
0 0.617091 0.358126 0.279903 0.331846
0 0.623947 0.359177 0.280223 0.361934
0 0.625151 0.359706 0.284374 0.378892
0 0.625137 0.362268 0.283069 0.371545
0 0.624432 0.364300 0.282660 0.368215
0 0.619946 0.359421 0.280830 0.338945
0 0.625456 0.359026 0.277229 0.364859
0 0.625283 0.360626 0.280145 0.382056
0 0.624768 0.364186 0.281724 0.372485
0 0.625179 0.365038 0.287547 0.367739
0 0.624549 0.358664 0.273364 0.366823
0 0.624666 0.357461 0.274314 0.373394
0 0.624858 0.359622 0.273091 0.370511
0 0.625822 0.362961 0.274275 0.357701
0 0.622604 0.355746 0.277235 0.366398
0 0.624337 0.356195 0.274875 0.374998
0 0.625284 0.357774 0.275282 0.372568
0 0.628089 0.362988 0.275381 0.365052
0 0.621627 0.355033 0.276640 0.368988
0 0.624294 0.354648 0.273333 0.378326
0 0.625880 0.357596 0.273258 0.379809
0 0.627400 0.361465 0.271103 0.375475
0 0.622710 0.357141 0.273593 0.370360
0 0.626504 0.355172 0.267113 0.375610
0 0.627454 0.357748 0.266586 0.377464
0 0.628655 0.360015 0.267005 0.379864
0 0.629209 0.358737 0.255603 0.381243
0 0.632140 0.361785 0.252036 0.382709
0 0.615390 0.361977 0.258363 0.364697
0 0.616522 0.365913 0.265321 0.360584
0 0.620770 0.362407 0.270930 0.366964
0 0.625708 0.358938 0.273050 0.375431
0 0.629308 0.354566 0.276264 0.372675
0 0.621301 0.356833 0.254100 0.366146
0 0.617335 0.358493 0.264575 0.371386
0 0.621449 0.362274 0.266459 0.363581
0 0.627030 0.359422 0.270593 0.363120
0 0.621664 0.355500 0.267140 0.366174
0 0.616822 0.359446 0.250366 0.371547
0 0.616729 0.358185 0.272427 0.378446
0 0.620342 0.362656 0.271021 0.376801
0 0.624403 0.358026 0.271766 0.379097
0 0.621954 0.358250 0.271791 0.376803
0 0.620647 0.362671 0.247897 0.372284
0 0.617995 0.360981 0.261370 0.375409
0 0.622657 0.361223 0.267818 0.375923
0 0.620575 0.360115 0.271905 0.378675
0 0.621615 0.360136 0.267365 0.380404
0 0.621244 0.358902 0.265507 0.383038
0 0.627068 0.361959 0.264929 0.393698
0 0.628992 0.362593 0.277320 0.396637