0 0.418878 0.303199 0.240665 0.347374
0 0.419936 0.304126 0.242930 0.344271
0 0.422159 0.303434 0.243905 0.346076
0 0.419455 0.306287 0.239273 0.336403
0 0.419127 0.305484 0.246621 0.341084
0 0.419417 0.306908 0.246411 0.339980
0 0.421181 0.307090 0.245851 0.340898
0 0.415970 0.305759 0.226292 0.324651
0 0.419487 0.304338 0.236514 0.329841
0 0.418152 0.303600 0.241718 0.334785
0 0.418035 0.302399 0.242514 0.333397
0 0.418459 0.305431 0.244560 0.333697
0 0.416516 0.303603 0.228635 0.322338
0 0.418939 0.303200 0.235102 0.332289
0 0.418778 0.301038 0.240496 0.337879
0 0.417003 0.300469 0.242427 0.332994
0 0.417544 0.302645 0.243549 0.333622
0 0.416638 0.302027 0.230532 0.322085
0 0.418230 0.303749 0.236248 0.332014
0 0.419508 0.301757 0.242277 0.340651
0 0.416636 0.300261 0.242991 0.331431
0 0.417284 0.301279 0.241593 0.328403
0 0.415148 0.303925 0.232533 0.321246
0 0.417917 0.303814 0.233864 0.322768
0 0.418933 0.303528 0.236388 0.324475
0 0.418226 0.302333 0.238138 0.325179
0 0.418495 0.300373 0.237808 0.320388
0 0.427146 0.303417 0.233113 0.310261
0 0.413368 0.308370 0.231379 0.312902
0 0.416854 0.306553 0.234817 0.318754
0 0.416994 0.305104 0.236214 0.322015
0 0.416584 0.303034 0.231579 0.323649
0 0.419724 0.301630 0.237721 0.322473
0 0.414613 0.306357 0.231757 0.319794
0 0.417185 0.303399 0.236275 0.320409
0 0.417723 0.301606 0.233224 0.317961
0 0.421935 0.303836 0.240242 0.322904
0 0.415792 0.305865 0.234691 0.325414
0 0.420367 0.297418 0.246100 0.351444
0 0.427404 0.300742 0.240379 0.331832
0 0.425308 0.301917 0.239080 0.327546
0 0.423982 0.297880 0.242347 0.331344
0 0.428640 0.295735 0.249711 0.356175
0 0.418254 0.306372 0.242948 0.337866
0 0.422064 0.304708 0.237246 0.335654
0 0.423753 0.301767 0.232149 0.326833
0 0.421696 0.298561 0.237414 0.325869
0 0.423484 0.300368 0.239733 0.332765
0 0.416150 0.301403 0.244705 0.327085
0 0.417986 0.304534 0.241139 0.328879
0 0.420237 0.303542 0.238443 0.330273
0 0.423827 0.299829 0.236825 0.329831
0 0.423659 0.300723 0.234441 0.333004
0 0.416453 0.304563 0.245123 0.330309
0 0.419668 0.302157 0.241858 0.326430
0 0.421021 0.303256 0.240335 0.326949
0 0.425440 0.300196 0.240810 0.327345
0 0.429977 0.305813 0.242674 0.336129