0 0.499252 0.409832 0.372307 0.511750
0 0.502786 0.406744 0.377240 0.510212
0 0.500718 0.402230 0.377014 0.512796
0 0.499743 0.405480 0.379558 0.506606
0 0.500742 0.404230 0.382863 0.502563
0 0.503155 0.400863 0.383449 0.504072
0 0.496745 0.403948 0.378128 0.516235
0 0.501657 0.405230 0.381668 0.506210
0 0.501489 0.407150 0.387771 0.512554
0 0.498354 0.404537 0.390187 0.497301
0 0.504295 0.404635 0.383268 0.500105
0 0.508574 0.401062 0.377995 0.502268
0 0.498809 0.409762 0.383897 0.519255
0 0.503535 0.407046 0.384077 0.513650
0 0.503943 0.409081 0.384583 0.525726
0 0.503760 0.407100 0.384400 0.514897
0 0.502311 0.404245 0.389643 0.508708
0 0.504104 0.402468 0.381708 0.499454
0 0.499885 0.404613 0.382850 0.516748
0 0.504106 0.404287 0.390684 0.518195
0 0.502181 0.407597 0.392547 0.520095
0 0.500571 0.411017 0.393777 0.516745
0 0.500681 0.407185 0.392776 0.513673
0 0.500111 0.405416 0.383047 0.509217
0 0.497958 0.404447 0.381066 0.521224
0 0.503419 0.408435 0.392752 0.511640
0 0.506779 0.404263 0.395297 0.528388
0 0.501421 0.408567 0.398320 0.521351
0 0.502690 0.405163 0.398127 0.524511
0 0.502381 0.404233 0.384906 0.524098
0 0.503202 0.410571 0.387028 0.509406
0 0.504248 0.409347 0.394137 0.524369
0 0.502013 0.406010 0.394547 0.525048
0 0.500521 0.406597 0.396467 0.535790
0 0.504624 0.409306 0.383066 0.520759
0 0.502000 0.406696 0.385412 0.529912
0 0.502616 0.416027 0.388708 0.531732