0 0.461300 0.464992 0.392958 0.575755
0 0.464097 0.469874 0.390848 0.560756
0 0.459233 0.459920 0.399644 0.545763
0 0.464123 0.464454 0.400631 0.532248
0 0.462125 0.462852 0.402270 0.525340
0 0.465273 0.465223 0.402390 0.523595
0 0.449471 0.451944 0.392628 0.515540
0 0.463502 0.444455 0.402923 0.502032
0 0.464467 0.446519 0.406150 0.492010
0 0.461260 0.443647 0.403634 0.477664
0 0.461980 0.445925 0.397306 0.466524
0 0.467075 0.444075 0.395892 0.470913
0 0.452915 0.451889 0.391469 0.498724
0 0.465114 0.442768 0.405354 0.495389
0 0.463150 0.442190 0.404328 0.489098
0 0.460455 0.438475 0.412533 0.474915
0 0.462162 0.440641 0.408477 0.473234
0 0.465393 0.441589 0.402126 0.469163
0 0.473443 0.446138 0.406629 0.471847
0 0.452977 0.446092 0.396275 0.487738
0 0.463499 0.439653 0.410059 0.498481
0 0.463684 0.435456 0.405189 0.490477
0 0.458301 0.432682 0.397622 0.477327
0 0.459649 0.432954 0.397988 0.475547
0 0.464557 0.440627 0.403562 0.480727
0 0.473077 0.448688 0.412776 0.467293
0 0.448665 0.451006 0.395605 0.498544
0 0.460582 0.445152 0.409095 0.498799
0 0.462639 0.442002 0.408109 0.496301
0 0.459968 0.438968 0.403630 0.486368
0 0.462296 0.438428 0.404634 0.478191
0 0.467538 0.446029 0.406014 0.483488
0 0.460114 0.451499 0.406717 0.511483
0 0.461212 0.435389 0.414845 0.518322
0 0.456494 0.431580 0.408766 0.500180
0 0.459880 0.434352 0.405736 0.502687
0 0.461192 0.439686 0.430117 0.549466