0 0.474665 0.311589 0.310067 0.393912
0 0.473091 0.316300 0.309736 0.385903
0 0.472835 0.317408 0.311643 0.388879
0 0.476666 0.309520 0.313900 0.386222
0 0.475700 0.316934 0.307987 0.374489
0 0.473390 0.316330 0.307076 0.375221
0 0.475161 0.314402 0.311671 0.372804
0 0.474791 0.312394 0.306428 0.382203
0 0.478122 0.317461 0.312168 0.387711
0 0.474302 0.319237 0.311456 0.378701
0 0.475093 0.318374 0.307485 0.370192
0 0.475147 0.316125 0.308572 0.376423
0 0.476435 0.318153 0.308147 0.374371
0 0.467919 0.318481 0.309152 0.387855
0 0.477193 0.319757 0.317903 0.388867
0 0.474129 0.320987 0.314550 0.379487
0 0.473725 0.319011 0.314094 0.376337
0 0.475341 0.316934 0.311513 0.379382
0 0.475247 0.318661 0.312049 0.380611
0 0.479938 0.320282 0.307958 0.389057
0 0.475407 0.320274 0.314186 0.386979
0 0.476005 0.317228 0.317597 0.386419
0 0.471142 0.317863 0.317032 0.385166
0 0.475422 0.318295 0.316913 0.384827
0 0.476182 0.317873 0.314183 0.382797
0 0.476244 0.321910 0.314353 0.380257
0 0.475064 0.320869 0.311310 0.380999
0 0.475467 0.321055 0.312794 0.383768
0 0.479577 0.323355 0.313413 0.391284
0 0.476937 0.316562 0.324945 0.405590