0 0.498124 0.404261 0.313637 0.388311
0 0.497217 0.413234 0.316634 0.385492
0 0.497764 0.415347 0.319657 0.391759
0 0.494533 0.404026 0.305065 0.385380
0 0.496435 0.411701 0.315059 0.387337
0 0.496477 0.412409 0.315110 0.386301
0 0.495779 0.414730 0.314235 0.383627
0 0.498563 0.412879 0.318832 0.386186
0 0.498758 0.409844 0.313304 0.383416
0 0.499740 0.414014 0.320793 0.393995
0 0.496607 0.414142 0.314576 0.390954
0 0.498700 0.414471 0.312461 0.389781
0 0.499329 0.412299 0.315160 0.386405
0 0.497919 0.412064 0.317297 0.394211
0 0.497910 0.414081 0.313942 0.384747
0 0.497264 0.413385 0.318747 0.399017
0 0.496648 0.415430 0.313563 0.394485
0 0.497507 0.415347 0.316385 0.395741
0 0.498382 0.414359 0.313523 0.400031
0 0.496994 0.413998 0.313036 0.396008
0 0.497773 0.413590 0.315238 0.389720
0 0.496945 0.412391 0.316455 0.400055
0 0.497010 0.415833 0.311309 0.400807
0 0.496682 0.414099 0.318976 0.403534
0 0.497310 0.414054 0.317710 0.410991
0 0.499395 0.416489 0.313389 0.402156
0 0.495707 0.418055 0.312328 0.412649
0 0.499285 0.416810 0.307029 0.395782
0 0.498006 0.417605 0.308359 0.413234
0 0.500415 0.418373 0.319299 0.413311
0 0.501215 0.420765 0.315560 0.422296
0 0.499565 0.425732 0.311401 0.436061