0 0.480283 0.513323 0.368954 0.464925
0 0.480552 0.520279 0.364385 0.473356
0 0.478180 0.524385 0.365085 0.471406
0 0.481652 0.521669 0.367794 0.466549
0 0.478094 0.520604 0.369871 0.483407
0 0.482581 0.523267 0.371803 0.475930
0 0.480361 0.525062 0.372015 0.487567
0 0.483866 0.527474 0.375298 0.483271
0 0.487902 0.522398 0.374213 0.478738
0 0.474440 0.517280 0.375220 0.482289
0 0.480852 0.521366 0.371662 0.481723
0 0.482280 0.519414 0.371467 0.481114
0 0.480613 0.521412 0.369671 0.482669
0 0.485156 0.521108 0.376784 0.475892
0 0.481962 0.518782 0.370707 0.473632
0 0.484382 0.515581 0.367704 0.474770
0 0.478857 0.519110 0.370207 0.469206
0 0.480971 0.518138 0.368520 0.472423
0 0.480850 0.521269 0.369033 0.473498
0 0.478951 0.517902 0.375246 0.480913
0 0.482866 0.522637 0.383046 0.475782
0 0.478530 0.521655 0.376679 0.474160
0 0.480254 0.522239 0.367352 0.468269
0 0.478134 0.517313 0.364079 0.478965
0 0.483038 0.522055 0.372458 0.478283
0 0.480365 0.519044 0.369773 0.478686
0 0.482437 0.521535 0.379353 0.476838
0 0.483482 0.517690 0.378069 0.483528
0 0.485632 0.519814 0.368052 0.474311
0 0.477213 0.523111 0.374802 0.478466
0 0.487782 0.522762 0.368728 0.480429
0 0.481430 0.518941 0.376225 0.476487
0 0.480151 0.519294 0.375619 0.477579
0 0.480998 0.519809 0.371375 0.481061
0 0.485102 0.517295 0.371616 0.498621
0 0.483197 0.509633 0.368976 0.504477
0 0.481612 0.513996 0.363089 0.504634