0 0.492906 0.459485 0.278234 0.352353
0 0.494152 0.462533 0.277055 0.358159
0 0.494761 0.465345 0.277720 0.355435
0 0.496369 0.464695 0.282052 0.358196
0 0.498179 0.458694 0.296908 0.333300
0 0.496970 0.460913 0.284761 0.346121
0 0.495805 0.462278 0.278875 0.352961
0 0.495033 0.464019 0.281612 0.349354
0 0.496284 0.465360 0.281921 0.348074
0 0.499755 0.459286 0.299552 0.330616
0 0.499232 0.459751 0.287246 0.345368
0 0.496953 0.462515 0.281017 0.351293
0 0.496140 0.463365 0.280848 0.346622
0 0.496571 0.465349 0.281237 0.348205
0 0.499967 0.461702 0.296109 0.328901
0 0.498706 0.460707 0.284458 0.346985
0 0.499377 0.461997 0.279167 0.352044
0 0.496846 0.460304 0.279681 0.350800
0 0.496979 0.463830 0.283576 0.352397
0 0.499304 0.460018 0.283983 0.342685
0 0.498626 0.461563 0.283120 0.348251
0 0.497432 0.460732 0.280208 0.348912
0 0.498908 0.463408 0.281564 0.351335
0 0.499358 0.460024 0.281527 0.343589
0 0.498687 0.460502 0.278622 0.342758
0 0.497017 0.458329 0.276325 0.347236
0 0.498828 0.459747 0.278449 0.348712
0 0.498866 0.461125 0.276603 0.339654
0 0.499089 0.460581 0.272948 0.340259
0 0.498938 0.460048 0.269730 0.346505
0 0.500543 0.462217 0.274220 0.349266
0 0.495138 0.468433 0.285302 0.342728
0 0.498702 0.465291 0.283254 0.336851
0 0.497906 0.465023 0.281472 0.334244
0 0.495011 0.463734 0.282510 0.340603
0 0.502892 0.459041 0.287417 0.349010
0 0.495213 0.466922 0.282766 0.347633
0 0.500520 0.465475 0.276884 0.344553
0 0.494478 0.465143 0.276567 0.340975
0 0.497517 0.461646 0.276229 0.343940
0 0.499073 0.462221 0.280497 0.355950
0 0.502712 0.463112 0.285361 0.346297
0 0.497795 0.461501 0.286122 0.349022
0 0.497930 0.465164 0.278690 0.347650
0 0.498664 0.466563 0.279144 0.345807
0 0.496999 0.464914 0.275452 0.345157
0 0.498330 0.463513 0.278503 0.354088
0 0.497856 0.465320 0.282579 0.343433
0 0.496550 0.460650 0.278379 0.346094
0 0.498164 0.461828 0.271993 0.348612
0 0.498046 0.462532 0.275709 0.341909
0 0.498111 0.461713 0.274177 0.353099
0 0.492825 0.463590 0.277728 0.345264
0 0.500619 0.463744 0.267771 0.347177
0 0.501918 0.466609 0.269844 0.344573
0 0.502665 0.465193 0.273848 0.342471