0 0.443149 0.453766 0.448965 0.620941
0 0.445674 0.461782 0.452500 0.622522
0 0.446587 0.459472 0.447973 0.611435
0 0.446903 0.474637 0.464787 0.631749
0 0.452454 0.474229 0.463564 0.631520
0 0.445385 0.470656 0.470386 0.636484
0 0.449767 0.470230 0.458415 0.628351
0 0.444335 0.470996 0.474295 0.632717
0 0.448636 0.474282 0.461774 0.628692
0 0.444373 0.469309 0.472548 0.621683
0 0.452210 0.473275 0.471221 0.628677
0 0.449749 0.468732 0.454742 0.616592
0 0.453832 0.473034 0.466220 0.638089
0 0.449051 0.476784 0.463637 0.625827
0 0.448351 0.473073 0.472951 0.638511
0 0.445363 0.451252 0.450791 0.617552
0 0.443763 0.454199 0.458359 0.573452
0 0.441662 0.450199 0.456218 0.572037
0 0.449027 0.451155 0.454232 0.575786
0 0.447850 0.456453 0.488048 0.585388
0 0.446611 0.459828 0.472892 0.586665
0 0.446383 0.458650 0.486822 0.591849
0 0.444622 0.462912 0.476444 0.600013
0 0.443590 0.462550 0.481183 0.599787
0 0.448550 0.469587 0.471153 0.599577
0 0.450531 0.466974 0.465273 0.604459
0 0.453371 0.469172 0.464242 0.613036
0 0.453221 0.472868 0.482479 0.620985
0 0.447375 0.481995 0.470203 0.627744
0 0.448905 0.486474 0.471512 0.650657
0 0.452700 0.451832 0.473880 0.620859
0 0.446181 0.454609 0.475239 0.591051
0 0.444853 0.453543 0.462764 0.584672
0 0.450828 0.454474 0.469516 0.599857
0 0.455297 0.462579 0.481552 0.597674
0 0.457050 0.463811 0.478097 0.609516
0 0.449014 0.464325 0.483926 0.597406
0 0.450271 0.467923 0.484762 0.615516
0 0.448901 0.466389 0.484959 0.610066
0 0.449769 0.472414 0.478892 0.613802
0 0.449118 0.469444 0.463047 0.617888
0 0.452273 0.469935 0.465881 0.628329
0 0.449923 0.477903 0.475473 0.626749
0 0.445290 0.481281 0.466278 0.627515
0 0.448291 0.494947 0.466266 0.642925
0 0.435001 0.498178 0.511244 0.679510
0 0.445792 0.440072 0.474594 0.623272
0 0.443393 0.448707 0.493390 0.618274
0 0.443126 0.453295 0.458101 0.576881
0 0.453213 0.448881 0.474358 0.602671
0 0.453622 0.455847 0.478980 0.590859
0 0.458857 0.454536 0.487418 0.609021
0 0.452518 0.460261 0.475046 0.591675
0 0.449884 0.463507 0.483431 0.611773
0 0.452280 0.461277 0.471216 0.599425
0 0.448348 0.465607 0.465538 0.603276
0 0.449026 0.465585 0.462365 0.607538
0 0.451272 0.467843 0.461951 0.621256
0 0.448155 0.476075 0.477967 0.603729
0 0.443240 0.474108 0.471895 0.613286
0 0.448247 0.485368 0.472401 0.626367
0 0.442118 0.494851 0.511103 0.668704
0 0.446096 0.448378 0.490219 0.619747
0 0.449189 0.457315 0.460665 0.573757
0 0.459599 0.453266 0.485044 0.614539
0 0.454237 0.456619 0.478654 0.589961
0 0.459846 0.457201 0.488480 0.611941
0 0.451774 0.458016 0.472610 0.591007
0 0.450570 0.461829 0.480177 0.606334
0 0.451545 0.463786 0.471346 0.596680
0 0.447811 0.468575 0.469626 0.599487
0 0.448767 0.466407 0.471445 0.608461
0 0.449815 0.466810 0.467652 0.617465
0 0.448320 0.473804 0.482804 0.609945
0 0.442645 0.472156 0.466535 0.607099
0 0.444408 0.480486 0.472879 0.623443
0 0.450914 0.497719 0.520183 0.678622
0 0.451704 0.448367 0.476125 0.635064
0 0.453918 0.451055 0.497593 0.641423
0 0.450323 0.447287 0.477547 0.614949
0 0.453557 0.449594 0.497259 0.643485
0 0.454058 0.451329 0.467526 0.614171
0 0.451058 0.456171 0.483941 0.637579
0 0.454224 0.457236 0.476070 0.626034
0 0.452114 0.462592 0.475796 0.629098
0 0.449050 0.463385 0.468415 0.627197
0 0.451229 0.469433 0.462062 0.634460
0 0.454867 0.472663 0.489818 0.609211
0 0.442485 0.470746 0.471733 0.620801
0 0.449745 0.481553 0.487225 0.635287
0 0.461801 0.499077 0.527907 0.681518
0 0.466441 0.456455 0.508765 0.652785
0 0.450634 0.459594 0.480897 0.620399
0 0.456622 0.457714 0.514246 0.648949
0 0.452602 0.458356 0.483000 0.628803
0 0.453068 0.465074 0.499706 0.638405
0 0.450398 0.464919 0.483947 0.623273
0 0.454226 0.473768 0.490012 0.620958
0 0.451223 0.478538 0.481261 0.617996
0 0.451908 0.487635 0.477321 0.624460
0 0.444498 0.489636 0.487158 0.633046
0 0.455788 0.496411 0.511449 0.676686
0 0.458527 0.491335 0.486913 0.633645
0 0.454640 0.498876 0.478277 0.634580
0 0.434540 0.511768 0.533659 0.706820