0 0.816094 0.381302 0.051531 0.082299
0 0.813923 0.384266 0.053274 0.081101
0 0.815114 0.384967 0.053583 0.081059
0 0.814052 0.384421 0.054220 0.083873
0 0.814624 0.385120 0.055325 0.083029
0 0.817066 0.385631 0.059741 0.080087
0 0.814107 0.385276 0.056054 0.085124
0 0.815456 0.385149 0.054406 0.085324
0 0.813357 0.385978 0.053212 0.085316
0 0.815193 0.385742 0.055022 0.086055
0 0.068819 0.456940 0.029954 0.042338
0 0.069674 0.457272 0.027560 0.041727
0 0.070047 0.458288 0.028595 0.042475
0 0.070776 0.457708 0.028477 0.044272
0 0.069895 0.459085 0.032220 0.045877
0 0.196319 0.471246 0.035846 0.050351
0 0.196895 0.472402 0.035904 0.053688
0 0.463557 0.302381 0.264652 0.351348
0 0.465647 0.304815 0.260957 0.348433
0 0.465518 0.304429 0.260615 0.353116
0 0.463591 0.304632 0.263540 0.347400
0 0.465529 0.306985 0.264878 0.341146
0 0.466264 0.306808 0.268717 0.348455
0 0.465144 0.307543 0.263948 0.345209
0 0.467120 0.307476 0.265231 0.343255
0 0.466740 0.305100 0.261833 0.334687
0 0.466421 0.306021 0.265280 0.342188
0 0.465382 0.305429 0.265431 0.346520
0 0.466675 0.305552 0.263255 0.344167
0 0.466217 0.306744 0.263587 0.340496
0 0.466383 0.306529 0.260689 0.331976
0 0.466668 0.305549 0.263348 0.342704
0 0.467728 0.305638 0.262712 0.341223
0 0.467439 0.304531 0.260851 0.337331
0 0.466876 0.307021 0.263598 0.338134
0 0.466015 0.307951 0.258998 0.327370
0 0.467206 0.306120 0.259449 0.338340
0 0.468292 0.305080 0.259897 0.339659
0 0.466726 0.303723 0.260309 0.338541
0 0.467151 0.305924 0.263373 0.337448
0 0.465986 0.307225 0.261159 0.329382
0 0.467589 0.305460 0.258369 0.333358
0 0.468146 0.305279 0.262172 0.334579
0 0.467668 0.305532 0.262373 0.335515
0 0.469363 0.305815 0.261252 0.334904
0 0.464620 0.308259 0.259187 0.330017
0 0.465920 0.305495 0.260811 0.339630
0 0.467411 0.305669 0.260553 0.337326
0 0.467535 0.303620 0.257513 0.337143
0 0.469136 0.305074 0.260473 0.335309
0 0.465891 0.305292 0.258807 0.334813
0 0.468261 0.305378 0.257289 0.334272
0 0.468328 0.304593 0.258194 0.337550
0 0.471393 0.308049 0.264361 0.337744
0 0.814956 0.384491 0.053102 0.087056
0 0.815739 0.385840 0.055242 0.086810
0 0.816237 0.386724 0.054771 0.086848
0 0.469217 0.310828 0.249644 0.337941
0 0.467867 0.306723 0.265533 0.348548
0 0.473038 0.310964 0.269238 0.338035
0 0.472139 0.311186 0.265478 0.340485
0 0.469810 0.310441 0.266705 0.340235
0 0.468869 0.302821 0.264006 0.350079
0 0.468166 0.312016 0.266796 0.348298
0 0.470099 0.310621 0.262872 0.338610
0 0.468873 0.309771 0.264278 0.341417
0 0.468282 0.310280 0.264296 0.342628
0 0.468764 0.306703 0.263211 0.339027
0 0.468194 0.303775 0.266141 0.344039
0 0.470024 0.308831 0.265766 0.344752
0 0.472744 0.310787 0.262736 0.340049
0 0.468940 0.308312 0.262775 0.339193
0 0.467775 0.307058 0.261572 0.341557
0 0.468099 0.309522 0.262249 0.335492
0 0.466945 0.307225 0.262442 0.346212
0 0.468586 0.309598 0.258291 0.338402
0 0.468505 0.308090 0.260248 0.343133
0 0.469206 0.309329 0.265161 0.343961
0 0.470725 0.313083 0.269160 0.345471
0 0.468933 0.316576 0.265604 0.340175
0 0.473112 0.315133 0.265045 0.333563