0 0.886487 0.300359 0.063101 0.074582
0 0.885871 0.300520 0.062828 0.077611
0 0.232123 0.292439 0.018795 0.024438
0 0.885011 0.301265 0.062228 0.074040
0 0.886267 0.301193 0.063537 0.076004
0 0.885953 0.301448 0.062290 0.077946
0 0.885487 0.301357 0.063016 0.073582
0 0.886117 0.301072 0.063023 0.078222
0 0.886240 0.300775 0.062588 0.077636
0 0.886018 0.301616 0.063816 0.077170
0 0.885608 0.301660 0.063174 0.077746
0 0.431786 0.329405 0.253652 0.373116
0 0.431187 0.330100 0.253174 0.373622
0 0.434117 0.329577 0.254816 0.375457
0 0.431622 0.329967 0.251584 0.366876
0 0.432962 0.329861 0.256047 0.364177
0 0.431218 0.328853 0.258436 0.365616
0 0.432405 0.330392 0.254029 0.359692
0 0.431549 0.330944 0.247220 0.360790
0 0.430343 0.327635 0.254684 0.362812
0 0.430498 0.327362 0.259682 0.362368
0 0.430461 0.329350 0.256132 0.358864
0 0.432450 0.332592 0.256837 0.342291
0 0.885446 0.301393 0.062278 0.077366
0 0.886019 0.301329 0.060869 0.076672
0 0.886063 0.301027 0.063176 0.077202
0 0.430018 0.328715 0.245384 0.357440
0 0.430598 0.328869 0.255024 0.367262
0 0.431426 0.327216 0.261010 0.372025
0 0.429162 0.327996 0.257240 0.364514
0 0.432573 0.333308 0.258883 0.350590
0 0.886104 0.300586 0.060505 0.077426
0 0.886354 0.301537 0.062026 0.077373
0 0.886270 0.301221 0.062167 0.078560
0 0.429797 0.327090 0.247998 0.356912
0 0.430638 0.327269 0.254396 0.366156
0 0.431045 0.325386 0.256342 0.366483
0 0.429004 0.327090 0.257528 0.359308
0 0.429544 0.327538 0.247964 0.361619
0 0.430153 0.327415 0.257624 0.355378
0 0.430129 0.326839 0.255264 0.361430
0 0.428825 0.325095 0.256185 0.361612
0 0.429513 0.329863 0.246581 0.362921
0 0.429434 0.327536 0.253622 0.351478
0 0.429259 0.325898 0.250476 0.355376
0 0.429960 0.324859 0.251470 0.356455
0 0.429480 0.332230 0.247485 0.361405
0 0.428212 0.328014 0.249829 0.353230
0 0.428825 0.325926 0.252186 0.356048
0 0.431030 0.324684 0.253909 0.359053
0 0.428603 0.334087 0.247292 0.360974
0 0.435589 0.328363 0.261260 0.364559
0 0.432225 0.327698 0.255377 0.361283
0 0.431709 0.327971 0.255664 0.357137
0 0.436982 0.326161 0.245564 0.363403
0 0.435808 0.327004 0.255329 0.356917
0 0.435760 0.333709 0.254200 0.349918
0 0.432297 0.329362 0.253781 0.347212
0 0.433759 0.326907 0.251329 0.356246
0 0.434976 0.331467 0.245045 0.364871
0 0.433431 0.328443 0.248825 0.356406
0 0.431940 0.327481 0.245733 0.352346
0 0.433593 0.325894 0.250258 0.351515
0 0.433276 0.324550 0.255183 0.351534
0 0.437740 0.330931 0.264247 0.364719
0 0.431979 0.327927 0.242386 0.349736
0 0.433788 0.325298 0.253275 0.355321
0 0.430489 0.323085 0.252830 0.349329
0 0.432830 0.325725 0.253938 0.351690
0 0.432679 0.324716 0.254706 0.345100
0 0.431337 0.329369 0.260494 0.358468
0 0.432545 0.329908 0.257407 0.352307
0 0.432385 0.331175 0.253082 0.357900
0 0.435632 0.334272 0.258932 0.355721