0 0.494281 0.452436 0.358207 0.479681
0 0.498489 0.452753 0.359036 0.479408
0 0.499059 0.451713 0.362281 0.475949
0 0.496132 0.454344 0.368038 0.482047
0 0.496179 0.453566 0.366128 0.471556
0 0.498211 0.447221 0.363433 0.478649
0 0.494658 0.449854 0.358980 0.484046
0 0.498230 0.451717 0.366634 0.480211
0 0.499686 0.450802 0.363275 0.480742
0 0.496077 0.451955 0.367493 0.478253
0 0.497499 0.450868 0.365751 0.479516
0 0.496916 0.447956 0.370116 0.484172
0 0.495742 0.455560 0.368043 0.490971
0 0.497863 0.454844 0.370438 0.491576
0 0.495431 0.455151 0.365485 0.491179
0 0.496114 0.453028 0.372102 0.489655
0 0.493466 0.451569 0.366537 0.486507
0 0.491719 0.449086 0.377041 0.482204
0 0.494359 0.452355 0.360158 0.482751
0 0.497327 0.453552 0.373344 0.489537
0 0.495515 0.456471 0.369508 0.494077
0 0.493534 0.458521 0.369121 0.491070
0 0.492873 0.454639 0.366755 0.491917
0 0.491225 0.456250 0.373043 0.483432
0 0.493716 0.454750 0.363058 0.486034
0 0.496949 0.458007 0.373854 0.487118
0 0.495552 0.454627 0.368773 0.491893
0 0.496204 0.455921 0.377498 0.491675
0 0.494015 0.457173 0.373096 0.488253
0 0.494538 0.454560 0.370746 0.493724
0 0.497038 0.455980 0.376360 0.488134
0 0.494351 0.453542 0.373046 0.486608
0 0.495837 0.453583 0.374860 0.497488
0 0.491696 0.450845 0.371334 0.505555
0 0.496632 0.447382 0.369399 0.504039
0 0.495017 0.450418 0.366789 0.508549