0 0.483688 0.604566 0.490237 0.698621
0 0.479635 0.613584 0.476673 0.669423
0 0.483559 0.600685 0.476876 0.656823
0 0.487210 0.610252 0.485468 0.663776
0 0.481915 0.602849 0.476228 0.650146
0 0.483514 0.609468 0.485090 0.666277
0 0.481731 0.600688 0.470054 0.642199
0 0.482150 0.605243 0.480560 0.659473
0 0.495356 0.603583 0.474991 0.661771
0 0.489267 0.601615 0.475218 0.677505
0 0.483505 0.609131 0.475056 0.640123
0 0.478728 0.607952 0.477940 0.644902
0 0.487361 0.616413 0.477445 0.648445
0 0.485916 0.611463 0.491311 0.649729
0 0.487915 0.613936 0.482453 0.648071
0 0.479830 0.612418 0.490218 0.644532
0 0.477011 0.615468 0.474348 0.642093
0 0.479964 0.605653 0.484559 0.635076
0 0.484002 0.610992 0.475238 0.632672
0 0.482500 0.605278 0.481081 0.644559
0 0.485743 0.611384 0.475462 0.648420
0 0.487433 0.606896 0.467816 0.651121
0 0.495524 0.603116 0.462499 0.668857
0 0.482982 0.610161 0.495699 0.657247
0 0.480970 0.612530 0.474352 0.631545
0 0.480964 0.611570 0.487271 0.635846
0 0.486752 0.613352 0.482995 0.647360
0 0.486150 0.612842 0.503005 0.645296
0 0.486958 0.614594 0.493590 0.637620
0 0.482094 0.608453 0.501354 0.647168
0 0.485458 0.610656 0.485695 0.643434
0 0.480968 0.600571 0.497210 0.639399
0 0.489162 0.610720 0.488329 0.636721
0 0.484890 0.603190 0.493451 0.644780
0 0.485886 0.608930 0.484130 0.644221
0 0.479685 0.604752 0.491184 0.637079
0 0.489542 0.603216 0.465600 0.635602
0 0.484765 0.598595 0.481634 0.649749
0 0.480788 0.597686 0.510504 0.666120
0 0.482628 0.607663 0.505583 0.635256
0 0.482676 0.613931 0.476599 0.635700
0 0.484206 0.614387 0.502927 0.646238
0 0.490065 0.616928 0.493035 0.654822
0 0.482802 0.610708 0.513779 0.655331
0 0.482649 0.615886 0.497633 0.646335
0 0.481845 0.608869 0.509337 0.652879
0 0.486013 0.608084 0.489137 0.643818
0 0.477760 0.608292 0.498361 0.656491
0 0.486093 0.612491 0.483464 0.639734
0 0.483064 0.607428 0.498543 0.654346
0 0.485779 0.611517 0.489676 0.659416
0 0.476255 0.608990 0.506955 0.648891
0 0.481901 0.607216 0.484790 0.638716
0 0.476734 0.605878 0.484216 0.650236
0 0.482897 0.584824 0.508326 0.661453
0 0.482721 0.594959 0.500293 0.633273
0 0.475075 0.595517 0.479245 0.633793
0 0.485683 0.601868 0.508825 0.628357
0 0.492576 0.600271 0.497626 0.634448
0 0.485922 0.602423 0.512475 0.646876
0 0.484216 0.606967 0.498003 0.638990
0 0.484094 0.603584 0.502342 0.650674
0 0.486150 0.605409 0.485108 0.641686
0 0.479145 0.602198 0.501456 0.656112
0 0.482704 0.599516 0.482401 0.636974
0 0.477984 0.601345 0.495449 0.652351
0 0.479028 0.602122 0.478791 0.644420
0 0.474056 0.605704 0.500828 0.644591
0 0.480672 0.603911 0.481048 0.637541
0 0.476854 0.603489 0.485161 0.649482
0 0.481605 0.597476 0.494717 0.611684
0 0.476098 0.603898 0.474490 0.605751
0 0.484243 0.610668 0.506552 0.610019
0 0.490910 0.611610 0.501225 0.615279
0 0.486878 0.607246 0.499478 0.622566
0 0.489364 0.610346 0.494812 0.620403
0 0.482770 0.607961 0.500769 0.633846
0 0.487409 0.609566 0.486483 0.617921
0 0.479489 0.608750 0.497630 0.632834
0 0.481587 0.607831 0.485492 0.620269
0 0.476747 0.609239 0.502359 0.632328
0 0.477375 0.606230 0.481326 0.620282
0 0.470744 0.605470 0.501714 0.625226
0 0.478895 0.606888 0.489041 0.636537
0 0.481272 0.599561 0.492915 0.637702
0 0.481275 0.608620 0.493903 0.594719
0 0.476678 0.608499 0.478532 0.593197
0 0.483764 0.612632 0.504257 0.593131
0 0.492499 0.612154 0.509032 0.614103
0 0.491060 0.606284 0.500914 0.612887
0 0.495454 0.608749 0.502220 0.623067
0 0.487038 0.612302 0.502095 0.615338
0 0.490147 0.609067 0.497653 0.615621
0 0.485084 0.608906 0.500004 0.629314
0 0.486495 0.605191 0.490180 0.623003
0 0.479029 0.609212 0.503009 0.626829
0 0.482312 0.605004 0.489787 0.624568
0 0.474381 0.608955 0.508537 0.631157
0 0.488982 0.611363 0.492177 0.628943
0 0.475104 0.610248 0.485313 0.572550
0 0.490451 0.613932 0.506006 0.591500
0 0.490317 0.613227 0.502019 0.591266
0 0.490718 0.622845 0.506342 0.595022
0 0.487378 0.618839 0.498574 0.601000
0 0.487727 0.625221 0.497937 0.595332
0 0.486871 0.611896 0.496116 0.600229
0 0.491417 0.616179 0.502498 0.592670
0 0.490109 0.617264 0.498847 0.595966
0 0.491699 0.612300 0.497362 0.604524
0 0.485159 0.617194 0.514509 0.612974
0 0.494231 0.622256 0.514061 0.619566
0 0.495054 0.641178 0.498719 0.535576
0 0.482901 0.633302 0.526966 0.556240
0 0.483880 0.626549 0.540735 0.583704