0 0.570616 0.423201 0.340421 0.444014
0 0.566260 0.427039 0.341970 0.438430
0 0.567785 0.422148 0.338807 0.444669
0 0.568956 0.423665 0.346264 0.452436
0 0.569423 0.428188 0.345437 0.438667
0 0.568891 0.428568 0.342349 0.449151
0 0.570610 0.424359 0.343212 0.448483
0 0.570985 0.421809 0.346682 0.450032
0 0.566801 0.426598 0.354318 0.459252
0 0.574989 0.430054 0.348889 0.440695
0 0.569217 0.428806 0.346568 0.447466
0 0.567176 0.429502 0.345688 0.448557
0 0.568605 0.425540 0.346107 0.444748
0 0.570838 0.425528 0.349398 0.444772
0 0.568296 0.429787 0.354414 0.456505
0 0.576246 0.428696 0.347393 0.447323
0 0.567280 0.429745 0.340981 0.440870
0 0.567045 0.426487 0.349087 0.447319
0 0.568526 0.430050 0.353431 0.444164
0 0.569506 0.429475 0.346634 0.440982
0 0.571281 0.430124 0.336712 0.444170
0 0.565450 0.435020 0.358635 0.454512
0 0.573171 0.427858 0.351465 0.447502
0 0.567280 0.431681 0.344938 0.448316
0 0.566216 0.430356 0.346422 0.454808
0 0.568646 0.430016 0.349814 0.446079
0 0.570238 0.427229 0.353143 0.456015
0 0.572785 0.434503 0.337818 0.447220
0 0.567649 0.431291 0.358239 0.462365
0 0.572355 0.427402 0.347033 0.450430
0 0.566578 0.427272 0.350268 0.454387
0 0.568428 0.428032 0.349635 0.451851
0 0.567779 0.429836 0.339030 0.454725
0 0.572007 0.430433 0.347526 0.452572
0 0.562428 0.429423 0.343923 0.466134
0 0.566799 0.432166 0.352203 0.467709