0 0.510522 0.458795 0.395000 0.536625
0 0.509455 0.460195 0.397784 0.535348
0 0.515412 0.451379 0.401297 0.544193
0 0.513911 0.456548 0.406240 0.546588
0 0.512382 0.465228 0.414848 0.550303
0 0.508109 0.461870 0.415304 0.539118
0 0.511275 0.456839 0.414234 0.542690
0 0.518483 0.450738 0.402391 0.546823
0 0.508377 0.463871 0.414077 0.553378
0 0.509632 0.467100 0.415671 0.565911
0 0.515259 0.465860 0.420384 0.558930
0 0.512152 0.462197 0.419020 0.560127
0 0.514190 0.470303 0.419214 0.552382
0 0.509117 0.465640 0.423656 0.550423
0 0.511802 0.461811 0.419788 0.548196
0 0.514454 0.457777 0.412774 0.546309
0 0.513091 0.470035 0.421596 0.544783
0 0.513907 0.470039 0.421332 0.562618
0 0.514683 0.466427 0.423263 0.553166
0 0.509706 0.464081 0.421755 0.563770
0 0.515465 0.466711 0.420649 0.553427
0 0.510634 0.465472 0.420779 0.561287
0 0.511731 0.464398 0.419462 0.557708
0 0.513116 0.466559 0.420002 0.564127
0 0.513741 0.464286 0.419014 0.559542
0 0.517452 0.463635 0.416516 0.565424
0 0.511582 0.460227 0.416734 0.555524
0 0.517543 0.456337 0.415971 0.563178
0 0.516828 0.455718 0.413926 0.559361
0 0.513513 0.472038 0.421484 0.547189
0 0.513077 0.470453 0.421766 0.565186
0 0.515202 0.465303 0.427973 0.549428
0 0.512389 0.463173 0.426407 0.562930
0 0.511107 0.468281 0.417036 0.550520
0 0.509964 0.472989 0.420849 0.559555
0 0.508119 0.468831 0.418170 0.543027
0 0.511315 0.475803 0.416620 0.539475
0 0.511198 0.466074 0.416853 0.561259
0 0.512924 0.466413 0.412775 0.557126
0 0.508192 0.464313 0.410962 0.554200
0 0.513089 0.458678 0.413663 0.563636
0 0.512721 0.457316 0.410612 0.558228
0 0.512409 0.472186 0.422496 0.546825
0 0.512964 0.464267 0.426014 0.565853
0 0.514659 0.466958 0.422915 0.538054
0 0.514333 0.462671 0.433233 0.560437
0 0.514389 0.466115 0.418327 0.551400
0 0.516497 0.469424 0.418631 0.557502
0 0.508938 0.472604 0.413687 0.544818
0 0.512640 0.477323 0.417218 0.548388
0 0.510200 0.467254 0.414133 0.552991
0 0.510700 0.470034 0.410484 0.549022
0 0.509881 0.463126 0.407254 0.554612
0 0.514663 0.458208 0.408516 0.561068
0 0.516037 0.468378 0.427317 0.563702
0 0.514188 0.472052 0.420936 0.553646
0 0.515845 0.469984 0.434927 0.577368
0 0.513984 0.469557 0.418207 0.562136
0 0.514491 0.472494 0.426376 0.573511
0 0.511755 0.468892 0.414952 0.551216
0 0.512190 0.474510 0.420361 0.554859
0 0.510499 0.470793 0.417001 0.557043
0 0.511611 0.472493 0.419692 0.558157
0 0.511268 0.469488 0.406536 0.557058
0 0.507938 0.466228 0.416304 0.559419
0 0.516001 0.483337 0.410249 0.536503
0 0.516037 0.471959 0.415453 0.558647
0 0.511963 0.474076 0.415802 0.554098
0 0.508778 0.473762 0.413337 0.550570
0 0.518425 0.490097 0.405837 0.542663
0 0.509395 0.494206 0.400964 0.529331