0 0.506261 0.378825 0.385917 0.547884
0 0.499827 0.382847 0.389924 0.558503
0 0.498619 0.388576 0.381603 0.542684
0 0.500657 0.383576 0.384352 0.535901
0 0.505052 0.372676 0.384452 0.533169
0 0.504089 0.391784 0.401500 0.558783
0 0.499251 0.396983 0.397157 0.559518
0 0.501683 0.396080 0.395177 0.550474
0 0.504899 0.384112 0.401859 0.538683
0 0.507863 0.382817 0.393610 0.543960
0 0.500254 0.394030 0.390249 0.549731
0 0.507585 0.390909 0.404245 0.545125
0 0.502813 0.393937 0.397779 0.546547
0 0.502386 0.389413 0.400486 0.544192
0 0.502913 0.386080 0.398846 0.541116
0 0.506360 0.385430 0.398534 0.533605
0 0.497641 0.398696 0.379509 0.543916
0 0.507024 0.395541 0.409110 0.537390
0 0.502087 0.393565 0.420101 0.567819
0 0.501615 0.392168 0.408656 0.549823
0 0.499584 0.389610 0.409634 0.543125
0 0.502214 0.389721 0.407517 0.547764
0 0.501578 0.387475 0.399775 0.541448
0 0.497482 0.390740 0.382551 0.546617
0 0.506408 0.388726 0.404286 0.532615
0 0.504361 0.387678 0.425719 0.572252
0 0.505403 0.384057 0.409239 0.556084
0 0.507741 0.388857 0.422845 0.576514
0 0.498972 0.390162 0.401594 0.546118
0 0.501515 0.388437 0.402954 0.551927
0 0.503018 0.385104 0.394793 0.554975
0 0.495567 0.393029 0.387660 0.546102
0 0.506108 0.389064 0.393271 0.547844
0 0.507464 0.392537 0.406295 0.570352
0 0.506364 0.385787 0.399605 0.556174
0 0.502429 0.387601 0.398744 0.547522
0 0.503251 0.386667 0.397956 0.558773
0 0.505577 0.389031 0.393963 0.551208
0 0.503214 0.387718 0.390592 0.548442
0 0.507963 0.382554 0.391165 0.555623
0 0.502984 0.382936 0.395350 0.544748
0 0.504250 0.382836 0.397590 0.554680
0 0.501821 0.395220 0.392841 0.539571
0 0.502531 0.390335 0.394041 0.534879