0 0.461519 0.417979 0.391905 0.546545
0 0.466513 0.421441 0.387702 0.539982
0 0.458092 0.418590 0.387648 0.549708
0 0.459507 0.428299 0.391997 0.540640
0 0.462848 0.425945 0.387997 0.523012
0 0.464242 0.420796 0.394770 0.517502
0 0.450617 0.427404 0.392223 0.568848
0 0.463669 0.432646 0.402584 0.564202
0 0.462351 0.440489 0.400857 0.556260
0 0.464612 0.439572 0.401383 0.549620
0 0.466447 0.433338 0.402872 0.538615
0 0.471096 0.431944 0.396640 0.537982
0 0.457512 0.440026 0.393024 0.559456
0 0.455273 0.440163 0.394176 0.578625
0 0.465366 0.438267 0.402347 0.562840
0 0.463462 0.432699 0.403484 0.568837
0 0.465466 0.439499 0.409587 0.558785
0 0.462415 0.436259 0.409320 0.564215
0 0.463495 0.438109 0.404611 0.553983
0 0.467496 0.439245 0.403636 0.552712
0 0.471451 0.437929 0.401693 0.542790
0 0.472020 0.439492 0.413094 0.567012
0 0.458568 0.445608 0.393735 0.556573
0 0.454590 0.442708 0.398319 0.579881
0 0.466617 0.439513 0.405713 0.557299
0 0.463978 0.438999 0.411390 0.577166
0 0.467549 0.437499 0.410231 0.560464
0 0.463033 0.439675 0.409559 0.565521
0 0.461591 0.436964 0.406883 0.549178
0 0.463579 0.438462 0.411478 0.552355
0 0.466008 0.437770 0.413341 0.563874
0 0.464326 0.438710 0.397825 0.538820
0 0.465104 0.432776 0.406549 0.556409
0 0.459172 0.440607 0.401532 0.558342
0 0.456977 0.432087 0.406800 0.583245
0 0.466913 0.430020 0.410881 0.557697
0 0.467652 0.428116 0.418942 0.577580
0 0.467439 0.431714 0.412418 0.568385
0 0.468957 0.438959 0.415314 0.576694
0 0.461467 0.440529 0.410057 0.557293
0 0.465419 0.451139 0.414114 0.557476
0 0.465743 0.437781 0.414203 0.560453
0 0.469570 0.439070 0.412484 0.560518
0 0.466029 0.435105 0.404607 0.559051
0 0.473773 0.428441 0.408239 0.571557
0 0.466410 0.433316 0.399937 0.554943
0 0.464264 0.437870 0.417160 0.577818
0 0.467775 0.441525 0.405712 0.559286
0 0.469350 0.440837 0.419736 0.582677
0 0.468264 0.439808 0.409028 0.566199
0 0.467392 0.439981 0.421920 0.585603
0 0.463794 0.443861 0.409231 0.559857
0 0.466220 0.453003 0.418021 0.565837
0 0.466585 0.442785 0.413259 0.557436
0 0.468344 0.444226 0.418314 0.560487
0 0.467191 0.441215 0.401918 0.552236
0 0.473753 0.439071 0.410511 0.567230
0 0.469027 0.439421 0.409534 0.557452
0 0.464907 0.443591 0.405487 0.554420
0 0.469522 0.442473 0.405869 0.562333
0 0.465490 0.445133 0.403615 0.547702
0 0.466364 0.446409 0.409678 0.552017
0 0.470742 0.453683 0.404752 0.535199
0 0.469960 0.456173 0.406997 0.544972
0 0.466798 0.452773 0.394131 0.541148
0 0.466228 0.458842 0.393309 0.539939
0 0.462546 0.487755 0.396000 0.514746