0 0.478408 0.444959 0.534438 0.708585
0 0.478852 0.447237 0.530564 0.709144
0 0.483450 0.452437 0.520656 0.711359
0 0.483526 0.456001 0.520480 0.712377
0 0.484065 0.454090 0.541048 0.722125
0 0.477971 0.447288 0.525131 0.684263
0 0.483485 0.450703 0.521370 0.679462
0 0.470270 0.441002 0.515364 0.691402
0 0.477383 0.446338 0.517870 0.688533
0 0.471504 0.440694 0.519985 0.674556
0 0.472472 0.448019 0.524111 0.674598
0 0.478913 0.442324 0.511821 0.672032
0 0.479779 0.451300 0.523070 0.673383
0 0.479956 0.458616 0.515548 0.677625
0 0.490273 0.454247 0.517996 0.674155
0 0.485325 0.450657 0.545790 0.685770
0 0.476139 0.445431 0.513990 0.663504
0 0.469444 0.437370 0.515957 0.655478
0 0.482522 0.441651 0.517740 0.662399
0 0.467303 0.435680 0.521724 0.665365
0 0.471596 0.436980 0.509752 0.661956
0 0.471362 0.431878 0.527596 0.641031
0 0.471975 0.436722 0.509477 0.642624
0 0.472751 0.432339 0.529463 0.632428
0 0.472150 0.436659 0.515887 0.630993
0 0.479327 0.435106 0.510992 0.620336
0 0.474713 0.438548 0.512405 0.632493
0 0.482700 0.441180 0.513106 0.641308
0 0.483150 0.448485 0.528831 0.660097
0 0.478967 0.431145 0.544947 0.682535
0 0.487305 0.441446 0.549800 0.671009
0 0.461937 0.432633 0.505349 0.626097
0 0.478287 0.436088 0.510002 0.647054
0 0.468039 0.428930 0.514935 0.634045
0 0.473027 0.433236 0.511529 0.642228
0 0.468378 0.427040 0.525820 0.640767
0 0.465690 0.432382 0.513556 0.640162
0 0.470576 0.425730 0.516648 0.624158
0 0.471889 0.430399 0.510712 0.635870
0 0.474568 0.422256 0.520061 0.619080
0 0.473944 0.430245 0.509060 0.620588
0 0.479801 0.426450 0.515377 0.610012
0 0.474612 0.430595 0.510132 0.620806
0 0.489804 0.429117 0.514862 0.593547
0 0.477246 0.434812 0.511608 0.612212
0 0.478243 0.430786 0.527983 0.619891
0 0.484782 0.429506 0.558774 0.686767
0 0.490806 0.442030 0.556030 0.675416
0 0.459116 0.440226 0.507717 0.651846
0 0.472898 0.440443 0.507461 0.670023
0 0.468512 0.434208 0.525960 0.668947
0 0.475336 0.439520 0.513939 0.667701
0 0.470233 0.429467 0.530247 0.666835
0 0.472300 0.431695 0.517817 0.657714
0 0.469516 0.431283 0.505260 0.645217
0 0.472975 0.430823 0.510806 0.656221
0 0.475687 0.429001 0.508582 0.651124
0 0.475885 0.435154 0.506735 0.652382
0 0.484489 0.424690 0.509785 0.633389
0 0.481079 0.430601 0.505491 0.646200
0 0.476324 0.431327 0.524760 0.627128
0 0.472018 0.431232 0.530800 0.619447
0 0.469624 0.439226 0.549941 0.638394
0 0.480564 0.425496 0.549379 0.677341
0 0.488334 0.428207 0.557331 0.676310
0 0.471739 0.430765 0.505520 0.657756
0 0.467506 0.429094 0.513058 0.641116
0 0.478004 0.428204 0.511299 0.647904
0 0.472842 0.422412 0.513107 0.656286
0 0.475723 0.424933 0.512737 0.660124
0 0.468706 0.424126 0.494278 0.648345
0 0.469354 0.421233 0.502434 0.660551
0 0.473784 0.425310 0.490235 0.647653
0 0.473592 0.424385 0.497719 0.661039
0 0.476282 0.432386 0.501010 0.631976
0 0.473263 0.441716 0.497665 0.651058
0 0.473225 0.440065 0.524376 0.630302
0 0.464188 0.436434 0.535901 0.624463
0 0.467188 0.434275 0.540278 0.619136
0 0.487154 0.422898 0.542662 0.702348
0 0.467029 0.422779 0.505466 0.676346
0 0.468970 0.420700 0.497473 0.670034
0 0.476689 0.419601 0.504382 0.694034
0 0.475608 0.416913 0.503877 0.680448
0 0.481051 0.420469 0.513080 0.697363
0 0.474407 0.413575 0.498553 0.701353
0 0.475854 0.406732 0.492608 0.699233
0 0.479240 0.414553 0.501721 0.707644
0 0.476994 0.406091 0.489882 0.698415
0 0.478969 0.425620 0.511205 0.671260
0 0.476385 0.420014 0.501054 0.687335
0 0.470767 0.427344 0.542318 0.674092
0 0.462465 0.422145 0.540464 0.654904
0 0.485386 0.438379 0.531598 0.704939
0 0.472095 0.434713 0.504564 0.673392
0 0.468456 0.429500 0.482821 0.654601
0 0.478560 0.430519 0.497210 0.692983
0 0.479645 0.427463 0.493606 0.674049
0 0.485552 0.430341 0.502100 0.686156
0 0.479489 0.432202 0.510014 0.683206
0 0.482324 0.426207 0.516894 0.694671
0 0.484706 0.430246 0.510808 0.689751
0 0.486868 0.422024 0.519989 0.705137
0 0.480059 0.429235 0.524755 0.684255
0 0.460594 0.436421 0.558121 0.661005
0 0.478685 0.423654 0.534055 0.647016
0 0.470884 0.441241 0.527523 0.661626
0 0.473668 0.435913 0.511655 0.677497
0 0.475671 0.453198 0.494233 0.653767
0 0.483143 0.445694 0.509721 0.677076
0 0.479106 0.457779 0.494740 0.657852
0 0.483624 0.450359 0.536464 0.684482
0 0.487284 0.452843 0.528229 0.663245
0 0.472369 0.447378 0.545175 0.645173
0 0.452064 0.449191 0.594927 0.631155