0 0.448315 0.274973 0.220929 0.325616
0 0.451440 0.276407 0.220982 0.317916
0 0.451424 0.277330 0.224945 0.315409
0 0.453683 0.272336 0.224287 0.317175
0 0.450063 0.276802 0.215833 0.305828
0 0.450058 0.275865 0.218190 0.303898
0 0.451487 0.275131 0.221291 0.305830
0 0.449248 0.275206 0.220664 0.300923
0 0.452155 0.271154 0.226856 0.307361
0 0.449957 0.273519 0.209750 0.302519
0 0.450111 0.272749 0.212842 0.299551
0 0.450474 0.274337 0.214286 0.300529
0 0.448573 0.273812 0.217191 0.301072
0 0.448734 0.273405 0.218690 0.297295
0 0.449711 0.275523 0.221613 0.288851
0 0.448828 0.270636 0.209824 0.301174
0 0.448638 0.271401 0.211092 0.300706
0 0.452165 0.273362 0.218405 0.304646
0 0.449767 0.272620 0.218590 0.299132
0 0.449352 0.272895 0.214678 0.295611
0 0.451091 0.274205 0.215892 0.287843
0 0.448425 0.271070 0.211493 0.293917
0 0.449291 0.271466 0.210506 0.292075
0 0.451214 0.273084 0.212862 0.295961
0 0.452130 0.273622 0.210722 0.293848
0 0.451915 0.272137 0.213606 0.291193
0 0.454300 0.272038 0.212803 0.288145
0 0.447253 0.271964 0.207419 0.293645
0 0.448833 0.272635 0.211558 0.293199
0 0.449371 0.275182 0.209028 0.292885
0 0.451897 0.274420 0.212684 0.298779
0 0.453057 0.270928 0.211084 0.300965
0 0.456829 0.271703 0.211074 0.295237
0 0.446334 0.272398 0.211034 0.299706
0 0.450131 0.272340 0.209284 0.299078
0 0.451459 0.272993 0.208754 0.296894
0 0.452494 0.271843 0.207681 0.302595
0 0.452678 0.270918 0.212177 0.305564
0 0.452751 0.270039 0.212582 0.302106
0 0.456297 0.274691 0.215592 0.302792
0 0.447624 0.271195 0.220797 0.298274
0 0.455559 0.271543 0.219905 0.300180
0 0.454071 0.266147 0.214488 0.296687
0 0.451213 0.270692 0.220219 0.307228
0 0.447894 0.273885 0.218956 0.298246
0 0.450137 0.271684 0.217263 0.302005
0 0.456877 0.271597 0.217229 0.300838
0 0.453683 0.270743 0.218676 0.295529
0 0.448503 0.271494 0.215379 0.295607
0 0.453625 0.273011 0.221783 0.296933
0 0.460133 0.274688 0.225024 0.304884
0 0.455452 0.268741 0.215705 0.296286