0 0.489774 0.366103 0.353120 0.531210
0 0.492906 0.365202 0.348907 0.532827
0 0.488414 0.363602 0.348518 0.512215
0 0.488413 0.364199 0.350509 0.510116
0 0.488340 0.363496 0.355773 0.505786
0 0.493192 0.357451 0.351780 0.517588
0 0.489365 0.355753 0.349119 0.509145
0 0.489669 0.360680 0.350764 0.497187
0 0.485577 0.359955 0.352005 0.497772
0 0.485674 0.357117 0.354201 0.489270
0 0.490900 0.356345 0.347521 0.491455
0 0.497900 0.349141 0.345918 0.497717
0 0.489312 0.360057 0.352477 0.510796
0 0.491717 0.362452 0.351513 0.516339
0 0.491516 0.361204 0.345709 0.514201
0 0.491808 0.359442 0.353852 0.503787
0 0.489582 0.356260 0.350816 0.502697
0 0.494584 0.356248 0.346934 0.495676
0 0.487675 0.356942 0.349883 0.498342
0 0.489588 0.359454 0.348443 0.503309
0 0.486031 0.360539 0.350310 0.503215
0 0.486407 0.359183 0.351187 0.505747
0 0.488401 0.355123 0.352883 0.513244
0 0.494989 0.355947 0.346633 0.508784
0 0.483575 0.356747 0.351559 0.498044
0 0.488270 0.358135 0.351257 0.508834
0 0.486694 0.354280 0.348007 0.510834
0 0.488040 0.355450 0.355037 0.506593
0 0.491183 0.354748 0.352851 0.512824
0 0.499678 0.358866 0.350945 0.506322
0 0.485183 0.365324 0.342249 0.491615
0 0.487289 0.361456 0.347751 0.497065
0 0.486451 0.359448 0.352829 0.501640
0 0.486609 0.360230 0.354636 0.511691
0 0.490409 0.362347 0.354250 0.515382
0 0.488574 0.369468 0.343282 0.499277
0 0.483983 0.361144 0.347366 0.512000
0 0.488333 0.363989 0.357546 0.522477