0 0.450143 0.466552 0.417766 0.510792
0 0.444310 0.478203 0.427663 0.517797
0 0.446970 0.472373 0.432074 0.504428
0 0.452447 0.462739 0.421413 0.492705
0 0.445405 0.467267 0.424588 0.501805
0 0.452818 0.466391 0.435760 0.508192
0 0.443149 0.476705 0.439541 0.516305
0 0.442879 0.478910 0.442372 0.503824
0 0.444056 0.478005 0.427890 0.495166
0 0.450434 0.465262 0.425857 0.489413
0 0.445940 0.482971 0.427188 0.519395
0 0.448763 0.480210 0.435507 0.522543
0 0.445260 0.484563 0.429103 0.525845
0 0.439563 0.491054 0.431597 0.531233
0 0.441175 0.488515 0.435423 0.526521
0 0.445929 0.477640 0.424976 0.513087
0 0.449544 0.483835 0.428609 0.515584
0 0.451156 0.486168 0.429936 0.522667
0 0.450089 0.484341 0.432253 0.536160
0 0.448109 0.486389 0.427785 0.520415
0 0.445636 0.486457 0.427679 0.534296
0 0.438157 0.486685 0.433001 0.531346
0 0.439884 0.482371 0.423735 0.524603
0 0.448011 0.477382 0.425709 0.523291
0 0.454729 0.475909 0.438192 0.548676
0 0.450835 0.486616 0.422238 0.532622
0 0.454381 0.486153 0.432780 0.553949
0 0.448752 0.488167 0.422657 0.533441
0 0.449566 0.492374 0.437782 0.550385
0 0.442359 0.490560 0.424309 0.541667
0 0.443306 0.497219 0.420864 0.533060
0 0.439718 0.492359 0.433282 0.540192
0 0.448392 0.492515 0.424921 0.528385
0 0.443981 0.494353 0.429272 0.529399
0 0.454833 0.497227 0.420033 0.525626
0 0.457679 0.481534 0.440881 0.546456
0 0.445832 0.485197 0.426793 0.520467
0 0.456272 0.485749 0.443278 0.543997
0 0.453814 0.485704 0.425871 0.532706
0 0.460973 0.493175 0.441237 0.552125
0 0.446602 0.487105 0.417746 0.529681
0 0.448022 0.492994 0.439682 0.551678
0 0.447540 0.494413 0.423059 0.540260
0 0.448678 0.500316 0.430639 0.546821
0 0.441126 0.496270 0.437075 0.541535
0 0.446973 0.500565 0.435694 0.542095
0 0.448038 0.501745 0.438697 0.537975
0 0.450144 0.500822 0.428500 0.544293
0 0.451345 0.501664 0.422966 0.542910
0 0.462286 0.472841 0.444451 0.580868
0 0.453298 0.478071 0.436763 0.578974
0 0.454889 0.484509 0.449914 0.586661
0 0.450009 0.476194 0.437018 0.577129
0 0.445437 0.487877 0.445516 0.570102
0 0.449691 0.481212 0.445894 0.577008
0 0.449261 0.488559 0.447999 0.562249
0 0.446727 0.489261 0.452548 0.579327
0 0.447368 0.487708 0.435737 0.553881
0 0.451445 0.493836 0.435895 0.563023
0 0.452493 0.503643 0.440905 0.571036
0 0.453179 0.489607 0.439305 0.588022
0 0.448100 0.491434 0.439349 0.584186