0 0.632802 0.466015 0.404126 0.523034
0 0.637543 0.463026 0.401683 0.531522
0 0.629686 0.446780 0.404369 0.492168
0 0.642546 0.452580 0.401693 0.482778
0 0.642304 0.453791 0.405395 0.491025
0 0.639955 0.453302 0.410358 0.494834
0 0.642492 0.451329 0.408472 0.503619
0 0.636726 0.456806 0.401142 0.503316
0 0.644121 0.454448 0.413860 0.495944
0 0.641673 0.454712 0.416734 0.500619
0 0.640604 0.451513 0.419887 0.494631
0 0.644200 0.453977 0.413386 0.495102
0 0.648515 0.449645 0.398415 0.504803
0 0.642379 0.454400 0.402216 0.486349
0 0.644997 0.455165 0.419806 0.494855
0 0.644278 0.454880 0.409502 0.510220
0 0.642756 0.454201 0.416664 0.517284
0 0.642743 0.452548 0.418638 0.497854
0 0.647583 0.452237 0.396444 0.499486
0 0.641531 0.450853 0.402764 0.503129
0 0.645228 0.451604 0.417487 0.502536
0 0.642881 0.452203 0.412634 0.511496
0 0.642377 0.452812 0.413870 0.504783
0 0.643828 0.448426 0.413214 0.506847
0 0.648441 0.453113 0.392625 0.500528
0 0.635727 0.450972 0.405203 0.501641
0 0.644511 0.457878 0.412903 0.499010
0 0.648602 0.450772 0.410281 0.512558
0 0.646600 0.452894 0.410368 0.512503
0 0.651003 0.451633 0.415418 0.519517
0 0.653554 0.454319 0.400724 0.515739
0 0.633288 0.458563 0.398289 0.504122
0 0.646163 0.454924 0.403524 0.500751
0 0.643697 0.452812 0.411704 0.521835
0 0.644206 0.450237 0.412283 0.527324
0 0.648743 0.449992 0.409041 0.538370
0 0.640436 0.452269 0.402317 0.533377
0 0.643453 0.452976 0.398345 0.525365