0 0.223168 0.267317 0.058524 0.078036
0 0.223951 0.270917 0.059963 0.080651
0 0.223675 0.270934 0.061520 0.081816
0 0.224260 0.271010 0.060901 0.081548
0 0.223639 0.270979 0.061510 0.081378
0 0.223430 0.271239 0.060922 0.083640
0 0.223506 0.271092 0.060847 0.082950
0 0.223750 0.272361 0.060888 0.085571
0 0.224172 0.272596 0.060730 0.085527
0 0.657261 0.194784 0.133380 0.246459
0 0.661395 0.195874 0.137765 0.236167
0 0.662753 0.195112 0.135852 0.232465
0 0.663007 0.193535 0.133663 0.231753
0 0.661660 0.194456 0.134317 0.234722
0 0.662213 0.194054 0.135674 0.231485
0 0.662397 0.192869 0.134899 0.228302
0 0.663405 0.193109 0.133051 0.227119
0 0.663110 0.194088 0.131934 0.227626
0 0.661310 0.194344 0.131764 0.234846
0 0.660991 0.192724 0.136468 0.230637
0 0.663360 0.192950 0.132267 0.231269
0 0.664962 0.194638 0.135121 0.231370
0 0.664167 0.195098 0.130912 0.224419
0 0.662443 0.194009 0.129513 0.232004
0 0.662169 0.193756 0.137075 0.229887
0 0.663968 0.193198 0.131569 0.226968
0 0.663781 0.192313 0.132620 0.225379
0 0.664334 0.195034 0.130526 0.223815
0 0.662140 0.193064 0.132104 0.235199
0 0.663942 0.193311 0.137970 0.229425
0 0.665533 0.193865 0.133597 0.222855
0 0.663759 0.194809 0.129996 0.218249
0 0.665681 0.198081 0.131378 0.221942
0 0.224128 0.268241 0.058155 0.079018
0 0.223994 0.268490 0.058007 0.079767
0 0.661628 0.195214 0.136169 0.222408
0 0.663667 0.196728 0.137366 0.219665
0 0.665361 0.197445 0.135087 0.221482
0 0.224245 0.268792 0.058059 0.079843
0 0.223438 0.269704 0.058013 0.080613