0 0.200684 0.507704 0.251505 0.414508
0 0.201245 0.508811 0.248375 0.412652
0 0.198246 0.504946 0.247210 0.398320
0 0.204204 0.507395 0.258386 0.397702
0 0.203102 0.509779 0.255900 0.399748
0 0.205307 0.511850 0.257407 0.397664
0 0.198878 0.510417 0.252476 0.406290
0 0.204057 0.510800 0.262302 0.403703
0 0.204285 0.511713 0.263215 0.407741
0 0.204883 0.513586 0.258609 0.396495
0 0.203727 0.509891 0.258169 0.415859
0 0.205506 0.511175 0.261218 0.417814
0 0.205838 0.513720 0.262113 0.408343
0 0.206466 0.512557 0.258169 0.411317
0 0.206183 0.512008 0.256318 0.419624
0 0.204652 0.516353 0.265537 0.410799
0 0.203329 0.515627 0.256793 0.396148
0 0.206470 0.515849 0.262321 0.403555
0 0.207016 0.514545 0.258797 0.410167
0 0.206644 0.516968 0.262924 0.407485
0 0.202708 0.517277 0.254470 0.392200
0 0.206300 0.517842 0.263797 0.397850
0 0.204598 0.515997 0.261096 0.399020
0 0.205887 0.517820 0.261586 0.396701
0 0.202481 0.518486 0.258064 0.393463
0 0.204776 0.516617 0.265525 0.395681
0 0.203290 0.516989 0.262860 0.398829
0 0.205685 0.519081 0.260898 0.392543
0 0.200889 0.525927 0.257024 0.383294
0 0.206634 0.521661 0.256893 0.390574
0 0.205386 0.521426 0.256869 0.386297
0 0.206550 0.523574 0.258073 0.379377
0 0.464376 0.383705 0.330413 0.439476
0 0.465539 0.386613 0.324808 0.431645
0 0.462607 0.390501 0.331142 0.426589
0 0.461650 0.393200 0.332747 0.414754
0 0.460443 0.392003 0.326697 0.407511
0 0.462831 0.390448 0.326206 0.409630
0 0.465396 0.377121 0.324585 0.412496
0 0.462802 0.385228 0.331430 0.410336
0 0.466112 0.387837 0.330132 0.400052
0 0.463449 0.388616 0.334003 0.397333
0 0.465806 0.384217 0.326182 0.399436
0 0.462935 0.382116 0.324243 0.398141
0 0.206051 0.509732 0.262626 0.425061
0 0.205546 0.509335 0.259541 0.429557
0 0.273783 0.468668 0.271335 0.444717
0 0.469535 0.382399 0.322950 0.410774
0 0.462528 0.389874 0.331937 0.421857
0 0.464739 0.387159 0.329947 0.401431
0 0.463623 0.389135 0.334911 0.403373
0 0.459802 0.385731 0.332068 0.408645
0 0.462532 0.382444 0.337534 0.408179
0 0.463608 0.387223 0.332187 0.421118
0 0.844344 0.463531 0.223574 0.567833
0 0.844448 0.451719 0.224460 0.546473
0 0.207246 0.512433 0.260583 0.419263
0 0.207674 0.515373 0.263279 0.420304
0 0.206158 0.514901 0.261802 0.423749
0 0.195122 0.512887 0.259361 0.425855
0 0.420009 0.415788 0.305906 0.416645
0 0.468249 0.387965 0.326699 0.396053
0 0.463750 0.388471 0.328448 0.395854
0 0.458972 0.388181 0.337136 0.402561
0 0.462442 0.387838 0.333071 0.402818
0 0.463147 0.383665 0.331929 0.412845
0 0.827362 0.455745 0.218103 0.536029
0 0.841653 0.477253 0.220345 0.565611
0 0.201557 0.511010 0.254119 0.427913
0 0.207694 0.512957 0.265535 0.409292
0 0.206888 0.514851 0.262621 0.414563
0 0.206408 0.514160 0.258217 0.401570
0 0.192839 0.511529 0.249661 0.409789
0 0.270639 0.478981 0.282641 0.410389
0 0.468965 0.388802 0.326852 0.399727
0 0.462964 0.391123 0.316069 0.401206
0 0.461168 0.391014 0.334679 0.409431
0 0.459994 0.392459 0.339193 0.405949
0 0.465295 0.392974 0.333811 0.416298
0 0.825233 0.465478 0.224756 0.536113
0 0.838474 0.476079 0.226432 0.579037
0 0.204744 0.515042 0.256187 0.412597
0 0.206417 0.511475 0.265246 0.408812
0 0.208500 0.513727 0.263011 0.409032
0 0.203604 0.514287 0.262622 0.406214
0 0.200797 0.512346 0.265250 0.405017
0 0.201163 0.517624 0.271374 0.390964
0 0.434246 0.411720 0.318466 0.409173
0 0.470108 0.394726 0.320089 0.386715
0 0.465542 0.390740 0.328036 0.403162
0 0.463573 0.395557 0.341093 0.393387
0 0.203630 0.518825 0.253176 0.396043
0 0.204466 0.515263 0.268037 0.410424
0 0.204541 0.513602 0.266720 0.405577
0 0.204755 0.513896 0.265112 0.410986
0 0.205938 0.517335 0.263667 0.393214
0 0.203657 0.526360 0.270018 0.399594
0 0.206238 0.518127 0.267794 0.405010
0 0.208269 0.516620 0.268579 0.407506
0 0.209967 0.517740 0.263636 0.405317
0 0.210118 0.517684 0.267502 0.402135