0 0.619420 0.229706 0.173676 0.227772
0 0.619317 0.232593 0.174243 0.225097
0 0.619644 0.232259 0.172667 0.222075
0 0.621095 0.227516 0.172845 0.227460
0 0.619011 0.226647 0.172720 0.224848
0 0.619864 0.227680 0.170466 0.221701
0 0.620184 0.230743 0.167517 0.217499
0 0.620692 0.229892 0.169335 0.218785
0 0.621177 0.230012 0.170206 0.217955
0 0.623555 0.224791 0.170470 0.222088
0 0.619192 0.227012 0.172229 0.224621
0 0.619726 0.226647 0.170524 0.218598
0 0.619956 0.229034 0.169085 0.216938
0 0.620517 0.228748 0.169863 0.214820
0 0.621664 0.229312 0.169174 0.214174
0 0.622706 0.229169 0.165285 0.215310
0 0.614338 0.226940 0.164472 0.217739
0 0.619985 0.225219 0.172435 0.217946
0 0.619931 0.227091 0.171761 0.217250
0 0.621671 0.228893 0.168472 0.214705
0 0.621581 0.228781 0.167919 0.212148
0 0.621285 0.230218 0.169046 0.212644
0 0.622367 0.230095 0.163368 0.213735
0 0.621554 0.226810 0.172901 0.214997
0 0.619543 0.227481 0.169726 0.215362
0 0.621291 0.229149 0.170415 0.211617
0 0.622754 0.230266 0.167471 0.211397
0 0.621745 0.229339 0.166504 0.210675
0 0.624790 0.231832 0.169269 0.210029
0 0.619754 0.227442 0.165721 0.214864
0 0.620357 0.228983 0.169113 0.214686
0 0.621795 0.229737 0.167116 0.211068
0 0.624457 0.231727 0.167011 0.210069
0 0.621509 0.227570 0.169476 0.217331
0 0.622421 0.229258 0.167375 0.210782