0 0.517771 0.398384 0.275874 0.379474
0 0.518454 0.399877 0.279780 0.376813
0 0.518765 0.396453 0.278305 0.394623
0 0.517669 0.398901 0.281217 0.387405
0 0.522242 0.396189 0.283668 0.394619
0 0.518647 0.398969 0.284454 0.386782
0 0.519869 0.401033 0.284185 0.372347
0 0.520093 0.393652 0.274646 0.387446
0 0.522541 0.393392 0.280202 0.381291
0 0.520208 0.394838 0.281645 0.377433
0 0.522065 0.397160 0.283014 0.364503
0 0.161150 0.494116 0.080554 0.100471
0 0.520144 0.394236 0.270450 0.385737
0 0.520759 0.393212 0.274360 0.382703
0 0.520226 0.395007 0.276438 0.375844
0 0.522601 0.398325 0.281092 0.368350
0 0.080491 0.521328 0.079193 0.131273
0 0.081511 0.523214 0.077169 0.125434
0 0.159014 0.495693 0.080433 0.100938
0 0.160273 0.495369 0.078610 0.099501
0 0.160872 0.494902 0.078077 0.099666
0 0.083451 0.525360 0.075527 0.124738
0 0.083770 0.525826 0.077191 0.128202
0 0.083628 0.525923 0.074774 0.117606
0 0.159407 0.495027 0.078679 0.101308
0 0.159990 0.495244 0.078509 0.100191
0 0.160950 0.495403 0.077124 0.102090
0 0.083733 0.526494 0.074736 0.124613
0 0.083854 0.526205 0.077248 0.125203
0 0.086109 0.529886 0.075770 0.122153
0 0.083691 0.529700 0.076422 0.124000
0 0.525025 0.399474 0.294467 0.415323
0 0.526586 0.397626 0.295435 0.414512
0 0.529183 0.396691 0.293549 0.418107
0 0.528543 0.390086 0.294836 0.402963
0 0.525958 0.391900 0.288407 0.393658
0 0.530227 0.393450 0.285939 0.387891
0 0.527657 0.390971 0.283164 0.387215
0 0.528661 0.392265 0.282418 0.392829
0 0.525892 0.397689 0.289905 0.407596
0 0.526851 0.396020 0.287544 0.398117
0 0.526590 0.394884 0.290177 0.390756
0 0.525034 0.392270 0.284729 0.396674
0 0.525275 0.395040 0.282518 0.385520
0 0.529038 0.393769 0.288801 0.396663
0 0.524140 0.395656 0.288825 0.391553
0 0.524065 0.399211 0.287267 0.387669
0 0.528105 0.399353 0.289270 0.389332
0 0.523279 0.396316 0.283345 0.391282
0 0.525377 0.397985 0.281829 0.398615
0 0.522256 0.396026 0.284747 0.384796
0 0.523490 0.398160 0.283938 0.388042
0 0.525178 0.398305 0.289861 0.383447
0 0.526827 0.397106 0.291593 0.382774
0 0.526977 0.397423 0.285203 0.384925
0 0.529293 0.400035 0.285259 0.376967
0 0.527089 0.403617 0.285818 0.368942