0 0.407449 0.413118 0.267131 0.401530
0 0.409528 0.412872 0.269407 0.410899
0 0.411776 0.410887 0.268110 0.407203
0 0.411447 0.415329 0.270643 0.401791
0 0.412016 0.411179 0.267813 0.404216
0 0.410955 0.414970 0.269241 0.399581
0 0.413271 0.408481 0.270192 0.393646
0 0.412504 0.409940 0.269655 0.387803
0 0.412794 0.412531 0.270676 0.386493
0 0.412672 0.408132 0.267999 0.397817
0 0.411449 0.409393 0.267086 0.389675
0 0.413642 0.412568 0.268097 0.383972
0 0.410024 0.399847 0.278124 0.475412
0 0.409952 0.408152 0.275331 0.453359
0 0.412262 0.408605 0.285220 0.440831
0 0.415804 0.406461 0.283304 0.443645
0 0.410839 0.403189 0.276162 0.442412
0 0.411345 0.405772 0.272677 0.424879
0 0.408419 0.405357 0.279706 0.423145
0 0.413597 0.406164 0.274985 0.422470
0 0.421019 0.405836 0.280366 0.427572
0 0.412246 0.395302 0.277275 0.435963
0 0.414592 0.406288 0.279328 0.428740
0 0.415847 0.409129 0.274057 0.415881
0 0.411841 0.406634 0.273657 0.401295
0 0.412996 0.409337 0.272921 0.405317
0 0.413268 0.411180 0.273544 0.399680
0 0.414080 0.404348 0.280679 0.424119
0 0.413435 0.403095 0.282038 0.423600
0 0.412162 0.410235 0.277576 0.412080
0 0.412728 0.411255 0.277324 0.399110
0 0.414673 0.411481 0.281398 0.398372
0 0.415479 0.411905 0.273387 0.398797
0 0.410539 0.410142 0.281346 0.409198
0 0.409445 0.408580 0.278807 0.403721
0 0.416654 0.414051 0.276193 0.386369
0 0.416458 0.410982 0.273767 0.389510
0 0.420756 0.411324 0.274944 0.389638
0 0.410927 0.409692 0.276165 0.411900
0 0.409726 0.407943 0.277672 0.401687
0 0.415156 0.409653 0.276651 0.396302
0 0.416902 0.408044 0.279744 0.396195