0 0.461695 0.535174 0.541734 0.751938
0 0.452854 0.530815 0.547260 0.754431
0 0.456729 0.535100 0.543444 0.756984
0 0.462182 0.528609 0.546117 0.767700
0 0.452204 0.530810 0.515664 0.702583
0 0.452433 0.526131 0.520002 0.701742
0 0.456372 0.509002 0.518033 0.696559
0 0.455355 0.524960 0.519600 0.716596
0 0.459702 0.505848 0.523823 0.690743
0 0.458695 0.520022 0.527660 0.710513
0 0.461896 0.528182 0.531978 0.716718
0 0.457393 0.521565 0.532552 0.706008
0 0.464624 0.512959 0.524983 0.724030
0 0.462505 0.540288 0.524816 0.712605
0 0.455178 0.543986 0.530123 0.734961
0 0.449738 0.533142 0.519019 0.726570
0 0.454274 0.545264 0.526041 0.740055
0 0.450018 0.533568 0.531307 0.740113
0 0.451526 0.546897 0.525370 0.738128
0 0.456660 0.529922 0.537703 0.739530
0 0.456107 0.544774 0.519187 0.724057
0 0.459434 0.523743 0.531112 0.722092
0 0.458557 0.538284 0.530426 0.733998
0 0.455172 0.534331 0.535516 0.719854
0 0.459592 0.526290 0.527196 0.725822
0 0.467772 0.523343 0.520949 0.748919
0 0.471763 0.543614 0.543301 0.718881
0 0.462410 0.543780 0.536736 0.706449
0 0.458426 0.546416 0.542658 0.731257
0 0.449651 0.538480 0.533017 0.721240
0 0.458567 0.543072 0.530869 0.722944
0 0.448039 0.536956 0.540016 0.742087
0 0.449588 0.546151 0.521988 0.726654
0 0.450425 0.530868 0.541103 0.749816
0 0.453146 0.540631 0.522964 0.735171
0 0.456732 0.529075 0.540854 0.731133
0 0.459464 0.537991 0.528093 0.726920
0 0.452876 0.535133 0.531046 0.721204
0 0.461579 0.534202 0.530240 0.724700
0 0.458757 0.537308 0.541367 0.743363
0 0.463341 0.542729 0.555929 0.712390
0 0.465174 0.542393 0.549659 0.721531
0 0.461661 0.544468 0.546820 0.744682
0 0.449775 0.541466 0.543124 0.738923
0 0.454539 0.537239 0.537187 0.747953
0 0.448847 0.534451 0.537617 0.735597
0 0.450957 0.532600 0.525531 0.748943
0 0.444848 0.530462 0.535412 0.729549
0 0.447381 0.533001 0.530759 0.747096
0 0.450078 0.526191 0.533663 0.722125
0 0.449736 0.528600 0.534343 0.742379
0 0.449335 0.529864 0.541921 0.735964
0 0.458200 0.527105 0.538118 0.727872
0 0.450969 0.529495 0.545515 0.725122
0 0.460405 0.525202 0.534759 0.742448
0 0.459350 0.545135 0.554596 0.738301
0 0.463685 0.542109 0.573518 0.713292
0 0.465983 0.545292 0.560267 0.722048
0 0.464155 0.548754 0.547971 0.745582
0 0.449727 0.546655 0.540940 0.740897
0 0.450366 0.546167 0.527510 0.735589
0 0.451574 0.532117 0.541821 0.726139
0 0.456225 0.529143 0.532633 0.734004
0 0.447422 0.527296 0.530726 0.722850
0 0.451309 0.526061 0.533178 0.735449
0 0.453275 0.520898 0.529463 0.726516
0 0.452109 0.527002 0.528741 0.745665
0 0.452577 0.524451 0.533371 0.751843
0 0.457991 0.527907 0.539819 0.739862
0 0.444296 0.527728 0.543131 0.727721
0 0.453590 0.531509 0.544882 0.733428
0 0.462600 0.537839 0.557566 0.729307
0 0.463331 0.535988 0.575139 0.705914
0 0.476899 0.543970 0.574560 0.714721
0 0.463866 0.549866 0.553654 0.726575
0 0.453835 0.545471 0.536096 0.716972
0 0.456530 0.542720 0.531193 0.726638
0 0.457781 0.542072 0.531747 0.704102
0 0.461398 0.538446 0.531786 0.727018
0 0.450495 0.537322 0.530896 0.713821
0 0.451359 0.529986 0.528634 0.728611
0 0.454279 0.529677 0.522299 0.723783
0 0.451582 0.529330 0.519573 0.740155
0 0.454514 0.535021 0.520722 0.739183
0 0.456964 0.534115 0.537821 0.735414
0 0.438511 0.534982 0.549695 0.726339
0 0.450094 0.538964 0.537745 0.705724
0 0.464327 0.541621 0.563923 0.714677
0 0.481392 0.538302 0.572618 0.720717
0 0.461215 0.545623 0.557678 0.723746
0 0.451983 0.550406 0.531197 0.716419
0 0.455023 0.543495 0.531233 0.721448
0 0.457138 0.542039 0.540567 0.714961
0 0.461336 0.539319 0.533239 0.722755
0 0.446322 0.539139 0.531315 0.740728
0 0.446102 0.532234 0.519361 0.736583
0 0.448555 0.537705 0.516372 0.733399
0 0.446499 0.529469 0.515185 0.742010
0 0.448007 0.535314 0.512954 0.735833
0 0.456276 0.537364 0.537200 0.728877
0 0.444956 0.541801 0.550310 0.716458
0 0.477917 0.557867 0.565175 0.689368
0 0.462863 0.556153 0.549993 0.696798
0 0.453359 0.556948 0.514095 0.702115
0 0.454821 0.552979 0.516494 0.710999
0 0.455866 0.551299 0.529617 0.710709
0 0.460279 0.550788 0.531829 0.720389
0 0.453557 0.544877 0.535108 0.731227
0 0.454484 0.538611 0.527373 0.723503
0 0.457699 0.543666 0.521534 0.722289
0 0.456284 0.535151 0.519758 0.730662
0 0.453403 0.533095 0.527904 0.726537
0 0.451447 0.538818 0.543876 0.728009
0 0.451539 0.543851 0.536825 0.699851
0 0.477159 0.567963 0.552670 0.671035
0 0.471445 0.565675 0.547434 0.671548
0 0.456131 0.569304 0.524866 0.673990
0 0.460091 0.570745 0.529450 0.687934
0 0.459145 0.564961 0.536588 0.680528
0 0.464138 0.563290 0.539448 0.690829
0 0.451912 0.567118 0.546550 0.690154
0 0.453366 0.557726 0.549071 0.696090
0 0.459838 0.566670 0.533191 0.671448
0 0.457374 0.552628 0.534318 0.685359
0 0.449632 0.550575 0.542915 0.684645
0 0.453924 0.557086 0.537539 0.667140
0 0.473579 0.575664 0.556528 0.657988
0 0.464866 0.577667 0.535619 0.658794
0 0.461631 0.587949 0.528462 0.634105
0 0.468257 0.577071 0.534458 0.646294
0 0.451777 0.588804 0.535308 0.625815
0 0.449305 0.576242 0.542163 0.638847
0 0.456224 0.574822 0.538934 0.620459
0 0.455114 0.582829 0.547345 0.637477