0 0.689526 0.339722 0.306280 0.418003
0 0.692005 0.341385 0.296831 0.401295
0 0.690621 0.340763 0.297810 0.405925
0 0.688989 0.335892 0.302272 0.411480
0 0.690390 0.335467 0.309027 0.409983
0 0.694120 0.336401 0.297334 0.391783
0 0.696091 0.333433 0.291533 0.389592
0 0.693822 0.332058 0.292912 0.388726
0 0.690219 0.329831 0.296809 0.390401
0 0.693561 0.329188 0.297478 0.410537
0 0.693158 0.335151 0.302792 0.402417
0 0.691235 0.337434 0.292044 0.395285
0 0.693105 0.334462 0.293905 0.394153
0 0.691718 0.335166 0.293166 0.387124
0 0.695959 0.332996 0.293336 0.390723
0 0.693693 0.337816 0.300653 0.400435
0 0.692270 0.332174 0.293451 0.399191
0 0.691375 0.334143 0.290835 0.387304
0 0.688708 0.331418 0.299384 0.397765
0 0.692356 0.330602 0.297924 0.397364
0 0.694832 0.331275 0.286363 0.393884
0 0.695056 0.332867 0.293807 0.401321
0 0.692739 0.335850 0.282255 0.390960
0 0.691349 0.331162 0.290541 0.402939
0 0.693610 0.328450 0.295723 0.397318
0 0.695298 0.328752 0.296438 0.404583
0 0.697342 0.334665 0.297473 0.398354
0 0.698982 0.334207 0.298148 0.401382