0 0.405841 0.412962 0.302865 0.493795
0 0.404758 0.422829 0.312566 0.479579
0 0.407321 0.424196 0.310265 0.478876
0 0.413740 0.418704 0.309792 0.483235
0 0.403358 0.423615 0.313281 0.486949
0 0.403745 0.425943 0.307928 0.480200
0 0.401624 0.421071 0.313109 0.480190
0 0.408606 0.423259 0.302057 0.477079
0 0.399986 0.414515 0.307467 0.469801
0 0.404923 0.414303 0.307902 0.474381
0 0.409221 0.418031 0.297761 0.465861
0 0.404552 0.414980 0.304181 0.458292
0 0.408020 0.419348 0.299428 0.450994
0 0.412427 0.415961 0.294388 0.456431
0 0.401729 0.424002 0.303209 0.467326
0 0.404201 0.418696 0.309391 0.477847
0 0.408407 0.414652 0.301990 0.470949
0 0.404298 0.416692 0.300835 0.451777
0 0.405609 0.419556 0.299698 0.457303
0 0.411715 0.417957 0.300023 0.465099
0 0.396947 0.416282 0.306310 0.476396
0 0.404131 0.418117 0.311406 0.467830
0 0.402807 0.416177 0.312105 0.470355
0 0.405674 0.417363 0.308302 0.454292
0 0.405946 0.416173 0.297666 0.452907
0 0.412746 0.418797 0.305525 0.462916
0 0.402546 0.422749 0.308431 0.460224
0 0.401060 0.423603 0.312891 0.466533
0 0.401394 0.421141 0.302907 0.464172
0 0.402699 0.421768 0.306206 0.460043
0 0.414742 0.435810 0.315777 0.459464
0 0.398315 0.431651 0.312330 0.449787
0 0.405381 0.428936 0.306600 0.452116
0 0.408762 0.437487 0.312772 0.438226