0 0.623108 0.423037 0.344756 0.447005
0 0.625449 0.425123 0.342758 0.448227
0 0.627653 0.423628 0.342691 0.459083
0 0.627529 0.430127 0.353029 0.469805
0 0.622091 0.434244 0.350523 0.464972
0 0.624705 0.435154 0.347147 0.470103
0 0.628437 0.435381 0.345778 0.470260
0 0.628880 0.428850 0.343146 0.485533
0 0.631314 0.428184 0.350209 0.464168
0 0.624409 0.432344 0.347340 0.452572
0 0.627925 0.433004 0.348517 0.453695
0 0.622971 0.429602 0.338508 0.453308
0 0.625113 0.427804 0.338387 0.454163
0 0.634421 0.422355 0.347217 0.481601
0 0.622480 0.429706 0.345889 0.438242
0 0.630507 0.434290 0.342713 0.458749
0 0.628781 0.430644 0.337348 0.444722
0 0.627041 0.430350 0.349060 0.459161
0 0.621444 0.428656 0.337645 0.451849
0 0.624491 0.429108 0.338613 0.456135
0 0.630459 0.425508 0.353313 0.470815
0 0.620263 0.433043 0.338963 0.445241
0 0.631720 0.430030 0.344729 0.455188
0 0.627643 0.429438 0.347900 0.445259
0 0.623841 0.432623 0.337483 0.433773
0 0.626193 0.434057 0.339838 0.436616
0 0.626114 0.427487 0.344019 0.456349
0 0.632058 0.428806 0.356411 0.460980
0 0.627920 0.434265 0.347328 0.446337
0 0.624132 0.431231 0.345294 0.441528
0 0.625407 0.433583 0.335180 0.443865
0 0.624857 0.431475 0.335765 0.443508
0 0.630149 0.427014 0.339476 0.459082
0 0.623455 0.433324 0.338921 0.445522
0 0.623094 0.432651 0.334139 0.448806
0 0.627129 0.432260 0.339705 0.444549