0 0.622451 0.369950 0.326121 0.424815
0 0.616887 0.375692 0.324723 0.425232
0 0.620704 0.375995 0.329960 0.436878
0 0.622142 0.366778 0.330798 0.415293
0 0.620365 0.373247 0.330892 0.412153
0 0.622169 0.371155 0.324290 0.423215
0 0.620915 0.367011 0.330985 0.418967
0 0.617890 0.365056 0.327253 0.431578
0 0.620325 0.363588 0.332073 0.422770
0 0.627040 0.366691 0.332918 0.422074
0 0.622055 0.370090 0.330158 0.418813
0 0.621914 0.366619 0.332364 0.423413
0 0.620880 0.367262 0.330014 0.417286
0 0.619493 0.367094 0.334643 0.422202
0 0.626958 0.365244 0.325362 0.434308
0 0.621027 0.368870 0.331362 0.410272
0 0.625670 0.364363 0.339994 0.421227
0 0.620659 0.370755 0.327646 0.416531
0 0.619720 0.367703 0.328141 0.416097
0 0.620508 0.367578 0.325590 0.421235
0 0.620274 0.365943 0.331641 0.423154
0 0.625591 0.367644 0.326072 0.430711
0 0.624719 0.367484 0.337024 0.418347
0 0.622870 0.366216 0.329717 0.425562
0 0.620875 0.367089 0.331601 0.414853
0 0.623808 0.366114 0.336376 0.422507
0 0.621735 0.365792 0.330298 0.426475
0 0.623408 0.371952 0.331775 0.410740
0 0.621080 0.367188 0.328701 0.415865
0 0.620669 0.364987 0.327539 0.422368
0 0.621169 0.365922 0.329699 0.430707
0 0.622347 0.367985 0.332089 0.440228
0 0.622617 0.363572 0.326981 0.421958
0 0.619243 0.365591 0.330797 0.427090