0 0.575273 0.415130 0.300642 0.410642
0 0.572098 0.417260 0.303533 0.404622
0 0.577114 0.414359 0.301318 0.414013
0 0.571336 0.413376 0.306506 0.415594
0 0.575719 0.417877 0.307446 0.402580
0 0.577578 0.416484 0.306915 0.406833
0 0.575303 0.414709 0.303062 0.408287
0 0.576472 0.414234 0.303603 0.407402
0 0.572532 0.408708 0.310378 0.412633
0 0.576637 0.413164 0.303941 0.403191
0 0.575875 0.415185 0.305304 0.407218
0 0.578363 0.416220 0.308975 0.411563
0 0.575447 0.419061 0.303075 0.408084
0 0.578536 0.413683 0.304561 0.405842
0 0.582127 0.410321 0.301648 0.412985
0 0.569588 0.415661 0.302406 0.404803
0 0.575588 0.414839 0.301929 0.410723
0 0.575389 0.417748 0.306111 0.412762
0 0.575800 0.414532 0.308209 0.412943
0 0.572688 0.416536 0.304395 0.409189
0 0.578176 0.412414 0.302346 0.410840
0 0.579648 0.414310 0.301010 0.411285
0 0.571439 0.415910 0.293636 0.405537
0 0.572988 0.413517 0.303406 0.410222
0 0.575264 0.415422 0.307933 0.418190
0 0.575125 0.412674 0.303725 0.414697
0 0.580019 0.410692 0.308407 0.423788
0 0.567703 0.421519 0.303142 0.398986
0 0.573179 0.414532 0.297047 0.408391
0 0.577331 0.413253 0.302971 0.408015
0 0.577750 0.413428 0.299818 0.408571
0 0.577394 0.415927 0.308134 0.417714
0 0.579362 0.422662 0.303819 0.408217