0 0.631439 0.308037 0.213066 0.281336
0 0.624931 0.307267 0.205342 0.281916
0 0.628413 0.311808 0.210695 0.277125
0 0.628455 0.313864 0.206029 0.276717
0 0.631263 0.313000 0.210817 0.282077
0 0.625969 0.310989 0.201633 0.269937
0 0.629240 0.312819 0.208053 0.274412
0 0.630164 0.313841 0.200494 0.273114
0 0.628733 0.316443 0.200986 0.274011
0 0.633520 0.313881 0.208257 0.277274
0 0.623086 0.312191 0.196603 0.274048
0 0.626735 0.311392 0.202756 0.276800
0 0.630353 0.312996 0.204146 0.278870
0 0.630740 0.314379 0.197385 0.274836
0 0.628331 0.315317 0.197684 0.273883
0 0.629776 0.317352 0.200001 0.267349
0 0.623087 0.312412 0.198322 0.266011
0 0.627583 0.311821 0.199352 0.273297
0 0.629991 0.314854 0.203177 0.276315
0 0.628901 0.314742 0.203336 0.274102
0 0.627648 0.315647 0.199117 0.268136
0 0.629219 0.316448 0.199711 0.267103
0 0.624427 0.312667 0.197763 0.265770
0 0.628522 0.311941 0.201912 0.274502
0 0.629665 0.313186 0.199459 0.270456
0 0.628635 0.312390 0.198307 0.274992
0 0.628873 0.313688 0.198795 0.273061
0 0.631544 0.313845 0.203212 0.270881
0 0.628067 0.311318 0.196744 0.269488
0 0.627737 0.312139 0.198359 0.268099
0 0.627820 0.312757 0.197705 0.264539
0 0.629844 0.311656 0.198100 0.269183
0 0.633420 0.313584 0.197950 0.268169
0 0.627505 0.310736 0.193191 0.269902
0 0.628080 0.312654 0.193455 0.268007
0 0.631053 0.313225 0.196861 0.269446
0 0.631693 0.314579 0.192462 0.273852
0 0.628503 0.306600 0.221964 0.291646