0 0.538558 0.269154 0.191725 0.257964
0 0.539596 0.271368 0.191942 0.257062
0 0.541413 0.269754 0.191526 0.255055
0 0.537099 0.265589 0.194770 0.260323
0 0.540003 0.269449 0.191707 0.255973
0 0.539930 0.270309 0.192775 0.257626
0 0.541764 0.269888 0.191189 0.256853
0 0.542908 0.269716 0.190846 0.258893
0 0.538593 0.268070 0.192136 0.256955
0 0.541111 0.268467 0.194323 0.258696
0 0.540228 0.268897 0.191031 0.262164
0 0.539829 0.269266 0.192407 0.257921
0 0.541491 0.269600 0.191391 0.261318
0 0.544852 0.271125 0.190192 0.259253
0 0.535394 0.266477 0.190186 0.252206
0 0.538864 0.267536 0.191042 0.256248
0 0.540859 0.267475 0.193294 0.260731
0 0.541035 0.269524 0.194185 0.262996
0 0.540424 0.269389 0.195137 0.259720
0 0.540518 0.269896 0.190825 0.265418
0 0.543989 0.271239 0.194254 0.260126
0 0.535955 0.268367 0.190239 0.249221
0 0.537841 0.267251 0.191504 0.257612
0 0.539942 0.268912 0.196329 0.261699
0 0.541350 0.269028 0.196229 0.257384
0 0.540924 0.268619 0.194698 0.255729
0 0.540573 0.267785 0.194353 0.266622
0 0.544940 0.271150 0.193784 0.263117
0 0.538685 0.269953 0.190221 0.259076
0 0.540024 0.270417 0.195010 0.260921
0 0.540521 0.268841 0.195892 0.260871
0 0.540422 0.266508 0.196959 0.264150
0 0.541208 0.267221 0.194752 0.272136
0 0.547093 0.270660 0.188606 0.263285
0 0.541316 0.269472 0.196765 0.258926
0 0.541553 0.267829 0.196928 0.258568
0 0.540816 0.266847 0.194824 0.263751
0 0.543655 0.270678 0.192488 0.263763
0 0.543416 0.268466 0.193788 0.265488
0 0.544178 0.270054 0.195235 0.268067