0 0.523345 0.457801 0.365471 0.544942
0 0.525846 0.464239 0.372501 0.548029
0 0.528707 0.458721 0.371002 0.552558
0 0.523572 0.452379 0.377750 0.547763
0 0.526339 0.461288 0.369730 0.539544
0 0.524021 0.459054 0.373752 0.540810
0 0.524135 0.455547 0.376770 0.533977
0 0.527011 0.447227 0.369276 0.539544
0 0.526394 0.461647 0.373936 0.551942
0 0.528491 0.470430 0.374159 0.539167
0 0.524920 0.466458 0.380038 0.551110
0 0.525260 0.460747 0.382182 0.546687
0 0.525706 0.458305 0.380691 0.546252
0 0.525382 0.469480 0.378927 0.563065
0 0.527787 0.467757 0.377741 0.560050
0 0.526231 0.469661 0.380610 0.571338
0 0.525764 0.465991 0.380264 0.565304
0 0.526333 0.463409 0.385598 0.559763
0 0.531798 0.460869 0.371257 0.540118
0 0.525291 0.465818 0.378395 0.555187
0 0.525345 0.466861 0.376536 0.555659
0 0.522233 0.464926 0.378361 0.556859
0 0.524410 0.464902 0.378403 0.559314
0 0.525026 0.459355 0.377544 0.561418
0 0.530658 0.459875 0.364645 0.545116
0 0.524883 0.460843 0.378986 0.560570
0 0.527826 0.462036 0.373986 0.557165
0 0.523065 0.456953 0.376102 0.566677
0 0.524840 0.460573 0.384214 0.562092
0 0.526408 0.456689 0.378338 0.563667
0 0.536273 0.461760 0.361003 0.541668
0 0.525937 0.462822 0.380611 0.558290
0 0.527790 0.462855 0.375229 0.556803
0 0.526547 0.462196 0.379049 0.553189
0 0.527069 0.464377 0.383960 0.557168
0 0.526399 0.466046 0.377174 0.556226
0 0.532524 0.472897 0.370384 0.535184
0 0.526438 0.468744 0.375750 0.538625
0 0.528146 0.469275 0.375149 0.542152
0 0.528246 0.484174 0.371901 0.520476