0 0.525446 0.218925 0.178711 0.243510
0 0.525515 0.220135 0.180209 0.244548
0 0.523449 0.220552 0.180849 0.248277
0 0.525146 0.223078 0.179761 0.248811
0 0.526060 0.220940 0.182335 0.247283
0 0.526177 0.221331 0.180542 0.249041
0 0.525416 0.218900 0.180956 0.249668
0 0.523894 0.221768 0.179581 0.247729
0 0.525431 0.223134 0.179374 0.250831
0 0.524460 0.220619 0.179206 0.248649
0 0.526627 0.221197 0.182247 0.250894
0 0.525987 0.221132 0.181805 0.250464
0 0.525872 0.219826 0.184252 0.247751
0 0.525081 0.221963 0.180747 0.247252
0 0.525437 0.221835 0.180761 0.249122
0 0.525675 0.222029 0.182007 0.253447
0 0.525286 0.222111 0.183293 0.253409
0 0.525507 0.220360 0.181723 0.252612
0 0.526071 0.219861 0.183901 0.248255
0 0.523808 0.221406 0.181392 0.246452
0 0.526077 0.222446 0.180883 0.246395
0 0.525290 0.221357 0.182046 0.251003
0 0.525589 0.219459 0.182135 0.251606
0 0.526662 0.218401 0.179658 0.255626
0 0.525298 0.222715 0.182477 0.251672
0 0.524944 0.221220 0.177706 0.249524
0 0.525427 0.223020 0.181438 0.250609
0 0.525041 0.222153 0.181077 0.253322
0 0.524609 0.220747 0.183774 0.261569
0 0.527682 0.222817 0.176887 0.258342
0 0.525180 0.223698 0.177185 0.251636
0 0.525306 0.223409 0.178502 0.251933
0 0.525843 0.222307 0.180608 0.253571
0 0.526194 0.222509 0.177244 0.256956
0 0.525482 0.224018 0.174466 0.253619
0 0.526925 0.225443 0.173942 0.256318