0 0.921190 0.294879 0.033853 0.039945
0 0.921047 0.294858 0.034400 0.039837
0 0.921002 0.294099 0.034156 0.041206
0 0.920285 0.295550 0.037372 0.039129
0 0.535883 0.245101 0.123796 0.162267
0 0.535540 0.245164 0.122791 0.159939
0 0.535108 0.247864 0.123746 0.157848
0 0.536372 0.246847 0.121392 0.156711
0 0.534941 0.246619 0.123140 0.156929
0 0.537508 0.245606 0.124364 0.157574
0 0.535471 0.246288 0.122255 0.154228
0 0.536711 0.245974 0.122956 0.161036
0 0.536733 0.248866 0.122173 0.159258
0 0.536063 0.247495 0.124593 0.157076
0 0.535834 0.247993 0.124154 0.157781
0 0.536614 0.246384 0.124554 0.158708
0 0.535832 0.246588 0.121599 0.154903
0 0.536724 0.246396 0.125956 0.155800
0 0.536243 0.245896 0.121858 0.153832
0 0.536433 0.246725 0.123726 0.157989
0 0.536840 0.248083 0.122803 0.159782
0 0.536428 0.246564 0.125160 0.156559
0 0.535991 0.247133 0.123810 0.156453
0 0.536637 0.245888 0.126528 0.160789
0 0.536183 0.247637 0.121941 0.154386
0 0.536718 0.245693 0.126202 0.155160
0 0.536412 0.246451 0.121403 0.153711
0 0.536333 0.247534 0.122851 0.154041
0 0.534890 0.248678 0.125526 0.161782
0 0.535228 0.248586 0.123975 0.157623
0 0.535566 0.246224 0.125628 0.158569
0 0.536638 0.246352 0.125588 0.160811
0 0.535325 0.246951 0.123506 0.156183
0 0.537442 0.249499 0.128766 0.155068
0 0.535594 0.247554 0.125309 0.156200