0 0.053770 0.563138 0.020746 0.029854
0 0.053994 0.563703 0.020998 0.029587
0 0.166697 0.314634 0.237765 0.395195
0 0.168151 0.312958 0.239941 0.391233
0 0.166392 0.319855 0.238687 0.394518
0 0.166177 0.321873 0.239682 0.391531
0 0.168085 0.321284 0.240132 0.386377
0 0.171289 0.316982 0.236174 0.373739
0 0.483501 0.337562 0.217891 0.413430
0 0.485161 0.337498 0.217648 0.407464
0 0.488343 0.336448 0.219008 0.406324
0 0.166530 0.315169 0.227157 0.359010
0 0.165366 0.315676 0.226894 0.354711
0 0.165483 0.314206 0.234635 0.363754
0 0.169062 0.317266 0.231250 0.351346
0 0.484199 0.347389 0.230565 0.419823
0 0.484978 0.350202 0.233725 0.423757
0 0.487980 0.349975 0.229672 0.418592
0 0.162084 0.312605 0.218332 0.351298
0 0.166388 0.312651 0.223271 0.359052
0 0.165563 0.311569 0.225754 0.357198
0 0.164143 0.310558 0.229723 0.352707
0 0.167130 0.314670 0.228000 0.340650
0 0.482975 0.355277 0.232275 0.423044
0 0.485585 0.358773 0.233036 0.430140
0 0.487941 0.358044 0.230608 0.426253
0 0.163238 0.313836 0.217810 0.348139
0 0.167775 0.312560 0.222924 0.363984
0 0.166216 0.312748 0.223335 0.354925
0 0.163933 0.312401 0.223022 0.343343
0 0.166917 0.315510 0.217561 0.337674
0 0.482958 0.348217 0.223756 0.390657
0 0.482909 0.349111 0.227224 0.399276
0 0.486293 0.350866 0.229758 0.405259
0 0.164145 0.315794 0.214802 0.338545
0 0.167301 0.314327 0.219262 0.347348
0 0.166395 0.313932 0.218824 0.345417
0 0.165680 0.313590 0.220793 0.341764
0 0.166465 0.314719 0.215695 0.330709
0 0.482686 0.344331 0.221152 0.398911
0 0.483197 0.345249 0.229078 0.401177
0 0.485224 0.346633 0.226430 0.393981
0 0.161938 0.317211 0.218661 0.331760
0 0.166902 0.314717 0.221563 0.343586
0 0.166400 0.316101 0.219510 0.336842
0 0.166804 0.314140 0.217603 0.335486
0 0.168478 0.314155 0.217399 0.333351
0 0.484168 0.344392 0.221791 0.403446
0 0.483837 0.345563 0.224352 0.401696
0 0.483427 0.347870 0.221590 0.387216
0 0.165775 0.316391 0.219717 0.345405
0 0.166295 0.315978 0.219717 0.338974
0 0.164747 0.315972 0.217868 0.338383
0 0.167722 0.316292 0.217056 0.335953
0 0.485198 0.344322 0.220382 0.393206
0 0.484853 0.344683 0.220127 0.393695
0 0.485493 0.346318 0.217813 0.387421
0 0.162766 0.318723 0.214546 0.351517
0 0.164862 0.314839 0.218523 0.345172
0 0.164719 0.316818 0.223493 0.343378
0 0.479416 0.349359 0.218637 0.363103
0 0.485403 0.345137 0.223802 0.384256
0 0.485965 0.344824 0.217307 0.383552
0 0.485983 0.345718 0.213424 0.377327
0 0.483425 0.347568 0.216122 0.377207
0 0.484900 0.345392 0.211882 0.380923
0 0.487985 0.345084 0.212349 0.386829
0 0.483186 0.348858 0.209185 0.376554
0 0.165730 0.303409 0.239415 0.372444
0 0.171243 0.308145 0.227467 0.359721
0 0.170175 0.307653 0.230220 0.357179
0 0.169592 0.303023 0.229921 0.360474
0 0.165142 0.313208 0.228161 0.361213
0 0.171547 0.309470 0.219513 0.357537
0 0.167437 0.306710 0.216276 0.340433
0 0.167624 0.306986 0.223801 0.352445
0 0.164659 0.310035 0.220015 0.359912
0 0.485793 0.331772 0.222262 0.423676
0 0.491807 0.342583 0.222127 0.404313
0 0.487191 0.343549 0.221981 0.405077
0 0.485901 0.341415 0.225477 0.403956
0 0.489071 0.340759 0.226031 0.409883
0 0.165399 0.312076 0.228322 0.353989
0 0.164067 0.313320 0.223036 0.343677
0 0.163425 0.314321 0.220481 0.331830
0 0.167304 0.309444 0.226486 0.349093
0 0.162105 0.312754 0.220653 0.354135
0 0.488732 0.342227 0.220839 0.403302
0 0.492798 0.340615 0.216539 0.391545
0 0.489183 0.339927 0.219232 0.392557
0 0.487409 0.338752 0.220380 0.393899
0 0.486652 0.341661 0.212929 0.402556
0 0.161100 0.314049 0.220887 0.358040
0 0.165962 0.311798 0.227223 0.345616
0 0.165057 0.316292 0.231326 0.336929
0 0.171223 0.308594 0.226194 0.350957
0 0.169885 0.310932 0.220884 0.353545
0 0.484947 0.340185 0.217836 0.390453
0 0.484129 0.342454 0.223025 0.383736
0 0.483962 0.344752 0.230392 0.389915
0 0.489417 0.344443 0.225332 0.392215
0 0.489370 0.341304 0.216340 0.388496
0 0.483796 0.345266 0.223342 0.381482
0 0.484402 0.345827 0.225570 0.386328
0 0.495105 0.346267 0.225591 0.375012
0 0.496794 0.341004 0.222659 0.378660