0 0.881086 0.467831 0.034489 0.037786
0 0.880533 0.468301 0.032950 0.037557
0 0.880869 0.468849 0.033242 0.035382
0 0.880632 0.468726 0.034016 0.037237
0 0.881166 0.468559 0.033118 0.036733
0 0.881099 0.469204 0.034332 0.037780
0 0.518895 0.156803 0.122016 0.168990
0 0.519802 0.155511 0.115532 0.164390
0 0.519361 0.155573 0.118132 0.169917
0 0.521028 0.153511 0.117315 0.165519
0 0.519242 0.154600 0.120302 0.167460
0 0.520388 0.152972 0.120437 0.167350
0 0.520172 0.157031 0.118849 0.169682
0 0.518423 0.157131 0.118614 0.165226
0 0.519698 0.157639 0.116558 0.163923
0 0.519121 0.157980 0.115098 0.163736
0 0.520068 0.156273 0.115874 0.162063
0 0.518815 0.157106 0.116289 0.164109
0 0.518868 0.155433 0.116903 0.164322
0 0.519739 0.157575 0.115653 0.168641
0 0.519008 0.157972 0.114757 0.158861
0 0.518738 0.157832 0.115961 0.163739
0 0.519594 0.155348 0.114922 0.167497
0 0.518811 0.157981 0.113761 0.165004
0 0.520539 0.156019 0.115769 0.165523
0 0.519810 0.156990 0.112708 0.161854
0 0.519434 0.155877 0.115391 0.162890
0 0.518598 0.157203 0.115386 0.165934
0 0.520766 0.155743 0.114339 0.168971
0 0.519619 0.157609 0.114718 0.165117
0 0.520657 0.157368 0.114187 0.163641
0 0.519474 0.158558 0.114906 0.163098
0 0.519251 0.158440 0.112344 0.161432