0 0.339305 0.480164 0.350839 0.503448
0 0.340939 0.480640 0.352437 0.510283
0 0.336921 0.482523 0.350965 0.506402
0 0.339608 0.486775 0.350251 0.520108
0 0.338166 0.493027 0.352733 0.509859
0 0.341076 0.491806 0.352616 0.506245
0 0.340590 0.489338 0.346598 0.498586
0 0.344254 0.483506 0.347422 0.504183
0 0.344713 0.477850 0.357699 0.481200
0 0.340481 0.481729 0.346969 0.481861
0 0.343734 0.482170 0.348496 0.474069
0 0.337602 0.479694 0.339334 0.477023
0 0.342655 0.481202 0.338587 0.467204
0 0.340974 0.477833 0.347000 0.490413
0 0.343724 0.482453 0.348512 0.483619
0 0.343013 0.479935 0.335970 0.469553
0 0.340657 0.481919 0.340766 0.470163
0 0.339011 0.480484 0.339083 0.463548
0 0.339980 0.478192 0.334100 0.469127
0 0.339470 0.476208 0.343616 0.480204
0 0.339930 0.482960 0.351709 0.470457
0 0.336123 0.478053 0.349359 0.467471
0 0.333639 0.481299 0.337360 0.452338
0 0.338044 0.477435 0.338926 0.453498
0 0.335629 0.471878 0.337094 0.467875
0 0.339697 0.474237 0.349191 0.476678
0 0.331554 0.482280 0.342496 0.469162
0 0.331083 0.480433 0.349671 0.457365
0 0.332243 0.482281 0.340279 0.464443
0 0.331996 0.478084 0.337083 0.457619
0 0.336870 0.471208 0.342349 0.474123
0 0.324086 0.478580 0.346443 0.471112
0 0.325870 0.480165 0.342978 0.473854
0 0.331372 0.477789 0.342652 0.470428