0 0.432023 0.326555 0.316071 0.459933
0 0.432407 0.333423 0.316845 0.456078
0 0.433029 0.334014 0.314955 0.471162
0 0.429389 0.331750 0.327201 0.463809
0 0.430781 0.337768 0.322016 0.450046
0 0.429706 0.336492 0.320089 0.451855
0 0.431362 0.336663 0.321180 0.449719
0 0.433641 0.332333 0.321695 0.468417
0 0.433570 0.331481 0.327863 0.440611
0 0.432843 0.331948 0.320994 0.430656
0 0.433280 0.332374 0.324981 0.428768
0 0.428603 0.332493 0.318120 0.431083
0 0.431958 0.333939 0.316186 0.428376
0 0.428302 0.333343 0.320344 0.432904
0 0.432516 0.333448 0.324627 0.440644
0 0.434233 0.334488 0.319294 0.438136
0 0.433100 0.331300 0.324978 0.434904
0 0.428413 0.329988 0.323693 0.429684
0 0.430952 0.331500 0.323695 0.430746
0 0.435308 0.329988 0.327593 0.436277
0 0.432659 0.333413 0.331455 0.438372
0 0.434016 0.334660 0.326442 0.431114
0 0.427417 0.334535 0.322814 0.426071
0 0.431833 0.334903 0.326956 0.418279
0 0.432207 0.331666 0.325619 0.427858
0 0.436782 0.334193 0.328138 0.431086
0 0.429669 0.334787 0.324093 0.425425
0 0.428353 0.335561 0.325673 0.421007
0 0.428572 0.337576 0.321752 0.422825
0 0.429060 0.334912 0.319867 0.414525
0 0.433523 0.331787 0.326214 0.430900
0 0.429481 0.335706 0.325793 0.417234
0 0.429295 0.334780 0.317849 0.424036
0 0.430157 0.335471 0.322625 0.416061