0 0.476304 0.210033 0.144962 0.187315
0 0.477566 0.210327 0.145123 0.186450
0 0.477462 0.210235 0.144941 0.186458
0 0.478853 0.210821 0.145490 0.186587
0 0.477048 0.208395 0.146398 0.192101
0 0.477491 0.210988 0.144829 0.186450
0 0.477134 0.211593 0.141832 0.179482
0 0.477506 0.212248 0.143761 0.186890
0 0.478260 0.212479 0.140631 0.178640
0 0.477689 0.211378 0.145732 0.186142
0 0.478202 0.212183 0.145074 0.185679
0 0.479348 0.211534 0.147022 0.188485
0 0.477175 0.209725 0.144675 0.189517
0 0.476927 0.211743 0.142927 0.187515
0 0.477433 0.211598 0.142466 0.179822
0 0.476435 0.211699 0.144502 0.188489
0 0.479201 0.211616 0.143086 0.181413
0 0.478583 0.211010 0.146101 0.188573
0 0.478421 0.210978 0.144844 0.187160
0 0.478244 0.211431 0.145956 0.187002
0 0.474981 0.210707 0.143495 0.191148
0 0.476474 0.210266 0.142704 0.188022
0 0.477158 0.211073 0.142268 0.183900
0 0.476526 0.211476 0.143298 0.188284
0 0.478130 0.211716 0.143127 0.182342
0 0.477550 0.212686 0.145196 0.187146
0 0.477821 0.211145 0.145949 0.186230
0 0.478413 0.212494 0.145932 0.184069
0 0.476355 0.211376 0.142356 0.187655
0 0.476450 0.210660 0.141876 0.184954
0 0.477509 0.211722 0.143840 0.185084
0 0.476961 0.212833 0.142745 0.184554