0 0.939624 0.096396 0.028073 0.032453
0 0.940359 0.097282 0.029317 0.035857
0 0.940040 0.097044 0.027900 0.034668
0 0.940141 0.097514 0.028180 0.036357
0 0.940467 0.096865 0.029224 0.036597
0 0.478636 0.248194 0.207982 0.287093
0 0.478204 0.248842 0.208240 0.283917
0 0.482388 0.246768 0.210033 0.287529
0 0.479031 0.248539 0.204310 0.293148
0 0.478476 0.250513 0.209717 0.293048
0 0.479881 0.250176 0.212396 0.291740
0 0.479399 0.251546 0.210812 0.290505
0 0.481896 0.248470 0.211646 0.293765
0 0.477184 0.246686 0.202205 0.292845
0 0.478348 0.248698 0.204013 0.292715
0 0.478548 0.249108 0.208455 0.295379
0 0.479417 0.249157 0.209570 0.294432
0 0.478277 0.249516 0.208540 0.292669
0 0.478913 0.252649 0.209440 0.288431
0 0.477372 0.247844 0.202641 0.289635
0 0.477923 0.247870 0.203024 0.291387
0 0.479005 0.249446 0.209223 0.294572
0 0.479599 0.250540 0.207670 0.292030
0 0.479427 0.250256 0.208160 0.292952
0 0.480341 0.250684 0.208518 0.288752
0 0.478311 0.247804 0.206446 0.286674
0 0.477993 0.248053 0.207644 0.290707
0 0.480087 0.249296 0.207868 0.288398
0 0.480338 0.251140 0.203789 0.290855
0 0.479823 0.250619 0.206907 0.291696
0 0.480971 0.250442 0.205182 0.290150
0 0.478076 0.251225 0.205594 0.282761
0 0.477091 0.249766 0.205052 0.286894
0 0.480815 0.251805 0.203709 0.284496
0 0.480200 0.251924 0.202218 0.289007
0 0.479909 0.251219 0.204263 0.292153
0 0.481383 0.251821 0.202945 0.287815
0 0.476626 0.249210 0.202987 0.281576
0 0.478268 0.250545 0.202003 0.283007
0 0.479378 0.251847 0.200072 0.282119
0 0.480248 0.251489 0.198120 0.285600
0 0.483872 0.254956 0.198407 0.284492
0 0.479198 0.251774 0.200821 0.283883
0 0.480758 0.250145 0.201754 0.285041
0 0.483657 0.252690 0.200895 0.281041
0 0.482080 0.251130 0.209406 0.291433
0 0.483938 0.252505 0.207057 0.296083
0 0.479542 0.248883 0.208672 0.298621
0 0.482205 0.250902 0.206598 0.300444
0 0.482317 0.253092 0.208106 0.297352
0 0.481955 0.251583 0.212112 0.298940
0 0.484886 0.252075 0.213884 0.299675
0 0.483036 0.250225 0.206446 0.298755