0 0.520275 0.412873 0.386250 0.563820
0 0.524149 0.417833 0.392322 0.565157
0 0.527673 0.411989 0.392539 0.563246
0 0.522473 0.404392 0.393844 0.551247
0 0.523613 0.412590 0.391066 0.549035
0 0.522947 0.411942 0.397224 0.545252
0 0.521900 0.409034 0.396268 0.538820
0 0.528116 0.406545 0.391585 0.548519
0 0.525921 0.410550 0.398199 0.547384
0 0.528517 0.417862 0.399100 0.537942
0 0.524802 0.413939 0.404013 0.541735
0 0.523242 0.410307 0.400115 0.532193
0 0.526273 0.411478 0.396818 0.536263
0 0.519458 0.415584 0.390696 0.529090
0 0.528026 0.411986 0.405756 0.547528
0 0.531403 0.410801 0.400642 0.541305
0 0.528176 0.408922 0.402010 0.544932
0 0.524808 0.407323 0.403790 0.534349
0 0.525721 0.407831 0.400965 0.533146
0 0.530817 0.408027 0.391073 0.521549
0 0.519149 0.417206 0.396591 0.531397
0 0.528002 0.408526 0.411596 0.546117
0 0.528030 0.403901 0.417706 0.567272
0 0.527712 0.408363 0.404689 0.546594
0 0.523492 0.410742 0.402234 0.536945
0 0.525998 0.411901 0.401466 0.540586
0 0.523686 0.405442 0.405968 0.542817
0 0.530575 0.408292 0.394488 0.526952
0 0.524505 0.407697 0.403281 0.541775
0 0.524621 0.407919 0.423915 0.574651
0 0.529391 0.407021 0.405065 0.545881
0 0.524199 0.406749 0.399238 0.548561
0 0.525713 0.406465 0.404670 0.547367
0 0.526591 0.405496 0.403341 0.550018
0 0.534603 0.408359 0.399405 0.530487
0 0.524484 0.413301 0.397411 0.531595
0 0.529616 0.414671 0.398961 0.538555
0 0.525574 0.409775 0.399003 0.541202
0 0.522099 0.411575 0.402101 0.545399
0 0.526103 0.413633 0.402082 0.546182
0 0.527668 0.416737 0.390740 0.528658
0 0.523427 0.414695 0.392787 0.539148
0 0.523029 0.414667 0.399267 0.540248
0 0.524393 0.436763 0.382617 0.504411