0 0.513311 0.392481 0.330548 0.398499
0 0.514677 0.400473 0.340099 0.392132
0 0.512736 0.402487 0.341057 0.395936
0 0.515691 0.399414 0.343888 0.399267
0 0.513346 0.399527 0.333670 0.394835
0 0.512530 0.400883 0.335325 0.389270
0 0.513208 0.403432 0.332414 0.389900
0 0.516638 0.400636 0.338085 0.396605
0 0.513722 0.397096 0.339794 0.404105
0 0.508294 0.401845 0.325385 0.392300
0 0.514329 0.403799 0.337143 0.408013
0 0.510127 0.404106 0.332635 0.403672
0 0.515818 0.404170 0.332737 0.406796
0 0.511675 0.403832 0.329844 0.402568
0 0.511924 0.400658 0.341869 0.412047
0 0.521519 0.401244 0.326028 0.407768
0 0.509307 0.406371 0.321875 0.391505
0 0.514658 0.402281 0.338775 0.408483
0 0.512735 0.409975 0.332966 0.407298
0 0.513953 0.408524 0.336492 0.409098
0 0.513651 0.403327 0.331167 0.413299
0 0.513310 0.400856 0.333867 0.411567
0 0.519902 0.407699 0.320985 0.413416
0 0.506994 0.411277 0.319653 0.401675
0 0.515085 0.410066 0.334246 0.414928
0 0.517414 0.408577 0.330119 0.411795
0 0.514339 0.404984 0.333790 0.421565
0 0.511968 0.405193 0.336028 0.431512
0 0.513732 0.404534 0.335072 0.431448
0 0.517740 0.409390 0.333240 0.418264
0 0.519519 0.409350 0.328675 0.415267
0 0.512380 0.404121 0.334605 0.432265
0 0.512932 0.406061 0.338735 0.438375
0 0.511801 0.404990 0.337866 0.474133