0 0.426124 0.369984 0.323300 0.476263
0 0.429183 0.375101 0.325249 0.472165
0 0.429202 0.375342 0.329452 0.484139
0 0.424447 0.364601 0.328670 0.471069
0 0.429194 0.372429 0.333336 0.466810
0 0.430950 0.373567 0.331408 0.466968
0 0.429521 0.376567 0.326458 0.465238
0 0.437568 0.374345 0.332626 0.465022
0 0.429917 0.379346 0.337472 0.492626
0 0.429312 0.383739 0.336238 0.496993
0 0.435479 0.385773 0.331026 0.471685
0 0.431331 0.388198 0.324951 0.469193
0 0.437522 0.388372 0.333697 0.463413
0 0.439232 0.388432 0.332316 0.480924
0 0.435640 0.385292 0.331222 0.483913
0 0.437874 0.385987 0.332351 0.475016
0 0.434239 0.390934 0.331203 0.472354
0 0.437847 0.392932 0.336107 0.476181
0 0.438896 0.395634 0.354478 0.487609
0 0.438846 0.387331 0.337246 0.501355
0 0.434238 0.394899 0.344186 0.492336
0 0.440667 0.395833 0.333347 0.481454
0 0.441027 0.399699 0.337652 0.487307
0 0.441103 0.404777 0.336311 0.490375
0 0.444411 0.408248 0.353333 0.504900
0 0.435732 0.399011 0.342914 0.511786
0 0.436521 0.399779 0.348410 0.491111
0 0.439496 0.402336 0.351224 0.493121
0 0.437217 0.402967 0.335277 0.484752
0 0.440878 0.406888 0.347270 0.504092
0 0.452981 0.419769 0.356696 0.515204
0 0.436734 0.395261 0.360170 0.534572
0 0.440218 0.397036 0.353852 0.522426
0 0.437989 0.404078 0.342798 0.514490
0 0.444549 0.411165 0.352087 0.535063
0 0.436712 0.408155 0.355503 0.564996
0 0.439808 0.406824 0.355091 0.558258
0 0.439934 0.413918 0.350300 0.555391