0 0.476497 0.356390 0.277429 0.389743
0 0.475191 0.361138 0.285791 0.406659
0 0.476332 0.363970 0.282413 0.408602
0 0.478149 0.365138 0.282887 0.406702
0 0.478241 0.358260 0.283359 0.397128
0 0.478660 0.362747 0.287260 0.392449
0 0.480965 0.361284 0.285069 0.401105
0 0.479879 0.359840 0.288355 0.392597
0 0.477684 0.361583 0.276733 0.398835
0 0.479034 0.358943 0.283265 0.388488
0 0.478991 0.359226 0.285761 0.384447
0 0.483878 0.360154 0.283822 0.392270
0 0.480019 0.359482 0.285792 0.392567
0 0.479620 0.359084 0.285300 0.389804
0 0.481400 0.360019 0.281066 0.403881
0 0.470204 0.365129 0.282828 0.390122
0 0.480182 0.356535 0.282486 0.388032
0 0.480169 0.359076 0.286833 0.387079
0 0.482527 0.359955 0.282878 0.391725
0 0.479928 0.357983 0.285742 0.394134
0 0.479878 0.357053 0.284800 0.398445
0 0.480415 0.359414 0.284041 0.401291
0 0.478525 0.360033 0.279105 0.383149
0 0.478218 0.356633 0.283923 0.398369
0 0.478931 0.357262 0.284480 0.390390
0 0.480284 0.355003 0.282353 0.398350
0 0.480290 0.357438 0.280685 0.402663
0 0.477229 0.357737 0.283732 0.392281
0 0.482674 0.356213 0.279231 0.390324
0 0.482414 0.360314 0.279306 0.393597