0 0.490286 0.337675 0.395871 0.610054
0 0.488732 0.323684 0.394456 0.567133
0 0.492183 0.330934 0.398085 0.576103
0 0.488565 0.329026 0.396569 0.568901
0 0.494347 0.322864 0.394009 0.570501
0 0.486607 0.332749 0.414655 0.587354
0 0.489243 0.336311 0.400663 0.583706
0 0.492294 0.338845 0.403409 0.582846
0 0.491105 0.338243 0.406028 0.589075
0 0.493009 0.331948 0.417035 0.577743
0 0.495974 0.326634 0.401708 0.544509
0 0.498516 0.326870 0.407247 0.539980
0 0.497560 0.324582 0.416890 0.553947
0 0.495619 0.323547 0.428472 0.572286
0 0.497980 0.328299 0.427720 0.576720
0 0.490259 0.320438 0.440483 0.573209
0 0.485776 0.324044 0.439717 0.578461
0 0.497475 0.323145 0.436998 0.571799
0 0.491323 0.323127 0.441977 0.584869
0 0.487769 0.329272 0.448365 0.598072
0 0.497789 0.329472 0.394411 0.539927
0 0.495004 0.327068 0.399728 0.539659
0 0.491030 0.323256 0.413271 0.558038
0 0.493744 0.323430 0.428095 0.570598
0 0.492520 0.329033 0.427409 0.575686
0 0.493493 0.317140 0.431580 0.578499
0 0.486370 0.322605 0.421998 0.572258
0 0.494596 0.317767 0.427308 0.567255
0 0.483980 0.320229 0.425645 0.574928
0 0.489779 0.321975 0.438544 0.583390
0 0.496477 0.328693 0.399044 0.529274
0 0.496652 0.318093 0.395444 0.538400
0 0.495844 0.314292 0.409813 0.548395
0 0.491849 0.316709 0.421900 0.574803
0 0.490747 0.324999 0.419541 0.567294
0 0.488486 0.309261 0.431451 0.589109
0 0.482318 0.315493 0.421252 0.571400
0 0.494497 0.314034 0.425515 0.578266
0 0.484640 0.310341 0.420576 0.570507
0 0.493080 0.317347 0.436392 0.584167
0 0.492352 0.340766 0.410660 0.535564
0 0.495749 0.325651 0.391038 0.551063
0 0.498570 0.315875 0.410528 0.547193
0 0.493491 0.317146 0.427541 0.579283
0 0.488809 0.321357 0.435568 0.580784
0 0.496209 0.317917 0.429739 0.593659
0 0.493721 0.318340 0.433024 0.589703
0 0.500179 0.327286 0.429391 0.584226
0 0.483346 0.314714 0.426617 0.585682
0 0.496353 0.319546 0.437787 0.602402
0 0.492958 0.326105 0.397034 0.562475
0 0.503374 0.308238 0.409940 0.570369
0 0.500156 0.305825 0.413047 0.602382