0 0.517733 0.336917 0.334788 0.476848
0 0.519573 0.338629 0.337366 0.473679
0 0.521712 0.334220 0.339252 0.474779
0 0.519075 0.334271 0.347476 0.479150
0 0.519153 0.342611 0.345676 0.473384
0 0.518065 0.342050 0.348113 0.473628
0 0.521601 0.336456 0.352967 0.470775
0 0.523119 0.331206 0.341347 0.477603
0 0.508386 0.334992 0.334489 0.478202
0 0.522600 0.338792 0.347272 0.475530
0 0.521579 0.338879 0.345768 0.468364
0 0.519364 0.337639 0.345756 0.462697
0 0.520885 0.333852 0.342186 0.458542
0 0.523017 0.333462 0.343542 0.458197
0 0.511140 0.337708 0.336079 0.462632
0 0.522646 0.338459 0.351126 0.465763
0 0.521147 0.336910 0.343293 0.466511
0 0.520305 0.337125 0.349618 0.463305
0 0.519148 0.335788 0.346939 0.452923
0 0.520775 0.329970 0.342020 0.453562
0 0.525143 0.329762 0.336015 0.454651
0 0.507964 0.338020 0.340655 0.467172
0 0.520269 0.337154 0.351991 0.464042
0 0.520369 0.337810 0.345762 0.472636
0 0.517140 0.334779 0.350338 0.463615
0 0.522669 0.333046 0.347893 0.458461
0 0.522857 0.329790 0.346125 0.462906
0 0.531302 0.331000 0.336399 0.461321
0 0.521681 0.338608 0.348927 0.465062
0 0.523249 0.339712 0.347351 0.461351
0 0.516881 0.334094 0.351473 0.457175
0 0.519634 0.336753 0.354136 0.463665
0 0.526020 0.331871 0.344102 0.478741
0 0.523493 0.339327 0.340682 0.462206
0 0.516876 0.335667 0.347457 0.472083
0 0.519237 0.336565 0.352363 0.473235
0 0.518850 0.341690 0.340309 0.471626