0 0.350664 0.175253 0.283817 0.355896
0 0.354305 0.178035 0.277695 0.356661
0 0.343409 0.173074 0.289871 0.343871
0 0.349337 0.174811 0.290560 0.345611
0 0.350617 0.177325 0.286837 0.345018
0 0.354614 0.177092 0.290039 0.349205
0 0.344246 0.174180 0.289481 0.350380
0 0.349345 0.173876 0.289139 0.348827
0 0.349430 0.176417 0.289238 0.353921
0 0.353190 0.177795 0.287547 0.357209
0 0.346956 0.170426 0.283599 0.351049
0 0.350313 0.168712 0.279965 0.350062
0 0.349245 0.171721 0.282471 0.352099
0 0.352432 0.174058 0.279504 0.357784
0 0.347242 0.167481 0.285388 0.348989
0 0.350626 0.164328 0.282135 0.352568
0 0.351562 0.166418 0.284008 0.348661
0 0.354914 0.170310 0.282528 0.349244
0 0.347284 0.165071 0.285731 0.351861
0 0.352754 0.162828 0.282170 0.354072
0 0.352762 0.163879 0.285167 0.358333
0 0.357264 0.166237 0.286434 0.362242
0 0.348046 0.164289 0.284934 0.359622
0 0.353424 0.166329 0.277875 0.352141
0 0.356807 0.165981 0.281416 0.355831
0 0.362371 0.164869 0.284468 0.363561
0 0.341872 0.184414 0.305103 0.340809
0 0.346604 0.180348 0.285174 0.338413
0 0.347354 0.173527 0.282392 0.343699
0 0.352990 0.170422 0.289831 0.355372
0 0.346226 0.170442 0.295160 0.345154
0 0.348330 0.176298 0.295399 0.331409
0 0.344534 0.177214 0.282397 0.332065
0 0.348473 0.173351 0.287280 0.342774
0 0.349448 0.174218 0.294435 0.356472
0 0.349814 0.167536 0.299603 0.364461
0 0.352089 0.174512 0.287778 0.346317
0 0.353299 0.174421 0.287347 0.334591
0 0.348572 0.175391 0.286877 0.339248
0 0.351416 0.177834 0.293523 0.362969
0 0.355704 0.172141 0.289769 0.356106
0 0.352008 0.165210 0.295685 0.365571
0 0.351270 0.175937 0.306342 0.363923
0 0.355997 0.175942 0.276754 0.336794
0 0.353008 0.172447 0.279807 0.330409
0 0.350614 0.168415 0.287660 0.336000
0 0.352157 0.172244 0.291592 0.345976
0 0.352733 0.169927 0.286198 0.363867
0 0.707202 0.406169 0.396129 0.513493
0 0.708701 0.407161 0.394726 0.515091
0 0.350621 0.179218 0.311119 0.382773
0 0.355224 0.174700 0.302589 0.354524
0 0.356679 0.173490 0.298483 0.341334
0 0.357780 0.175390 0.301352 0.362146
0 0.706054 0.409307 0.405697 0.535083
0 0.707061 0.410806 0.407045 0.523779
0 0.704426 0.407307 0.405316 0.513865
0 0.706440 0.394929 0.405799 0.499651
0 0.713831 0.382068 0.392022 0.498222
0 0.699886 0.411927 0.403844 0.525019
0 0.709609 0.401706 0.411019 0.497849
0 0.708433 0.400498 0.407207 0.491832
0 0.705084 0.397682 0.412676 0.491227
0 0.705472 0.389737 0.405937 0.478054
0 0.709805 0.384448 0.402375 0.476112
0 0.698778 0.418399 0.394242 0.511644
0 0.709917 0.409905 0.410908 0.506154
0 0.705615 0.403909 0.415766 0.503464
0 0.704592 0.398596 0.425565 0.512092
0 0.702867 0.391286 0.414640 0.499659
0 0.705571 0.385692 0.406349 0.488420
0 0.697950 0.416790 0.387695 0.500862
0 0.709130 0.406836 0.411468 0.492881
0 0.707357 0.396831 0.425567 0.499253
0 0.706950 0.393830 0.420325 0.499929
0 0.703329 0.390445 0.419653 0.504753
0 0.705943 0.385356 0.403969 0.490791
0 0.691144 0.412396 0.385897 0.511097
0 0.706148 0.404415 0.413190 0.506259
0 0.708190 0.390390 0.429130 0.510050
0 0.703242 0.387575 0.423720 0.519270
0 0.702545 0.386047 0.418983 0.509691
0 0.712321 0.389375 0.399139 0.498803
0 0.683882 0.419891 0.398333 0.513947
0 0.704332 0.407354 0.413092 0.523070
0 0.710433 0.397883 0.425817 0.515870
0 0.703502 0.391773 0.426319 0.523404
0 0.706497 0.391308 0.418507 0.508922
0 0.701563 0.406681 0.417470 0.532382
0 0.699323 0.402281 0.410722 0.532324