0 0.460919 0.329182 0.209607 0.424916
0 0.459056 0.329652 0.214274 0.418060
0 0.462126 0.336004 0.215773 0.418480
0 0.464378 0.338971 0.220954 0.414750
0 0.456769 0.330128 0.207585 0.393102
0 0.461117 0.332652 0.214030 0.389651
0 0.461626 0.333874 0.217142 0.385625
0 0.463934 0.335873 0.219953 0.388120
0 0.456461 0.331789 0.204694 0.378642
0 0.461908 0.331003 0.211776 0.377142
0 0.462675 0.331389 0.215641 0.381599
0 0.462709 0.330669 0.216505 0.373371
0 0.466365 0.336643 0.220792 0.368216
0 0.455588 0.332685 0.202744 0.373426
0 0.464283 0.328947 0.208719 0.381768
0 0.465721 0.327135 0.212077 0.387550
0 0.462763 0.328560 0.214397 0.380433
0 0.464272 0.334658 0.213962 0.368718
0 0.456244 0.334218 0.206847 0.358511
0 0.464137 0.330364 0.209595 0.378285
0 0.464409 0.326938 0.211416 0.383011
0 0.462776 0.327122 0.210414 0.378788
0 0.465123 0.331216 0.210801 0.370347
0 0.455973 0.333236 0.205940 0.350259
0 0.464397 0.328839 0.211560 0.369113
0 0.464716 0.327118 0.209694 0.371717
0 0.465470 0.324357 0.204613 0.366608
0 0.468271 0.324811 0.204139 0.364957
0 0.454865 0.332123 0.206488 0.356780
0 0.462649 0.326944 0.211433 0.370397
0 0.464500 0.325841 0.209987 0.367084
0 0.464920 0.323283 0.202644 0.369406
0 0.469470 0.322455 0.203638 0.368542
0 0.460281 0.326887 0.205227 0.374275
0 0.464633 0.322275 0.204230 0.377185
0 0.464832 0.321387 0.198265 0.377969
0 0.458939 0.329915 0.197852 0.394011
0 0.464693 0.322872 0.198604 0.398258
0 0.461229 0.330185 0.222691 0.395035
0 0.467027 0.326506 0.211678 0.389742
0 0.468774 0.326235 0.210554 0.367331
0 0.465189 0.329302 0.214830 0.375053
0 0.468048 0.325005 0.213352 0.381448
0 0.458737 0.330958 0.219722 0.386573
0 0.463935 0.325543 0.211441 0.379278
0 0.465446 0.332756 0.214724 0.366971
0 0.467995 0.324848 0.217719 0.367767
0 0.467834 0.324645 0.215441 0.372454
0 0.458474 0.329726 0.216875 0.379204
0 0.462133 0.333920 0.220644 0.369478
0 0.467034 0.331525 0.219925 0.369299
0 0.468618 0.326582 0.218523 0.368271
0 0.471313 0.321942 0.211942 0.372164
0 0.456135 0.329033 0.221896 0.386034
0 0.459615 0.332631 0.225613 0.367252
0 0.468505 0.330416 0.222929 0.370776