0 0.507622 0.462836 0.435044 0.580499
0 0.513504 0.461581 0.433643 0.571175
0 0.521479 0.455340 0.436547 0.555627
0 0.516534 0.493062 0.461658 0.625505
0 0.509046 0.479074 0.460651 0.632656
0 0.518088 0.486265 0.460095 0.623523
0 0.510012 0.483658 0.467148 0.635042
0 0.508215 0.486393 0.456270 0.619888
0 0.509641 0.479892 0.466357 0.615665
0 0.507690 0.482090 0.459082 0.614566
0 0.512361 0.473959 0.463029 0.598873
0 0.513975 0.482902 0.466422 0.609187
0 0.516545 0.477599 0.449036 0.594925
0 0.505187 0.481054 0.443194 0.608211
0 0.506213 0.472351 0.450604 0.591566
0 0.517499 0.480212 0.442616 0.590032
0 0.515717 0.472092 0.469815 0.598505
0 0.521198 0.471767 0.454304 0.585568
0 0.514125 0.473393 0.474143 0.602166
0 0.513072 0.474726 0.457838 0.593751
0 0.513022 0.467509 0.476717 0.583527
0 0.512305 0.473957 0.458237 0.579981
0 0.510385 0.466153 0.473080 0.575546
0 0.513194 0.475579 0.470817 0.581453
0 0.516562 0.464406 0.459265 0.571008
0 0.513400 0.468618 0.457504 0.577735
0 0.519797 0.471645 0.449409 0.585823
0 0.508144 0.489167 0.450677 0.616299
0 0.510485 0.481815 0.457435 0.606927
0 0.517133 0.486891 0.448443 0.610763
0 0.514968 0.477736 0.474913 0.625965
0 0.514870 0.483255 0.457894 0.614993
0 0.514839 0.476373 0.483650 0.622143
0 0.513158 0.481490 0.467475 0.613833
0 0.510362 0.473319 0.469942 0.606490
0 0.514079 0.480315 0.456429 0.606061
0 0.513945 0.473101 0.477758 0.609054
0 0.517747 0.482315 0.463530 0.601739
0 0.516043 0.474788 0.470130 0.598399
0 0.516320 0.476212 0.458026 0.599509
0 0.513622 0.479776 0.460079 0.586906
0 0.517104 0.484265 0.448815 0.597690
0 0.513662 0.494300 0.459210 0.620306
0 0.504733 0.494537 0.459752 0.622625
0 0.513344 0.497838 0.455285 0.634143
0 0.510981 0.482949 0.476768 0.639332
0 0.515949 0.489878 0.465132 0.631819
0 0.515677 0.480286 0.487531 0.633406
0 0.518072 0.484761 0.475716 0.622893
0 0.511903 0.485526 0.469492 0.627068
0 0.517991 0.490084 0.459939 0.614441
0 0.514197 0.483728 0.478527 0.644828
0 0.519731 0.490383 0.458741 0.621867
0 0.515985 0.482354 0.460248 0.613296
0 0.519302 0.482188 0.448191 0.615823
0 0.510850 0.489764 0.462475 0.605689
0 0.514542 0.497128 0.458024 0.612343
0 0.520367 0.483286 0.485146 0.640660
0 0.505017 0.491354 0.462790 0.632057
0 0.515043 0.489126 0.464347 0.653648
0 0.511313 0.484828 0.465572 0.637673
0 0.517576 0.491190 0.462562 0.643824
0 0.519387 0.479648 0.481014 0.651677
0 0.521757 0.489971 0.468276 0.636821
0 0.510370 0.486655 0.471243 0.646119
0 0.513268 0.493639 0.460521 0.631475
0 0.513507 0.482533 0.467480 0.651981
0 0.515902 0.484906 0.448380 0.629109
0 0.516092 0.488444 0.457161 0.636446
0 0.516926 0.484787 0.445139 0.637904
0 0.508746 0.487608 0.467310 0.621199
0 0.516472 0.494509 0.454520 0.621033
0 0.522643 0.486545 0.491978 0.645527
0 0.501078 0.496600 0.455929 0.632503
0 0.513861 0.492779 0.460088 0.653227
0 0.511566 0.487773 0.456046 0.651085
0 0.516700 0.494244 0.454675 0.653888
0 0.515731 0.489296 0.466430 0.649041
0 0.519783 0.496709 0.470664 0.653067
0 0.514562 0.488128 0.476634 0.657109
0 0.517721 0.489985 0.464792 0.642130
0 0.516091 0.490556 0.473648 0.666137
0 0.518078 0.490165 0.452027 0.638694
0 0.516778 0.494303 0.464255 0.649465
0 0.517559 0.488853 0.441922 0.635675
0 0.506725 0.491938 0.470284 0.635954
0 0.514077 0.494402 0.457002 0.625700
0 0.518422 0.499112 0.484055 0.644070
0 0.515412 0.496410 0.463766 0.652119
0 0.509859 0.488969 0.455793 0.657223
0 0.514873 0.497519 0.455707 0.659439
0 0.518804 0.493019 0.471459 0.660467
0 0.522842 0.501532 0.474359 0.658733
0 0.518561 0.492280 0.491446 0.660174
0 0.520852 0.498943 0.477404 0.640586
0 0.518335 0.494425 0.477885 0.660925
0 0.521660 0.492895 0.468887 0.648498
0 0.519976 0.507654 0.477354 0.639305
0 0.521194 0.501186 0.453949 0.639618
0 0.506510 0.496343 0.474638 0.633762
0 0.533373 0.510007 0.447911 0.632910
0 0.517750 0.496954 0.463822 0.643170
0 0.505729 0.508131 0.468858 0.635504
0 0.513598 0.500468 0.466319 0.638863
0 0.516992 0.505231 0.479644 0.650558
0 0.520402 0.513308 0.480424 0.652458
0 0.518161 0.503896 0.482957 0.645166
0 0.519977 0.514355 0.474667 0.628769
0 0.516874 0.509284 0.467527 0.621302
0 0.518738 0.513943 0.471260 0.622909
0 0.508486 0.511872 0.463255 0.633033
0 0.504597 0.510520 0.489514 0.642841
0 0.519098 0.536204 0.476834 0.630201
0 0.514455 0.532096 0.475454 0.621647