0 0.523497 0.338120 0.269643 0.366938
0 0.524886 0.340040 0.265378 0.373666
0 0.524294 0.341644 0.264468 0.370311
0 0.523558 0.338787 0.268431 0.361878
0 0.523249 0.341130 0.267387 0.363044
0 0.523635 0.340737 0.270470 0.374746
0 0.524876 0.342883 0.271974 0.374991
0 0.523916 0.342871 0.270070 0.366808
0 0.524190 0.339956 0.272268 0.361561
0 0.524855 0.339362 0.270911 0.366143
0 0.524048 0.341723 0.269796 0.367669
0 0.523901 0.343230 0.268471 0.366813
0 0.523430 0.338036 0.273485 0.361727
0 0.526270 0.339243 0.268802 0.360011
0 0.524602 0.339907 0.268359 0.363516
0 0.524689 0.343011 0.266560 0.366774
0 0.523100 0.337127 0.265714 0.364124
0 0.525183 0.337261 0.264982 0.367415
0 0.524597 0.339033 0.265351 0.370957
0 0.525091 0.344870 0.264835 0.369017
0 0.522534 0.337110 0.262228 0.365817
0 0.524053 0.337696 0.264401 0.369086
0 0.524150 0.338669 0.263299 0.372011
0 0.525871 0.341545 0.265184 0.366260
0 0.523474 0.337595 0.266161 0.366009
0 0.523597 0.337197 0.258691 0.369179
0 0.523363 0.339025 0.261280 0.373475
0 0.525159 0.339926 0.260563 0.368861
0 0.522777 0.344475 0.267035 0.365423
0 0.526134 0.341250 0.257644 0.370246
0 0.526063 0.340931 0.257339 0.367669
0 0.527263 0.343992 0.259226 0.368273
0 0.526354 0.343181 0.271650 0.372987
0 0.524672 0.342803 0.271561 0.371067
0 0.522677 0.340965 0.270780 0.373966
0 0.526130 0.340188 0.270488 0.365085
0 0.526859 0.343391 0.271300 0.362640
0 0.528634 0.339097 0.266919 0.369856
0 0.525663 0.340915 0.266639 0.363225
0 0.526334 0.339715 0.270709 0.371443
0 0.523807 0.340209 0.267699 0.365607
0 0.522610 0.341802 0.272496 0.373716
0 0.524903 0.340691 0.271733 0.368745
0 0.522801 0.341612 0.270813 0.371079
0 0.525605 0.340297 0.270256 0.374003
0 0.524243 0.344564 0.266538 0.357741
0 0.525719 0.339238 0.270784 0.368899
0 0.523941 0.341172 0.274799 0.379438
0 0.521928 0.338556 0.268636 0.378919
0 0.521955 0.340320 0.265824 0.382231
0 0.521560 0.345481 0.267923 0.360004
0 0.523256 0.340950 0.268370 0.371794
0 0.519967 0.339239 0.273014 0.371227
0 0.521154 0.341891 0.268930 0.373404
0 0.522987 0.341938 0.274887 0.392590
0 0.526769 0.344566 0.271117 0.367564
0 0.528219 0.348196 0.283507 0.380711
0 0.528484 0.347956 0.276109 0.378780