0 0.627125 0.507540 0.417049 0.563545
0 0.628483 0.515743 0.412684 0.560030
0 0.632508 0.510993 0.417640 0.568796
0 0.626910 0.506474 0.427099 0.560043
0 0.634011 0.511807 0.423273 0.557022
0 0.633939 0.513030 0.412732 0.560668
0 0.633636 0.512914 0.418518 0.555886
0 0.638223 0.506099 0.404554 0.554457
0 0.636511 0.508832 0.417766 0.551587
0 0.637708 0.510942 0.414616 0.562747
0 0.637833 0.510158 0.424543 0.556972
0 0.633959 0.510085 0.431162 0.569665
0 0.634557 0.514147 0.415458 0.556877
0 0.631431 0.511493 0.431935 0.575129
0 0.635706 0.509516 0.426479 0.560462
0 0.637229 0.511803 0.432563 0.569052
0 0.634930 0.508407 0.419155 0.561327
0 0.638386 0.508442 0.425935 0.575116
0 0.638784 0.504512 0.418826 0.560941
0 0.636593 0.507585 0.428827 0.578775
0 0.636390 0.512854 0.427127 0.600983
0 0.636745 0.532151 0.454050 0.594614
0 0.626930 0.528869 0.414781 0.577066
0 0.633170 0.522939 0.417612 0.572075
0 0.631427 0.525267 0.417321 0.590300
0 0.631977 0.522490 0.418957 0.583100
0 0.626371 0.524169 0.426078 0.597202
0 0.632326 0.524835 0.425428 0.590076
0 0.630446 0.525987 0.428601 0.596402
0 0.635512 0.522002 0.441226 0.596037
0 0.639376 0.528663 0.433940 0.585974
0 0.634161 0.518366 0.431430 0.585509
0 0.635603 0.523634 0.422559 0.575363
0 0.633932 0.514351 0.420962 0.568322
0 0.632730 0.517500 0.426626 0.578571
0 0.632574 0.514256 0.414006 0.582809
0 0.638797 0.528980 0.449032 0.592220
0 0.633079 0.522632 0.422836 0.566865
0 0.632553 0.516576 0.418922 0.570269
0 0.630956 0.514445 0.417110 0.587889
0 0.631745 0.514788 0.423027 0.558706
0 0.630004 0.516736 0.435984 0.587347
0 0.633083 0.516776 0.422123 0.565011
0 0.634676 0.523020 0.424385 0.577959
0 0.636397 0.518239 0.433504 0.577921
0 0.639368 0.527733 0.429597 0.577184
0 0.633364 0.513544 0.428454 0.578778
0 0.633943 0.519802 0.424361 0.578179
0 0.633112 0.513903 0.419839 0.574328
0 0.629570 0.512836 0.421151 0.575096
0 0.631651 0.515466 0.417121 0.595033
0 0.640821 0.511778 0.428591 0.548988
0 0.632751 0.515034 0.426792 0.576784
0 0.633535 0.510541 0.414421 0.571099
0 0.628813 0.510379 0.424048 0.582951
0 0.626579 0.516397 0.429647 0.592596
0 0.629206 0.507977 0.421638 0.580222
0 0.631055 0.518442 0.419454 0.577670
0 0.631213 0.510932 0.432230 0.592544
0 0.632504 0.523069 0.423001 0.582055
0 0.629792 0.508770 0.428595 0.594644
0 0.628082 0.512153 0.416038 0.582511
0 0.632602 0.510476 0.422735 0.588722
0 0.627347 0.506152 0.418327 0.586372
0 0.629955 0.513034 0.423321 0.602515
0 0.640026 0.516741 0.438495 0.564505
0 0.630020 0.516031 0.444336 0.575397
0 0.636439 0.507671 0.429722 0.571940
0 0.633635 0.503513 0.421288 0.589385
0 0.632853 0.509243 0.425113 0.587921
0 0.628152 0.501510 0.419514 0.596687
0 0.625352 0.513105 0.419731 0.588709
0 0.626826 0.507619 0.428874 0.592438
0 0.622156 0.519511 0.430368 0.584929
0 0.631431 0.513793 0.428637 0.587445
0 0.632360 0.512475 0.428913 0.583892
0 0.630625 0.507087 0.426227 0.587678
0 0.637660 0.517579 0.424508 0.596055
0 0.642050 0.533577 0.432106 0.585883
0 0.632715 0.517887 0.427715 0.600022
0 0.628809 0.507663 0.420631 0.592900
0 0.628897 0.516872 0.422686 0.567171
0 0.638589 0.525526 0.423144 0.566707
0 0.632128 0.530053 0.418696 0.582264
0 0.635926 0.534503 0.426666 0.567523