0 0.574760 0.283075 0.313037 0.431396
0 0.577166 0.289350 0.314879 0.434495
0 0.577041 0.282657 0.314592 0.433599
0 0.574332 0.282156 0.323784 0.433887
0 0.574569 0.293650 0.318614 0.426957
0 0.576678 0.294628 0.318963 0.433854
0 0.581619 0.291634 0.321768 0.431750
0 0.575300 0.283611 0.319364 0.443097
0 0.579954 0.284595 0.326756 0.421286
0 0.580877 0.287906 0.318592 0.414688
0 0.581106 0.286182 0.313223 0.424143
0 0.578744 0.284130 0.317151 0.415473
0 0.578819 0.284421 0.322031 0.423609
0 0.572284 0.280413 0.322984 0.416558
0 0.579860 0.280479 0.325477 0.419160
0 0.578662 0.284820 0.316698 0.417034
0 0.578723 0.282624 0.317879 0.419236
0 0.576321 0.285432 0.319509 0.416456
0 0.578865 0.283860 0.322338 0.418657
0 0.582662 0.288244 0.323030 0.425545
0 0.570818 0.287539 0.321979 0.412546
0 0.578771 0.283538 0.320963 0.413166
0 0.580284 0.283725 0.322968 0.415042
0 0.579520 0.284991 0.321067 0.422853
0 0.578392 0.282924 0.326028 0.418665
0 0.583268 0.283892 0.321670 0.416113
0 0.583131 0.285511 0.326296 0.422692
0 0.577811 0.282258 0.317575 0.410332
0 0.578188 0.286392 0.315160 0.416151
0 0.579113 0.283091 0.314181 0.409070
0 0.580374 0.285888 0.314802 0.415253
0 0.581802 0.283178 0.320347 0.429994
0 0.577609 0.284388 0.309586 0.408773
0 0.580497 0.286014 0.312365 0.414825
0 0.582261 0.285266 0.312199 0.414688