0 0.502618 0.465726 0.383235 0.534730
0 0.506485 0.469477 0.386701 0.536881
0 0.506923 0.464898 0.382994 0.537245
0 0.504067 0.471253 0.385622 0.540257
0 0.505141 0.469503 0.390358 0.533752
0 0.507594 0.466312 0.390736 0.533256
0 0.498687 0.464879 0.377615 0.535091
0 0.507573 0.465550 0.390413 0.526528
0 0.507152 0.471363 0.397086 0.538818
0 0.504959 0.470926 0.403189 0.530310
0 0.507982 0.472236 0.395946 0.533132
0 0.512755 0.465043 0.386725 0.528713
0 0.502278 0.465801 0.381410 0.520329
0 0.508807 0.463287 0.390806 0.522383
0 0.510994 0.463419 0.389355 0.525999
0 0.507083 0.461750 0.393886 0.520424
0 0.507761 0.461056 0.395708 0.515422
0 0.509370 0.460189 0.384685 0.506031
0 0.500271 0.465265 0.384271 0.525801
0 0.508296 0.462369 0.395834 0.525047
0 0.508457 0.461869 0.394599 0.529263
0 0.506589 0.466903 0.394718 0.519351
0 0.508615 0.460150 0.399446 0.520322
0 0.505066 0.460058 0.392867 0.513230
0 0.497607 0.461784 0.380221 0.526040
0 0.507611 0.463059 0.397626 0.521780
0 0.513513 0.459570 0.403943 0.530900
0 0.507864 0.464880 0.398693 0.516723
0 0.510415 0.460904 0.402200 0.520749
0 0.508097 0.458623 0.398886 0.526430
0 0.496255 0.471927 0.384984 0.509147
0 0.507508 0.469372 0.394791 0.515578
0 0.511450 0.463918 0.398306 0.522713
0 0.509820 0.461406 0.393082 0.518044
0 0.510153 0.462720 0.402488 0.530929
0 0.512497 0.464992 0.395505 0.525276
0 0.506389 0.471370 0.377555 0.500392
0 0.512554 0.461943 0.392152 0.530141
0 0.511039 0.460203 0.393642 0.533675
0 0.511517 0.463405 0.396300 0.532123
0 0.513429 0.492380 0.386898 0.483966
0 0.512387 0.490813 0.382317 0.494525