0 0.480491 0.386701 0.335783 0.505581
0 0.480819 0.390676 0.338787 0.507019
0 0.485362 0.386676 0.341613 0.503005
0 0.484816 0.381685 0.348869 0.506809
0 0.480047 0.389347 0.346927 0.503234
0 0.482338 0.388638 0.347572 0.501952
0 0.484858 0.385308 0.353829 0.494682
0 0.486191 0.381343 0.348611 0.497830
0 0.487906 0.380520 0.356296 0.487524
0 0.486541 0.384001 0.347544 0.484266
0 0.486565 0.383345 0.343328 0.486635
0 0.486565 0.378479 0.350522 0.479741
0 0.486598 0.376760 0.347079 0.478276
0 0.489069 0.372531 0.344014 0.487278
0 0.481768 0.381125 0.352440 0.464854
0 0.488256 0.378578 0.357434 0.479259
0 0.487319 0.377401 0.345369 0.481959
0 0.485537 0.376693 0.348158 0.484958
0 0.485561 0.380233 0.352770 0.480058
0 0.484190 0.376054 0.348949 0.476144
0 0.488404 0.377266 0.347957 0.482345
0 0.486225 0.377402 0.356977 0.476020
0 0.486490 0.376978 0.354089 0.480696
0 0.484881 0.377293 0.351201 0.487279
0 0.483934 0.379726 0.357611 0.474810
0 0.486484 0.373562 0.356027 0.482390
0 0.492693 0.373690 0.349869 0.485910
0 0.486019 0.375210 0.359607 0.471221
0 0.486401 0.377122 0.350506 0.484763
0 0.487478 0.375864 0.352352 0.483188
0 0.488512 0.375864 0.355464 0.486317
0 0.487230 0.375747 0.357202 0.490714
0 0.486306 0.377701 0.342726 0.467075
0 0.485887 0.378204 0.348168 0.477854
0 0.485798 0.376084 0.352922 0.485168
0 0.490816 0.389409 0.352683 0.459465