0 0.571134 0.464533 0.454452 0.640353
0 0.575389 0.467086 0.452072 0.627216
0 0.577634 0.464614 0.453936 0.634034
0 0.574537 0.479877 0.466958 0.644052
0 0.569083 0.470867 0.449535 0.633945
0 0.573264 0.478430 0.452178 0.637096
0 0.582697 0.476110 0.464047 0.628892
0 0.580725 0.478939 0.466722 0.633910
0 0.579756 0.476485 0.464026 0.623136
0 0.576524 0.478752 0.471986 0.638591
0 0.580063 0.472206 0.468998 0.616301
0 0.579418 0.475300 0.480193 0.636600
0 0.586762 0.468529 0.461024 0.608613
0 0.586605 0.473229 0.475441 0.634609
0 0.590267 0.478429 0.462246 0.622374
0 0.599566 0.475986 0.454461 0.623662
0 0.576398 0.486387 0.483993 0.652071
0 0.575665 0.486646 0.456792 0.634052
0 0.573927 0.479368 0.455526 0.629088
0 0.575826 0.485098 0.447512 0.631071
0 0.586257 0.474985 0.468298 0.614902
0 0.582914 0.478869 0.467474 0.619836
0 0.584283 0.470399 0.472227 0.622569
0 0.581401 0.472213 0.472224 0.632189
0 0.582213 0.463890 0.481646 0.612671
0 0.581654 0.470281 0.479054 0.619132
0 0.583560 0.464362 0.476141 0.603844
0 0.582250 0.471259 0.475819 0.610208
0 0.593758 0.464556 0.475519 0.587496
0 0.582268 0.470951 0.475988 0.605126
0 0.592108 0.471509 0.450385 0.600648
0 0.579573 0.490438 0.482137 0.651834
0 0.574821 0.493222 0.454034 0.647067
0 0.573691 0.483944 0.450099 0.626294
0 0.574983 0.486926 0.445291 0.638056
0 0.578082 0.482346 0.469716 0.640677
0 0.576272 0.483324 0.465070 0.643590
0 0.581305 0.476979 0.482558 0.648833
0 0.585053 0.479368 0.474751 0.642203
0 0.579520 0.474635 0.484517 0.644134
0 0.586415 0.483201 0.475192 0.630657
0 0.585058 0.475858 0.484827 0.637321
0 0.586786 0.482244 0.481090 0.639407
0 0.581247 0.479921 0.488774 0.629358
0 0.584608 0.482306 0.462547 0.611221
0 0.596430 0.479965 0.457026 0.628125
0 0.578207 0.482825 0.487372 0.635907
0 0.572918 0.479110 0.453981 0.633427
0 0.570564 0.474678 0.450583 0.618832
0 0.571139 0.474471 0.447933 0.637755
0 0.577437 0.476239 0.468460 0.625529
0 0.574547 0.480628 0.467365 0.645979
0 0.584036 0.471849 0.471819 0.633700
0 0.585915 0.478378 0.462607 0.635823
0 0.580575 0.468310 0.480423 0.643127
0 0.583045 0.474037 0.461927 0.626260
0 0.581099 0.462387 0.481795 0.638585
0 0.580370 0.466981 0.468738 0.631094
0 0.574364 0.473182 0.476902 0.614999
0 0.588729 0.471405 0.461046 0.599594
0 0.592528 0.476487 0.462439 0.612307
0 0.584282 0.477731 0.504442 0.623432
0 0.573652 0.479192 0.462012 0.618045
0 0.567145 0.478103 0.455928 0.619246
0 0.566814 0.477533 0.448049 0.623227
0 0.577196 0.477859 0.473005 0.613963
0 0.577803 0.485232 0.472677 0.625928
0 0.580843 0.478880 0.474826 0.621351
0 0.583936 0.487233 0.462724 0.613535
0 0.582325 0.477872 0.479696 0.619295
0 0.583330 0.485683 0.464688 0.607302
0 0.578312 0.471312 0.475319 0.621669
0 0.577520 0.472117 0.455876 0.603155
0 0.584992 0.477983 0.472272 0.596094
0 0.576313 0.470362 0.464911 0.596482
0 0.589209 0.465890 0.461269 0.606982
0 0.585622 0.481920 0.506088 0.627568
0 0.578061 0.473631 0.473030 0.604718
0 0.571629 0.475197 0.465455 0.619859
0 0.570461 0.475685 0.456433 0.617586
0 0.581049 0.473808 0.467374 0.617296
0 0.583147 0.478631 0.466233 0.630462
0 0.582368 0.475905 0.471962 0.621806
0 0.585279 0.479805 0.460199 0.615528
0 0.582944 0.474750 0.476808 0.629561
0 0.584263 0.478267 0.460481 0.617161
0 0.584023 0.474825 0.473270 0.623257
0 0.585797 0.469399 0.457146 0.610589
0 0.576489 0.464036 0.461181 0.609754
0 0.591064 0.468632 0.462222 0.614712
0 0.581847 0.489075 0.468318 0.588365
0 0.571741 0.489861 0.474342 0.594502
0 0.576134 0.489528 0.461840 0.589926
0 0.582999 0.481685 0.467410 0.605826
0 0.587242 0.493171 0.475766 0.618129
0 0.581539 0.480309 0.465741 0.606404
0 0.583254 0.489838 0.470930 0.612458
0 0.584820 0.481167 0.471655 0.613721
0 0.583700 0.484264 0.468245 0.605010
0 0.590297 0.480088 0.477285 0.606589
0 0.589051 0.467991 0.479004 0.613066
0 0.580117 0.471834 0.493916 0.613322
0 0.594472 0.486627 0.475940 0.618038
0 0.578905 0.491919 0.463004 0.584299
0 0.582492 0.495637 0.479394 0.593514
0 0.578951 0.484569 0.455991 0.592968
0 0.580971 0.489805 0.452617 0.575456