0 0.513439 0.487868 0.558794 0.763188
0 0.513581 0.481139 0.549992 0.772628
0 0.515030 0.475395 0.554370 0.783469
0 0.512132 0.477102 0.549528 0.776128
0 0.519953 0.472360 0.553382 0.773679
0 0.502890 0.458555 0.541213 0.707282
0 0.501917 0.434383 0.511414 0.672574
0 0.512958 0.453954 0.534486 0.711566
0 0.508201 0.438218 0.514844 0.688969
0 0.512814 0.456197 0.531706 0.721456
0 0.516770 0.435491 0.518773 0.688676
0 0.517741 0.451858 0.532554 0.720611
0 0.521735 0.437345 0.508706 0.692379
0 0.515047 0.455539 0.531561 0.731806
0 0.519615 0.456398 0.523836 0.727302
0 0.527532 0.453660 0.521869 0.736796
0 0.514462 0.465147 0.549211 0.711971
0 0.509145 0.465168 0.542822 0.707960
0 0.508232 0.450190 0.522780 0.683269
0 0.522054 0.463031 0.532849 0.706019
0 0.506075 0.446314 0.535129 0.690580
0 0.509442 0.457994 0.529867 0.695961
0 0.513834 0.436753 0.528166 0.679810
0 0.514360 0.447653 0.521713 0.689490
0 0.514445 0.434836 0.519700 0.672656
0 0.509675 0.442343 0.516590 0.684067
0 0.522903 0.434981 0.507906 0.670790
0 0.514331 0.446188 0.512294 0.695191
0 0.520601 0.448085 0.513451 0.709630
0 0.524577 0.449831 0.535268 0.737000
0 0.514044 0.467627 0.565908 0.726294
0 0.518374 0.465606 0.569994 0.730425
0 0.509699 0.456955 0.547378 0.717816
0 0.502029 0.449516 0.539306 0.705638
0 0.513268 0.449700 0.534600 0.705476
0 0.500225 0.440932 0.551694 0.703590
0 0.503985 0.446277 0.534474 0.700861
0 0.504255 0.432186 0.534638 0.693111
0 0.503116 0.440397 0.527996 0.703352
0 0.512698 0.424211 0.521251 0.678833
0 0.506889 0.429931 0.518346 0.690758
0 0.521337 0.428536 0.522851 0.672725
0 0.508123 0.433955 0.518002 0.685370
0 0.516799 0.431509 0.517134 0.677261
0 0.514332 0.437171 0.544986 0.696397
0 0.521427 0.454791 0.578884 0.701297
0 0.527846 0.458533 0.575991 0.719054
0 0.496689 0.447339 0.533609 0.682035
0 0.513200 0.449511 0.541445 0.715451
0 0.506516 0.443694 0.536584 0.702254
0 0.514116 0.444689 0.532683 0.712435
0 0.510117 0.430289 0.543991 0.712138
0 0.517496 0.433789 0.535483 0.720793
0 0.508276 0.427966 0.520171 0.682699
0 0.509815 0.433817 0.525818 0.710042
0 0.511253 0.421417 0.517964 0.681297
0 0.505939 0.433015 0.520902 0.704495
0 0.522764 0.422760 0.523016 0.668134
0 0.510887 0.429710 0.518740 0.695592
0 0.517049 0.426612 0.532606 0.678401
0 0.505388 0.426212 0.552350 0.687523
0 0.511099 0.437316 0.544320 0.701326
0 0.526906 0.450054 0.577851 0.695757
0 0.536744 0.459624 0.588211 0.711168
0 0.508254 0.455024 0.537576 0.701036
0 0.506668 0.448765 0.542331 0.699277
0 0.514116 0.446675 0.532571 0.697267
0 0.514772 0.430894 0.542070 0.703088
0 0.522328 0.430502 0.529466 0.705285
0 0.511847 0.424015 0.531202 0.686531
0 0.515707 0.422621 0.533753 0.704895
0 0.513346 0.417760 0.514821 0.697373
0 0.513042 0.421909 0.512450 0.709302
0 0.525368 0.428213 0.505247 0.673354
0 0.515522 0.428630 0.508556 0.711384
0 0.516745 0.434967 0.517282 0.701626
0 0.500827 0.432835 0.548488 0.718468
0 0.509097 0.443811 0.534853 0.704759
0 0.527433 0.451812 0.553756 0.699624
0 0.537827 0.451397 0.574785 0.726652
0 0.503313 0.441555 0.524061 0.708413
0 0.506348 0.436617 0.521016 0.705646
0 0.513549 0.428391 0.535051 0.731314
0 0.517608 0.424512 0.532212 0.716950
0 0.522519 0.421433 0.529905 0.724417
0 0.505977 0.423417 0.528975 0.724658
0 0.505038 0.418433 0.526989 0.733880
0 0.509574 0.423849 0.504425 0.741216
0 0.505185 0.417739 0.505459 0.748084
0 0.511728 0.424714 0.506864 0.751427
0 0.511229 0.435224 0.518166 0.727821
0 0.493699 0.433578 0.540329 0.723650
0 0.512115 0.446452 0.532760 0.708896
0 0.536018 0.462816 0.565581 0.712110
0 0.500404 0.455822 0.509339 0.709788
0 0.504669 0.451169 0.489397 0.690071
0 0.510599 0.441840 0.508199 0.727953
0 0.516847 0.441682 0.516341 0.703114
0 0.517701 0.435637 0.528226 0.719708
0 0.509272 0.433151 0.525038 0.735007
0 0.507689 0.421278 0.512032 0.724279
0 0.514254 0.434116 0.515519 0.728983
0 0.507647 0.417060 0.512791 0.736744
0 0.517795 0.430822 0.526502 0.740903
0 0.516194 0.443911 0.530817 0.711169
0 0.506473 0.449917 0.539199 0.705977
0 0.503323 0.459381 0.506783 0.696846
0 0.504756 0.467411 0.474656 0.672869
0 0.518072 0.456553 0.508199 0.724990
0 0.519698 0.462052 0.509519 0.693878
0 0.528598 0.449510 0.537160 0.732790
0 0.517629 0.458354 0.520335 0.705104
0 0.519908 0.435045 0.526850 0.714023
0 0.515046 0.430516 0.533464 0.718710
0 0.517521 0.443556 0.532754 0.702498
0 0.514586 0.456573 0.542957 0.687289
0 0.509847 0.477953 0.509963 0.661101
0 0.525251 0.472028 0.548365 0.679310
0 0.517719 0.459533 0.543368 0.665739
0 0.519585 0.459138 0.548537 0.666206
0 0.515696 0.466436 0.552840 0.656183