0 0.429767 0.298893 0.256573 0.384689
0 0.429900 0.302102 0.258267 0.388150
0 0.431093 0.308275 0.258389 0.385772
0 0.429892 0.308559 0.261184 0.385816
0 0.430957 0.309589 0.262033 0.381085
0 0.430755 0.304808 0.255589 0.388609
0 0.430893 0.304630 0.252795 0.379312
0 0.428997 0.305228 0.257536 0.381468
0 0.430761 0.307255 0.261090 0.374773
0 0.432401 0.306538 0.256896 0.393329
0 0.431373 0.304402 0.258769 0.389225
0 0.429439 0.304647 0.261951 0.388636
0 0.429901 0.306757 0.260368 0.381960
0 0.430813 0.307401 0.253698 0.393949
0 0.432058 0.306960 0.257812 0.389839
0 0.430446 0.307260 0.256711 0.382990
0 0.429632 0.308636 0.253710 0.374000
0 0.429461 0.306675 0.253492 0.379679
0 0.433071 0.305767 0.259083 0.379197
0 0.430822 0.306887 0.256020 0.369854
0 0.430786 0.306882 0.256797 0.366044
0 0.426444 0.308482 0.244436 0.373309
0 0.432037 0.306223 0.251321 0.374419
0 0.430299 0.306292 0.250347 0.372718
0 0.431059 0.304770 0.250484 0.372052
0 0.429790 0.304471 0.248357 0.387757
0 0.430097 0.302491 0.248554 0.387170
0 0.431124 0.304053 0.253833 0.383863
0 0.429235 0.301136 0.271726 0.413297
0 0.431911 0.303412 0.273182 0.408546
0 0.434642 0.298149 0.275829 0.407241
0 0.432365 0.294691 0.271579 0.404139
0 0.434097 0.301858 0.262871 0.390586
0 0.434446 0.302657 0.265513 0.389628
0 0.431393 0.298110 0.263954 0.381403
0 0.435198 0.299792 0.266562 0.381161
0 0.436397 0.305330 0.272614 0.409872
0 0.434016 0.305045 0.265059 0.394709
0 0.433661 0.303221 0.259852 0.380322
0 0.431850 0.303088 0.261607 0.379343
0 0.430639 0.303727 0.260902 0.373538
0 0.437120 0.306047 0.274095 0.394075
0 0.433512 0.308603 0.261646 0.384154
0 0.431331 0.308113 0.261044 0.375269
0 0.433777 0.306658 0.260687 0.374919
0 0.430010 0.308036 0.253200 0.372895
0 0.436571 0.305171 0.261711 0.398167
0 0.433441 0.306932 0.269669 0.387684
0 0.431436 0.311521 0.260942 0.376283
0 0.433809 0.312173 0.263841 0.371524
0 0.436973 0.307356 0.257455 0.370546
0 0.434079 0.314870 0.269327 0.376887
0 0.434218 0.317126 0.271887 0.369381
0 0.429467 0.316159 0.265892 0.361836