0 0.514271 0.155408 0.146883 0.202797
0 0.515484 0.156114 0.147330 0.198414
0 0.515065 0.155263 0.148777 0.197188
0 0.514362 0.154582 0.142651 0.201355
0 0.514406 0.156849 0.144196 0.197949
0 0.514752 0.156830 0.142889 0.199715
0 0.514098 0.156178 0.143578 0.194238
0 0.513928 0.155249 0.144761 0.194113
0 0.513169 0.157415 0.144970 0.200431
0 0.514244 0.156960 0.143785 0.199009
0 0.515670 0.157716 0.138378 0.190080
0 0.514025 0.156817 0.142365 0.197096
0 0.513970 0.156524 0.143327 0.196298
0 0.513976 0.157907 0.141899 0.196954
0 0.510382 0.157271 0.144267 0.202259
0 0.513651 0.155772 0.141805 0.198825
0 0.514132 0.156091 0.143156 0.199528
0 0.515398 0.157116 0.137256 0.190639
0 0.512612 0.156387 0.141370 0.196106
0 0.514501 0.156254 0.141069 0.195532
0 0.514649 0.156965 0.141609 0.197335
0 0.515315 0.158984 0.142227 0.194946
0 0.514926 0.155642 0.142083 0.201349
0 0.513903 0.155269 0.143733 0.197799
0 0.515251 0.156688 0.139594 0.193643
0 0.514354 0.155447 0.141544 0.196743
0 0.514720 0.157383 0.141961 0.197755
0 0.515214 0.158086 0.140269 0.192754
0 0.513837 0.155563 0.143278 0.199502
0 0.514296 0.157487 0.142597 0.198812
0 0.514635 0.158345 0.140039 0.196493
0 0.516972 0.162568 0.143293 0.194872