0 0.358749 0.363199 0.224919 0.389156
0 0.361301 0.365357 0.225154 0.381567
0 0.364212 0.362504 0.225696 0.383572
0 0.360403 0.368995 0.221228 0.378665
0 0.361351 0.371707 0.224034 0.376836
0 0.362830 0.370661 0.226674 0.380789
0 0.358608 0.365026 0.219093 0.363215
0 0.361224 0.368346 0.217751 0.360740
0 0.360699 0.367415 0.217504 0.360378
0 0.361218 0.367697 0.220396 0.366721
0 0.364669 0.368956 0.217290 0.349648
0 0.358681 0.360042 0.217341 0.349545
0 0.361701 0.362833 0.212675 0.357872
0 0.361445 0.362797 0.215977 0.362106
0 0.361774 0.362685 0.217937 0.359492
0 0.362244 0.366381 0.214914 0.340932
0 0.359541 0.361455 0.217687 0.347837
0 0.363713 0.361377 0.218589 0.362134
0 0.361821 0.360479 0.216474 0.357392
0 0.360630 0.361113 0.215297 0.351808
0 0.363199 0.364396 0.209209 0.344790
0 0.359741 0.361912 0.213327 0.340502
0 0.363308 0.361431 0.213412 0.352880
0 0.362208 0.360659 0.212801 0.354830
0 0.362062 0.359712 0.211227 0.349788
0 0.364287 0.361552 0.206937 0.341982
0 0.357057 0.360818 0.213720 0.337244
0 0.362533 0.358778 0.213733 0.351550
0 0.360938 0.358728 0.210278 0.345853
0 0.361751 0.357916 0.205648 0.346430
0 0.365432 0.359908 0.205910 0.344625
0 0.351987 0.362023 0.206253 0.353455
0 0.360823 0.357730 0.209297 0.356838
0 0.361241 0.355958 0.209314 0.353809
0 0.360468 0.357729 0.204023 0.351366
0 0.366104 0.360929 0.203883 0.350571
0 0.357689 0.357313 0.203805 0.378803
0 0.360301 0.355027 0.204095 0.374103
0 0.362503 0.358675 0.206245 0.372166
0 0.354728 0.357143 0.231575 0.357516
0 0.364921 0.358241 0.224186 0.359178
0 0.361894 0.356089 0.221189 0.349865
0 0.363556 0.351092 0.219594 0.352633
0 0.356645 0.364315 0.221837 0.348299
0 0.365304 0.360631 0.213099 0.351840
0 0.365071 0.359705 0.208873 0.335497
0 0.363242 0.359694 0.215067 0.342636
0 0.367009 0.356688 0.216389 0.344699
0 0.358392 0.361052 0.227433 0.347328
0 0.358905 0.364375 0.216732 0.342076
0 0.360980 0.362768 0.215877 0.339034
0 0.362621 0.356604 0.211792 0.339278
0 0.366013 0.355181 0.207205 0.340938
0 0.357876 0.364411 0.216388 0.350122
0 0.360536 0.365468 0.216164 0.343611
0 0.362626 0.363648 0.216462 0.346158
0 0.364427 0.358791 0.211147 0.341943