0 0.207126 0.384695 0.044995 0.075222
0 0.209783 0.385933 0.043248 0.073787
0 0.084879 0.394363 0.030482 0.046713
0 0.680244 0.449743 0.397040 0.437511
0 0.677763 0.453099 0.417294 0.432264
0 0.679095 0.451476 0.414865 0.426207
0 0.675797 0.439658 0.415022 0.424894
0 0.680210 0.428786 0.406290 0.435151
0 0.677851 0.445233 0.403953 0.419969
0 0.684126 0.439151 0.424589 0.420557
0 0.683618 0.438919 0.425663 0.413448
0 0.681970 0.431894 0.429968 0.411053
0 0.678081 0.425472 0.417484 0.407578
0 0.684059 0.425054 0.398201 0.420261
0 0.665703 0.465112 0.392838 0.447617
0 0.679620 0.452830 0.408340 0.440501
0 0.680166 0.448459 0.428395 0.442663
0 0.675886 0.445589 0.427320 0.444642
0 0.671161 0.436258 0.425301 0.430221
0 0.673506 0.431973 0.420016 0.431502
0 0.681692 0.432478 0.407876 0.436317
0 0.668787 0.470985 0.397003 0.439349
0 0.678837 0.449996 0.418671 0.436571
0 0.683279 0.447988 0.431897 0.435357
0 0.678420 0.437065 0.431214 0.439525
0 0.672190 0.434248 0.420235 0.432171
0 0.672210 0.434976 0.419827 0.434211
0 0.679323 0.438888 0.405378 0.431233
0 0.666749 0.473554 0.398781 0.439772
0 0.675587 0.454223 0.418283 0.439335
0 0.680752 0.450612 0.429462 0.441463
0 0.678489 0.439849 0.424806 0.460376
0 0.670249 0.443553 0.424181 0.439561
0 0.677909 0.448023 0.423852 0.453434
0 0.686767 0.452642 0.407787 0.444646
0 0.674567 0.467492 0.425444 0.459766
0 0.684556 0.456685 0.439215 0.461880
0 0.672656 0.451059 0.436467 0.475140
0 0.667267 0.452318 0.427439 0.471083
0 0.674038 0.457718 0.416221 0.477198
0 0.678206 0.468332 0.427743 0.493983
0 0.671068 0.462056 0.421890 0.511606
0 0.669346 0.468769 0.419067 0.506292