0 0.577344 0.456124 0.282261 0.345657
0 0.576743 0.459330 0.275833 0.351431
0 0.576575 0.462475 0.277194 0.354512
0 0.575374 0.463816 0.278824 0.353799
0 0.579880 0.457850 0.285003 0.339037
0 0.576924 0.461051 0.277113 0.344522
0 0.576191 0.463225 0.275081 0.346877
0 0.575640 0.464221 0.278134 0.343770
0 0.578606 0.463163 0.279575 0.339816
0 0.581157 0.458392 0.286816 0.338616
0 0.581286 0.461527 0.275470 0.340734
0 0.578369 0.464366 0.270424 0.342710
0 0.576949 0.465972 0.271849 0.337445
0 0.579959 0.467083 0.276905 0.331676
0 0.582192 0.459110 0.280794 0.337862
0 0.581112 0.461602 0.273973 0.341170
0 0.579952 0.463143 0.273004 0.345703
0 0.578041 0.465448 0.272610 0.340780
0 0.580703 0.467175 0.273508 0.330470
0 0.583274 0.459036 0.284813 0.344442
0 0.581617 0.460257 0.280967 0.342105
0 0.580991 0.462343 0.278470 0.341745
0 0.580172 0.463703 0.275917 0.336171
0 0.583090 0.464836 0.278179 0.333924
0 0.583400 0.458322 0.283002 0.344497
0 0.580327 0.458704 0.274341 0.341921
0 0.579897 0.462323 0.274905 0.341675
0 0.579263 0.462882 0.268779 0.339942
0 0.582349 0.464719 0.273644 0.338083
0 0.582128 0.462377 0.283430 0.347440
0 0.582259 0.460883 0.270300 0.339721
0 0.582772 0.463303 0.276275 0.338994
0 0.579963 0.463648 0.271434 0.342208
0 0.583716 0.467790 0.274840 0.339305
0 0.583172 0.466414 0.263334 0.351684
0 0.584300 0.467054 0.268163 0.346036
0 0.582305 0.470561 0.268293 0.343103
0 0.574746 0.466724 0.289907 0.355752
0 0.579261 0.460756 0.288735 0.351475
0 0.577459 0.465563 0.280294 0.343572
0 0.577075 0.468248 0.276578 0.337383
0 0.575416 0.464309 0.278071 0.331594
0 0.575265 0.462416 0.277636 0.332802
0 0.582993 0.467312 0.279499 0.346561
0 0.579504 0.465656 0.277362 0.352195
0 0.580469 0.463924 0.276273 0.346422
0 0.575067 0.463122 0.274351 0.344296
0 0.579573 0.463152 0.275038 0.338597
0 0.585030 0.464206 0.278829 0.344844
0 0.578701 0.464874 0.284242 0.346882
0 0.579173 0.465855 0.284381 0.350284
0 0.577016 0.465077 0.277458 0.346489
0 0.578292 0.466090 0.276493 0.344968
0 0.579285 0.461535 0.274428 0.352296
0 0.587990 0.464571 0.269409 0.346315
0 0.579682 0.462288 0.270010 0.345316
0 0.579280 0.465071 0.274183 0.348056
0 0.577830 0.465794 0.274704 0.348038
0 0.578285 0.464330 0.276378 0.350351
0 0.580247 0.461716 0.271176 0.348116
0 0.582502 0.465917 0.269900 0.349526
0 0.581730 0.470158 0.271491 0.343112