0 0.474700 0.455291 0.354129 0.437509
0 0.474727 0.461128 0.359847 0.446560
0 0.472094 0.464586 0.362984 0.444461
0 0.474923 0.461773 0.368465 0.435530
0 0.478000 0.454607 0.361898 0.446351
0 0.474735 0.462179 0.366731 0.447460
0 0.472915 0.464734 0.359128 0.447235
0 0.476139 0.466138 0.366379 0.442838
0 0.474512 0.461192 0.368585 0.447494
0 0.469382 0.456792 0.354132 0.448949
0 0.477480 0.460682 0.367441 0.456819
0 0.472744 0.464588 0.361231 0.446464
0 0.475128 0.465578 0.353741 0.442403
0 0.474524 0.465990 0.354220 0.443067
0 0.472026 0.461799 0.364602 0.446703
0 0.477114 0.462407 0.355121 0.455838
0 0.470437 0.464574 0.361247 0.445677
0 0.478048 0.462173 0.370085 0.451794
0 0.472707 0.464019 0.352859 0.454004
0 0.472174 0.469477 0.355510 0.451683
0 0.474890 0.466820 0.359877 0.457898
0 0.471887 0.466772 0.360604 0.457557
0 0.475354 0.470113 0.351439 0.461919
0 0.472447 0.463229 0.363763 0.468687
0 0.476801 0.464748 0.356079 0.459446
0 0.471153 0.466573 0.354065 0.457791
0 0.472698 0.466036 0.365516 0.475357
0 0.470792 0.465223 0.357700 0.473980
0 0.476728 0.463374 0.361594 0.479245
0 0.479572 0.462403 0.352298 0.467705
0 0.471218 0.461300 0.348811 0.467337
0 0.471934 0.464725 0.356652 0.477976
0 0.475140 0.468374 0.354719 0.500412
0 0.481215 0.471424 0.360604 0.508961
0 0.470190 0.465670 0.350191 0.509162
0 0.469483 0.474979 0.362793 0.525443