0 0.516764 0.411279 0.384709 0.537337
0 0.519957 0.419197 0.387575 0.532127
0 0.517783 0.405992 0.384877 0.514433
0 0.518021 0.413548 0.393048 0.501525
0 0.517853 0.413560 0.398115 0.497556
0 0.515819 0.411595 0.395496 0.495232
0 0.520797 0.415238 0.399795 0.526112
0 0.521574 0.419480 0.404247 0.518426
0 0.519342 0.420416 0.414439 0.518390
0 0.519392 0.419566 0.406455 0.515389
0 0.522000 0.418412 0.401492 0.509826
0 0.514408 0.417899 0.388349 0.511659
0 0.522000 0.413374 0.408521 0.522053
0 0.524566 0.416025 0.412246 0.524610
0 0.519790 0.418070 0.413155 0.527195
0 0.518195 0.417598 0.409661 0.524400
0 0.519739 0.415633 0.408072 0.516556
0 0.527297 0.414440 0.398822 0.503507
0 0.515820 0.420183 0.398184 0.513534
0 0.523316 0.411968 0.414917 0.519904
0 0.524352 0.412610 0.408855 0.527904
0 0.517767 0.414396 0.409595 0.523538
0 0.516271 0.415566 0.410387 0.525915
0 0.516796 0.414204 0.406337 0.525608
0 0.521989 0.419589 0.403078 0.503386
0 0.515006 0.420350 0.405181 0.518135
0 0.520086 0.415015 0.415734 0.519108
0 0.526888 0.412225 0.414734 0.532466
0 0.519043 0.413810 0.410131 0.521549
0 0.520251 0.414494 0.416737 0.530685
0 0.521333 0.414238 0.411818 0.529642
0 0.521867 0.416523 0.405941 0.529951
0 0.526197 0.416103 0.405956 0.534847
0 0.521759 0.414677 0.407313 0.536382
0 0.518803 0.419601 0.414369 0.544705
0 0.521275 0.422401 0.413637 0.543982
0 0.526657 0.420692 0.401164 0.533316
0 0.521044 0.420895 0.405033 0.541490
0 0.523265 0.422004 0.412594 0.544387
0 0.524187 0.433006 0.398377 0.531713