0 0.484574 0.481475 0.391882 0.566966
0 0.482790 0.486771 0.395980 0.576320
0 0.481451 0.492253 0.399706 0.574309
0 0.483681 0.488616 0.399400 0.568073
0 0.490487 0.480730 0.396224 0.571829
0 0.483106 0.484676 0.401234 0.573544
0 0.483850 0.491953 0.407060 0.575165
0 0.480594 0.494135 0.410097 0.571172
0 0.479571 0.490704 0.408866 0.562653
0 0.483802 0.488661 0.399088 0.565677
0 0.480505 0.493969 0.402506 0.578258
0 0.481541 0.488513 0.402320 0.573457
0 0.480673 0.486813 0.402419 0.575566
0 0.486611 0.493338 0.412931 0.567183
0 0.483357 0.489789 0.414181 0.571650
0 0.481976 0.491517 0.412422 0.569612
0 0.478710 0.491220 0.413130 0.577451
0 0.480467 0.488748 0.412554 0.573922
0 0.485998 0.490485 0.409336 0.576989
0 0.484344 0.490790 0.408389 0.573048
0 0.487135 0.488017 0.408419 0.580513
0 0.490251 0.487095 0.398946 0.561215
0 0.491812 0.484873 0.398760 0.574597
0 0.480352 0.500210 0.411839 0.589447
0 0.477903 0.497021 0.408124 0.590049
0 0.477765 0.498993 0.410396 0.598931
0 0.483772 0.495825 0.406697 0.592002
0 0.481569 0.497222 0.410178 0.606908
0 0.481726 0.498403 0.408627 0.587550
0 0.479674 0.503152 0.414100 0.596607
0 0.483154 0.497253 0.417163 0.595955
0 0.486038 0.499799 0.417290 0.600902
0 0.481366 0.491638 0.412133 0.581591
0 0.484843 0.488228 0.409908 0.586560
0 0.485619 0.492186 0.401586 0.556589
0 0.487987 0.489480 0.408300 0.576215
0 0.493043 0.496244 0.403225 0.586499
0 0.483609 0.493506 0.420248 0.606696
0 0.478176 0.497043 0.407206 0.582190
0 0.484163 0.496162 0.414558 0.599659
0 0.481337 0.500239 0.404724 0.589521
0 0.482256 0.504876 0.405376 0.597418
0 0.481464 0.501140 0.411915 0.585032
0 0.478762 0.510525 0.414934 0.583900
0 0.480329 0.496851 0.413709 0.586845
0 0.480544 0.502819 0.409391 0.581005
0 0.481849 0.492675 0.411544 0.588215
0 0.484293 0.491490 0.408691 0.587430
0 0.483974 0.492067 0.403686 0.570072
0 0.485991 0.490128 0.401814 0.587434
0 0.492284 0.495138 0.407375 0.601581
0 0.484942 0.505186 0.427083 0.598269
0 0.478624 0.503395 0.413367 0.574126
0 0.484226 0.503209 0.421962 0.591524
0 0.483450 0.501347 0.408842 0.584070
0 0.485956 0.506764 0.416532 0.597322
0 0.480065 0.498896 0.416571 0.581828
0 0.479362 0.507591 0.422263 0.586609
0 0.481938 0.500796 0.415439 0.590281
0 0.478802 0.503463 0.411755 0.586293
0 0.479355 0.495571 0.412947 0.591080
0 0.480739 0.496550 0.404890 0.585039
0 0.485155 0.495310 0.400143 0.595761
0 0.492241 0.502752 0.408455 0.603019
0 0.477921 0.505778 0.407677 0.582683
0 0.486258 0.506096 0.420698 0.601504
0 0.479905 0.499066 0.407417 0.596587
0 0.480356 0.506599 0.420572 0.607836
0 0.477830 0.494890 0.415918 0.602114
0 0.475336 0.503738 0.420265 0.596218
0 0.479757 0.496079 0.416856 0.603889
0 0.478150 0.494725 0.417557 0.594788
0 0.480552 0.495429 0.417052 0.604059
0 0.480990 0.495024 0.409092 0.595164
0 0.479331 0.496896 0.414194 0.597566
0 0.479448 0.499323 0.401547 0.597547
0 0.473612 0.495403 0.406175 0.605628
0 0.479318 0.497102 0.410009 0.599065
0 0.476983 0.523014 0.389345 0.580917