0 0.527301 0.414521 0.349525 0.496656
0 0.524786 0.419861 0.347045 0.463959
0 0.521287 0.418786 0.345772 0.463035
0 0.522306 0.416319 0.352667 0.462368
0 0.522419 0.418904 0.351529 0.485005
0 0.522752 0.422990 0.359302 0.486944
0 0.521847 0.423575 0.358854 0.491189
0 0.522907 0.420545 0.362677 0.489089
0 0.525871 0.418555 0.358820 0.491566
0 0.519014 0.427613 0.353244 0.491550
0 0.519667 0.427954 0.354107 0.505848
0 0.522305 0.432129 0.360118 0.502447
0 0.522568 0.434441 0.356978 0.503142
0 0.525033 0.429406 0.365407 0.499572
0 0.526225 0.427606 0.364683 0.498396
0 0.528728 0.421580 0.358278 0.490278
0 0.518929 0.430778 0.352121 0.483600
0 0.519916 0.429816 0.357653 0.497219
0 0.521718 0.429457 0.360857 0.496101
0 0.521168 0.429647 0.367861 0.498671
0 0.521610 0.429359 0.365706 0.500629
0 0.521723 0.427899 0.370309 0.502890
0 0.525206 0.427222 0.360232 0.495333
0 0.517937 0.432285 0.358040 0.487595
0 0.519157 0.429125 0.363192 0.500589
0 0.523857 0.431255 0.363443 0.501418
0 0.519842 0.429390 0.366726 0.497146
0 0.521201 0.429231 0.373469 0.505627
0 0.522341 0.427138 0.371823 0.508179
0 0.527243 0.431263 0.360971 0.492986
0 0.521712 0.428473 0.366713 0.507378
0 0.522794 0.429690 0.367429 0.508256
0 0.521484 0.426083 0.371310 0.510292
0 0.519932 0.426881 0.374317 0.516729
0 0.520681 0.425520 0.369911 0.519618
0 0.521204 0.427109 0.359851 0.510080
0 0.516443 0.428107 0.360947 0.511670
0 0.517951 0.427285 0.366167 0.517395
0 0.518298 0.441951 0.359955 0.499857