0 0.495349 0.397271 0.318753 0.455417
0 0.500091 0.398401 0.318498 0.452343
0 0.494052 0.394527 0.313904 0.438773
0 0.497689 0.400369 0.312602 0.437239
0 0.498812 0.400789 0.317438 0.435469
0 0.500398 0.396256 0.315001 0.440368
0 0.498907 0.391612 0.320894 0.444307
0 0.497213 0.399656 0.314749 0.441064
0 0.501585 0.401269 0.309386 0.442771
0 0.498889 0.400153 0.316962 0.438057
0 0.500355 0.400198 0.316307 0.440093
0 0.502478 0.398812 0.316730 0.452409
0 0.500045 0.394511 0.321212 0.440786
0 0.496971 0.397981 0.316099 0.440642
0 0.501967 0.396511 0.309532 0.438669
0 0.501034 0.398716 0.318288 0.435193
0 0.498499 0.397952 0.316473 0.435750
0 0.500597 0.401444 0.320631 0.438971
0 0.499318 0.395667 0.318256 0.438225
0 0.499573 0.394601 0.319146 0.439835
0 0.501921 0.398947 0.320437 0.452685
0 0.499820 0.397508 0.326446 0.436047
0 0.500655 0.398542 0.316322 0.436101
0 0.501247 0.396733 0.321713 0.443935
0 0.498140 0.397629 0.317416 0.447371
0 0.498032 0.397968 0.318362 0.438507
0 0.500671 0.395803 0.322945 0.445462
0 0.498288 0.397564 0.327666 0.440984
0 0.500449 0.396933 0.326110 0.448380
0 0.506209 0.397832 0.328855 0.454873
0 0.499718 0.397116 0.319594 0.451285
0 0.502559 0.397012 0.322006 0.449447
0 0.499150 0.395796 0.327126 0.451651
0 0.500821 0.401552 0.334977 0.457315