0 0.529842 0.442835 0.394262 0.488628
0 0.532988 0.448151 0.391886 0.486462
0 0.534081 0.446354 0.398521 0.498206
0 0.524740 0.448952 0.406393 0.491636
0 0.537307 0.454531 0.408221 0.480145
0 0.534269 0.451287 0.412848 0.492647
0 0.529738 0.446886 0.422500 0.494802
0 0.537097 0.440907 0.404081 0.508275
0 0.533503 0.451078 0.409513 0.483950
0 0.537001 0.450415 0.417316 0.496710
0 0.535605 0.450838 0.413147 0.511143
0 0.530117 0.448972 0.420256 0.520863
0 0.534871 0.445545 0.420241 0.518984
0 0.541459 0.444198 0.400859 0.521966
0 0.520732 0.458081 0.403270 0.470291
0 0.532365 0.452166 0.409225 0.479389
0 0.530726 0.453499 0.409999 0.498535
0 0.535052 0.453293 0.404936 0.502195
0 0.532556 0.453864 0.413158 0.514108
0 0.533524 0.450759 0.411259 0.507140
0 0.538718 0.446088 0.396789 0.514813
0 0.524003 0.462049 0.395198 0.479822
0 0.531015 0.452223 0.408646 0.500946
0 0.530081 0.453086 0.409541 0.507107
0 0.536244 0.456932 0.404645 0.503847
0 0.535615 0.452982 0.405249 0.509474
0 0.537230 0.446004 0.409277 0.510269
0 0.544082 0.448747 0.395855 0.514851
0 0.534948 0.456074 0.414591 0.506435
0 0.537118 0.455496 0.409772 0.513505
0 0.540865 0.453149 0.403632 0.509088
0 0.542407 0.452515 0.399805 0.517402
0 0.543149 0.447766 0.408030 0.528525
0 0.546527 0.452036 0.392377 0.517482
0 0.532904 0.458149 0.425729 0.512521
0 0.542096 0.442939 0.414435 0.541730
0 0.541651 0.441529 0.404291 0.539891
0 0.541268 0.440531 0.394762 0.546882
0 0.543656 0.444876 0.402478 0.539722
0 0.545699 0.467105 0.408871 0.534016
0 0.546479 0.456360 0.391953 0.540115
0 0.547071 0.456039 0.374802 0.531262