0 0.434546 0.212928 0.206777 0.303707
0 0.433123 0.224195 0.202398 0.297820
0 0.434508 0.224238 0.204473 0.295798
0 0.436479 0.222300 0.209001 0.305919
0 0.432553 0.228006 0.202464 0.302758
0 0.434650 0.229942 0.203574 0.301782
0 0.434774 0.229445 0.206153 0.303891
0 0.435126 0.229487 0.206441 0.300562
0 0.438547 0.224523 0.212439 0.310877
0 0.432802 0.230729 0.202503 0.301223
0 0.433026 0.231913 0.204006 0.306855
0 0.434544 0.230942 0.206734 0.312048
0 0.434632 0.229503 0.204390 0.307505
0 0.434394 0.229291 0.206963 0.302123
0 0.433099 0.232973 0.200755 0.300210
0 0.432949 0.231311 0.200362 0.311411
0 0.433945 0.231307 0.202663 0.311138
0 0.433462 0.229424 0.203784 0.314095
0 0.432505 0.230686 0.207105 0.306893
0 0.432967 0.231267 0.200962 0.301430
0 0.433561 0.232307 0.200241 0.306800
0 0.433702 0.232127 0.201480 0.313001
0 0.433732 0.230959 0.202923 0.309581
0 0.433672 0.230831 0.203157 0.307190
0 0.431408 0.231153 0.200125 0.303900
0 0.433884 0.232123 0.196013 0.303734
0 0.434115 0.233725 0.198316 0.303978
0 0.433101 0.233799 0.199523 0.306445
0 0.433213 0.233426 0.196614 0.302607
0 0.431813 0.231765 0.199090 0.304144
0 0.432849 0.233212 0.195360 0.303651
0 0.433432 0.233468 0.197564 0.302758
0 0.432612 0.234382 0.197307 0.308840
0 0.434997 0.235726 0.191618 0.298977
0 0.429034 0.236625 0.196660 0.299804
0 0.430048 0.235195 0.196477 0.304548
0 0.432036 0.236046 0.193492 0.297652
0 0.433351 0.238855 0.191384 0.301874
0 0.430556 0.240487 0.192894 0.298920
0 0.433192 0.238373 0.190071 0.300183
0 0.436549 0.224105 0.215037 0.307770
0 0.436892 0.222153 0.215292 0.322887
0 0.433437 0.223482 0.212786 0.318965
0 0.434377 0.222902 0.208957 0.324076
0 0.425594 0.230209 0.207099 0.313438
0 0.435202 0.228361 0.209502 0.309945
0 0.437841 0.227224 0.209005 0.311366
0 0.433640 0.228087 0.210382 0.317792
0 0.435290 0.225494 0.210562 0.316272
0 0.437494 0.233755 0.205555 0.314591
0 0.432349 0.230792 0.207256 0.311915
0 0.433899 0.231510 0.212585 0.324093
0 0.437163 0.229658 0.207976 0.310257