0 0.491702 0.318191 0.253916 0.310158
0 0.492007 0.320085 0.254407 0.311650
0 0.489690 0.320771 0.251784 0.309460
0 0.491610 0.323750 0.252724 0.315730
0 0.493344 0.328180 0.258247 0.318559
0 0.493571 0.329092 0.257876 0.321195
0 0.493103 0.329519 0.256983 0.321485
0 0.492889 0.329343 0.258224 0.319553
0 0.491249 0.328536 0.253056 0.319208
0 0.493035 0.331728 0.259627 0.324780
0 0.494231 0.331182 0.257334 0.328777
0 0.493431 0.331911 0.256368 0.327987
0 0.494330 0.331595 0.260601 0.323683
0 0.496949 0.332061 0.259785 0.314354
0 0.492394 0.329381 0.252271 0.314708
0 0.494434 0.330662 0.258816 0.320754
0 0.494616 0.331039 0.256511 0.317208
0 0.493445 0.331424 0.254513 0.315930
0 0.493716 0.331399 0.260537 0.322174
0 0.496634 0.331645 0.260704 0.309622
0 0.493110 0.330029 0.257613 0.309757
0 0.494808 0.331122 0.260016 0.315000
0 0.494545 0.332039 0.252998 0.313385
0 0.492450 0.330967 0.256062 0.317675
0 0.492795 0.330564 0.258974 0.319826
0 0.496449 0.331807 0.258641 0.309912
0 0.493758 0.330120 0.256652 0.314591
0 0.495315 0.331543 0.256533 0.315600
0 0.494440 0.331388 0.254077 0.312765
0 0.492919 0.331193 0.259564 0.315534
0 0.493545 0.330535 0.257702 0.316051
0 0.495951 0.332909 0.252134 0.309092
0 0.494058 0.331948 0.256618 0.307602
0 0.495518 0.330961 0.258187 0.310711
0 0.494139 0.331037 0.253773 0.312660
0 0.493348 0.331095 0.254742 0.315867
0 0.493703 0.331826 0.255426 0.318596
0 0.495372 0.335002 0.260132 0.314091
0 0.494997 0.333814 0.252183 0.307684
0 0.494753 0.331470 0.253625 0.314557
0 0.496468 0.334021 0.256560 0.318839
0 0.496652 0.336687 0.247436 0.313899
0 0.496818 0.337033 0.248439 0.318130
0 0.492431 0.327279 0.262580 0.327496
0 0.493681 0.328964 0.259768 0.321242
0 0.494407 0.328591 0.260663 0.327404
0 0.493473 0.332053 0.256729 0.317627
0 0.494163 0.330898 0.253508 0.317222
0 0.493083 0.332132 0.257117 0.320432
0 0.495872 0.333110 0.254829 0.316869
0 0.497169 0.328084 0.260308 0.316968
0 0.494655 0.331742 0.253628 0.318242
0 0.496518 0.332774 0.250058 0.318397
0 0.492498 0.330676 0.253933 0.322123
0 0.493312 0.331993 0.254790 0.321590
0 0.492854 0.329213 0.259523 0.330331
0 0.498273 0.330936 0.261404 0.308474
0 0.494020 0.330380 0.253830 0.318187
0 0.497237 0.333731 0.246939 0.313062
0 0.493209 0.330628 0.252283 0.321823
0 0.492637 0.332311 0.249049 0.321053
0 0.491669 0.333998 0.254065 0.319476
0 0.496618 0.334559 0.250767 0.324291
0 0.496765 0.335512 0.250874 0.323510
0 0.494839 0.334461 0.253695 0.321761