0 0.496458 0.620672 0.408021 0.568042
0 0.498105 0.617648 0.412023 0.560122
0 0.502009 0.616376 0.421936 0.569297
0 0.499574 0.619988 0.430016 0.566611
0 0.496843 0.618179 0.429926 0.553507
0 0.502241 0.613312 0.421371 0.551857
0 0.498449 0.617055 0.426829 0.560456
0 0.502654 0.621590 0.425580 0.562145
0 0.505691 0.623940 0.434405 0.566438
0 0.503594 0.622820 0.433113 0.564875
0 0.501548 0.627757 0.427783 0.568170
0 0.498133 0.625918 0.431160 0.574312
0 0.499572 0.625411 0.428822 0.563857
0 0.502125 0.629697 0.428902 0.568777
0 0.502365 0.622420 0.428390 0.563152
0 0.506592 0.623359 0.427733 0.567423
0 0.509743 0.619210 0.421009 0.564036
0 0.510092 0.622413 0.422474 0.573480
0 0.506774 0.622902 0.422730 0.582390
0 0.499322 0.630663 0.430669 0.578809
0 0.499066 0.632135 0.433973 0.576430
0 0.501588 0.634368 0.429675 0.581483
0 0.503161 0.626588 0.438506 0.582866
0 0.499689 0.631736 0.434979 0.584664
0 0.500965 0.629804 0.438984 0.587887
0 0.496293 0.633088 0.434535 0.588962
0 0.501796 0.630394 0.435322 0.583687
0 0.505552 0.636100 0.436051 0.586977
0 0.501788 0.626968 0.433867 0.579167
0 0.506252 0.630552 0.428510 0.578859
0 0.502355 0.625002 0.426184 0.571041
0 0.504360 0.627472 0.426150 0.580873
0 0.503512 0.628059 0.430073 0.584184
0 0.502992 0.629716 0.429590 0.580418
0 0.499772 0.634245 0.437487 0.574970
0 0.505241 0.638716 0.437768 0.589767
0 0.502844 0.629214 0.443172 0.581019
0 0.505637 0.636350 0.435914 0.583999
0 0.498877 0.628117 0.435814 0.570833
0 0.499879 0.638767 0.436193 0.579372
0 0.499457 0.632763 0.435858 0.573389
0 0.503563 0.639857 0.431878 0.574351
0 0.500697 0.628416 0.433101 0.579661
0 0.504514 0.632746 0.428021 0.581285
0 0.501057 0.626142 0.420193 0.574707
0 0.504516 0.628611 0.415681 0.579988
0 0.498825 0.630557 0.426213 0.585528
0 0.508955 0.620790 0.436615 0.588478
0 0.498621 0.628282 0.432145 0.578684
0 0.503894 0.628240 0.437637 0.595950
0 0.504484 0.627023 0.436133 0.575095
0 0.506926 0.629705 0.441956 0.588685
0 0.502127 0.627061 0.433590 0.587804
0 0.505034 0.635483 0.433842 0.589177
0 0.499771 0.631441 0.430714 0.581650
0 0.502639 0.637574 0.427251 0.580385
0 0.501625 0.630546 0.434689 0.587023
0 0.503063 0.632415 0.425474 0.584400
0 0.502557 0.629204 0.420583 0.593601
0 0.503820 0.629110 0.413134 0.596497
0 0.497911 0.634008 0.428217 0.605538
0 0.510640 0.624364 0.435401 0.568277
0 0.499298 0.631253 0.434702 0.559760
0 0.512759 0.630765 0.439711 0.571846
0 0.506754 0.629085 0.436945 0.568408
0 0.510579 0.633461 0.445444 0.580288
0 0.503086 0.629993 0.432601 0.577167
0 0.503577 0.632398 0.438189 0.583328
0 0.500982 0.628881 0.432204 0.581648
0 0.500815 0.634094 0.430192 0.579323
0 0.501875 0.627782 0.433706 0.583512
0 0.503114 0.628471 0.428236 0.586186
0 0.502989 0.628014 0.426775 0.583840
0 0.503303 0.627146 0.414451 0.585884
0 0.490625 0.629577 0.438464 0.594783
0 0.514880 0.627714 0.445274 0.567810
0 0.506172 0.627317 0.440215 0.583045
0 0.506449 0.632617 0.449404 0.590097
0 0.508352 0.625338 0.449074 0.581646
0 0.504112 0.632961 0.454160 0.582598
0 0.505438 0.624050 0.446699 0.578784
0 0.506440 0.631520 0.457551 0.580702
0 0.503976 0.624828 0.433936 0.574866
0 0.502694 0.629101 0.434447 0.584760
0 0.498097 0.634837 0.461537 0.604801
0 0.512329 0.643677 0.454834 0.538218
0 0.497611 0.641978 0.445625 0.542578