0 0.510608 0.336712 0.334756 0.429699
0 0.509549 0.337584 0.335076 0.423127
0 0.508419 0.333632 0.349795 0.416722
0 0.513219 0.341427 0.350785 0.417821
0 0.509793 0.343424 0.346812 0.415466
0 0.513266 0.339717 0.348509 0.418254
0 0.504969 0.334200 0.347389 0.421367
0 0.514104 0.338388 0.353382 0.422639
0 0.512370 0.339610 0.346265 0.421433
0 0.509962 0.340005 0.342094 0.421506
0 0.508924 0.338066 0.344822 0.416835
0 0.510120 0.337863 0.344296 0.421831
0 0.508603 0.334853 0.347396 0.418300
0 0.512313 0.339066 0.353926 0.423167
0 0.510231 0.339948 0.345881 0.419464
0 0.510597 0.341061 0.348981 0.421502
0 0.508417 0.340985 0.339784 0.420175
0 0.508786 0.338189 0.345540 0.426103
0 0.515401 0.335478 0.340563 0.418119
0 0.508676 0.338903 0.339891 0.420830
0 0.512931 0.337586 0.355208 0.424181
0 0.511898 0.342805 0.348609 0.427601
0 0.508831 0.341266 0.345875 0.426194
0 0.510866 0.342464 0.348799 0.422617
0 0.509607 0.337482 0.344065 0.428232
0 0.511780 0.343696 0.346868 0.421396
0 0.513262 0.341037 0.340928 0.418382
0 0.510682 0.343414 0.339876 0.424398
0 0.509086 0.343872 0.344707 0.425609
0 0.511789 0.338237 0.345390 0.434751
0 0.513231 0.346963 0.346492 0.415875
0 0.517088 0.342533 0.339691 0.418025
0 0.511292 0.341210 0.344235 0.431594
0 0.511754 0.341508 0.345445 0.439027