0 0.512678 0.353488 0.285799 0.369248
0 0.513293 0.354042 0.289524 0.366597
0 0.515254 0.351260 0.291553 0.384473
0 0.513390 0.353263 0.292166 0.393663
0 0.513739 0.353926 0.296363 0.395909
0 0.512440 0.350507 0.294746 0.384505
0 0.513353 0.351823 0.292406 0.383082
0 0.511375 0.352998 0.291957 0.380931
0 0.512608 0.353258 0.297569 0.387569
0 0.512875 0.354362 0.296635 0.397685
0 0.511198 0.344604 0.290793 0.380932
0 0.514028 0.350625 0.296188 0.388892
0 0.512125 0.352256 0.289619 0.382053
0 0.510805 0.352219 0.291322 0.381876
0 0.509791 0.352918 0.296126 0.388495
0 0.512069 0.356511 0.296167 0.387055
0 0.510180 0.350104 0.289236 0.370336
0 0.514883 0.346917 0.294814 0.382283
0 0.513888 0.352995 0.291719 0.384121
0 0.509796 0.351881 0.296967 0.382672
0 0.514393 0.352669 0.298259 0.388083
0 0.512521 0.352377 0.296892 0.383067
0 0.515288 0.350730 0.285646 0.375660
0 0.510948 0.351185 0.293556 0.384084
0 0.511622 0.350951 0.296183 0.389856
0 0.514686 0.352468 0.295112 0.391315
0 0.516931 0.352722 0.297776 0.393645
0 0.516608 0.346223 0.288020 0.386767
0 0.517932 0.352960 0.294850 0.391780
0 0.518404 0.357295 0.299393 0.384011