0 0.478946 0.484892 0.375002 0.477131
0 0.475680 0.492427 0.379375 0.479755
0 0.478090 0.486169 0.384135 0.472943
0 0.475450 0.487207 0.378739 0.488867
0 0.475310 0.493619 0.384074 0.484450
0 0.473600 0.494598 0.394415 0.488624
0 0.474700 0.489848 0.394840 0.477895
0 0.477761 0.484268 0.387478 0.487226
0 0.474973 0.496566 0.386164 0.512823
0 0.477510 0.499867 0.393221 0.505742
0 0.472690 0.501559 0.391619 0.508973
0 0.477593 0.500919 0.392697 0.506540
0 0.476438 0.498942 0.400311 0.500700
0 0.482835 0.489841 0.389155 0.496763
0 0.473521 0.498968 0.384315 0.483657
0 0.475740 0.500157 0.383819 0.500705
0 0.474978 0.499686 0.390357 0.498751
0 0.472929 0.500491 0.391691 0.501600
0 0.472504 0.499393 0.390768 0.502205
0 0.472451 0.495809 0.392946 0.503991
0 0.477710 0.493018 0.377383 0.490364
0 0.473532 0.499609 0.385038 0.489383
0 0.474403 0.494536 0.382203 0.501330
0 0.475971 0.498580 0.386864 0.503803
0 0.469660 0.498615 0.387495 0.501754
0 0.469839 0.497137 0.388554 0.503116
0 0.472591 0.493929 0.393416 0.506057
0 0.478433 0.493400 0.374972 0.497780
0 0.473201 0.493095 0.384500 0.512347
0 0.479389 0.496632 0.391075 0.499687
0 0.473987 0.494921 0.388220 0.502509
0 0.471583 0.497987 0.399431 0.508422
0 0.472728 0.493561 0.392605 0.512646
0 0.474131 0.497874 0.385553 0.506463
0 0.480099 0.493533 0.388085 0.500376
0 0.472620 0.496190 0.385979 0.505377
0 0.473344 0.493174 0.397583 0.506220
0 0.479635 0.497889 0.395980 0.518027
0 0.482469 0.498772 0.384103 0.506945
0 0.478686 0.492823 0.385428 0.520342
0 0.476700 0.500416 0.394106 0.530300