0 0.508058 0.311494 0.244830 0.342843
0 0.511102 0.314567 0.241379 0.346508
0 0.513694 0.312254 0.244092 0.346914
0 0.509067 0.310766 0.247156 0.340657
0 0.511332 0.315432 0.248506 0.332992
0 0.511650 0.315969 0.251338 0.338827
0 0.512086 0.316684 0.250198 0.339636
0 0.516455 0.314152 0.249219 0.343141
0 0.511694 0.312023 0.242976 0.325780
0 0.511958 0.314188 0.244040 0.328216
0 0.511542 0.313703 0.251588 0.335068
0 0.511827 0.314376 0.249290 0.334871
0 0.512755 0.315677 0.247082 0.333973
0 0.512320 0.313051 0.246906 0.325171
0 0.510986 0.313360 0.247295 0.334853
0 0.512486 0.312514 0.247359 0.336471
0 0.512164 0.313621 0.246738 0.332696
0 0.512310 0.314597 0.249105 0.334870
0 0.511368 0.312960 0.242162 0.324415
0 0.511913 0.313656 0.246262 0.334996
0 0.512511 0.311258 0.247631 0.337558
0 0.511690 0.310840 0.250486 0.337572
0 0.512350 0.312802 0.248412 0.335960
0 0.511026 0.313065 0.245231 0.323409
0 0.512800 0.311907 0.246158 0.330047
0 0.511633 0.312110 0.246818 0.335404
0 0.511877 0.311909 0.247434 0.335742
0 0.512813 0.313224 0.245562 0.329030
0 0.509657 0.312494 0.241827 0.325798
0 0.511279 0.312343 0.246546 0.336007
0 0.512069 0.310443 0.248737 0.333838
0 0.511999 0.310711 0.246657 0.333884
0 0.513326 0.313295 0.245054 0.330558
0 0.509133 0.313275 0.241977 0.324883
0 0.510555 0.310649 0.243377 0.328981
0 0.510616 0.311029 0.243845 0.331298
0 0.511273 0.311376 0.243756 0.335788
0 0.514413 0.315602 0.245111 0.331506
0 0.510048 0.314169 0.244704 0.332774
0 0.511067 0.314485 0.240376 0.334401
0 0.512370 0.316649 0.245217 0.335090
0 0.511792 0.313912 0.244812 0.342945
0 0.519582 0.319174 0.253442 0.336709
0 0.518761 0.317576 0.253704 0.339580
0 0.516323 0.315854 0.251718 0.341642
0 0.512799 0.319913 0.246080 0.333955
0 0.517992 0.316485 0.247663 0.329679
0 0.513141 0.319572 0.248916 0.331553
0 0.512373 0.318235 0.247100 0.335687
0 0.516902 0.314904 0.250896 0.340585
0 0.515390 0.312635 0.249453 0.334868
0 0.513592 0.314963 0.250236 0.334579
0 0.516030 0.317268 0.246421 0.329713
0 0.516756 0.316110 0.249200 0.335348
0 0.516198 0.317765 0.253778 0.340189
0 0.510956 0.313691 0.244086 0.328984
0 0.512941 0.313049 0.246329 0.333760
0 0.515013 0.316586 0.241823 0.327939
0 0.515496 0.315179 0.249295 0.340137
0 0.514602 0.317336 0.250169 0.348300
0 0.515785 0.318664 0.250824 0.325611
0 0.515878 0.318281 0.250170 0.328448