0 0.010597 0.384654 0.016477 0.020597
0 0.093927 0.384799 0.017679 0.021205
0 0.132978 0.377238 0.015205 0.019401
0 0.224040 0.380489 0.013644 0.018564
0 0.225089 0.379853 0.013322 0.018527
0 0.093795 0.385956 0.018908 0.022048
0 0.733559 0.395249 0.009997 0.013906
0 0.831087 0.390120 0.016300 0.020443
0 0.500033 0.145561 0.084793 0.113514
0 0.500516 0.145646 0.086227 0.113396
0 0.498848 0.146125 0.086509 0.115654
0 0.499990 0.146065 0.085109 0.114931
0 0.501045 0.146570 0.086009 0.115953
0 0.501702 0.144699 0.086051 0.114324
0 0.499213 0.146152 0.084383 0.115435
0 0.500478 0.146341 0.085772 0.115105
0 0.499188 0.149329 0.084762 0.114894
0 0.500405 0.148681 0.084970 0.114074