0 0.524134 0.256408 0.189446 0.265745
0 0.526070 0.255712 0.189985 0.266759
0 0.525479 0.257580 0.187733 0.262583
0 0.526189 0.260256 0.190256 0.258245
0 0.525698 0.260265 0.191745 0.258553
0 0.525737 0.258348 0.192058 0.267050
0 0.525290 0.254521 0.188647 0.262207
0 0.526097 0.258900 0.188041 0.260135
0 0.525903 0.259304 0.190675 0.261969
0 0.527262 0.258801 0.191610 0.261761
0 0.526382 0.259967 0.191879 0.265342
0 0.526767 0.259857 0.189275 0.263552
0 0.526009 0.256881 0.187003 0.255812
0 0.526366 0.258240 0.189652 0.258257
0 0.526001 0.259306 0.188912 0.260578
0 0.526301 0.259192 0.191629 0.261549
0 0.526760 0.259838 0.192403 0.263055
0 0.525527 0.260206 0.189397 0.260188
0 0.526011 0.258203 0.186199 0.255943
0 0.526104 0.259223 0.187813 0.257536
0 0.527141 0.260759 0.188155 0.256721
0 0.527536 0.259645 0.188098 0.259330
0 0.527480 0.259995 0.190957 0.259911
0 0.527332 0.258993 0.188067 0.260353
0 0.526623 0.258689 0.186989 0.253994
0 0.525977 0.259476 0.186892 0.256030
0 0.527426 0.259453 0.187567 0.254488
0 0.527699 0.259318 0.190490 0.255602
0 0.527205 0.258763 0.189228 0.258755
0 0.528151 0.258027 0.187687 0.260347
0 0.526995 0.260108 0.184794 0.253710
0 0.527772 0.261058 0.187683 0.252830
0 0.527668 0.258874 0.188334 0.254633
0 0.526928 0.258569 0.189835 0.260877
0 0.530296 0.261220 0.184837 0.259251
0 0.525234 0.262915 0.185743 0.255494
0 0.527315 0.260920 0.186858 0.252056
0 0.527411 0.259504 0.186486 0.255341
0 0.529084 0.262434 0.186388 0.252436
0 0.529696 0.262692 0.185934 0.259553