0 0.559381 0.436670 0.317812 0.435996
0 0.557845 0.437866 0.315578 0.433994
0 0.560046 0.434662 0.319575 0.437850
0 0.559720 0.440949 0.315524 0.426366
0 0.564623 0.442145 0.312064 0.428998
0 0.562675 0.438390 0.315543 0.432253
0 0.565048 0.429036 0.318026 0.439568
0 0.555916 0.436859 0.319057 0.448754
0 0.563359 0.438246 0.312780 0.430502
0 0.562633 0.437625 0.317368 0.431612
0 0.567859 0.438497 0.308453 0.428818
0 0.565197 0.438979 0.309720 0.431217
0 0.564963 0.435660 0.309387 0.424161
0 0.560144 0.437937 0.311595 0.432204
0 0.563814 0.437410 0.315376 0.437954
0 0.559132 0.438033 0.319150 0.438303
0 0.566241 0.438071 0.314640 0.432134
0 0.562253 0.441369 0.313178 0.428249
0 0.562689 0.438440 0.303157 0.429591
0 0.568537 0.434454 0.300486 0.435980
0 0.561967 0.439982 0.309627 0.424286
0 0.563205 0.437666 0.311750 0.423244
0 0.560278 0.435707 0.321728 0.438782
0 0.563295 0.439391 0.312491 0.434987
0 0.565230 0.437502 0.314890 0.436867
0 0.567323 0.433010 0.308215 0.436084
0 0.562029 0.437893 0.306485 0.423035
0 0.560708 0.433570 0.310410 0.428130
0 0.566762 0.435048 0.308514 0.416705
0 0.562394 0.437045 0.312942 0.424996
0 0.567198 0.438844 0.306481 0.434712
0 0.555745 0.450507 0.321441 0.417845
0 0.566644 0.441240 0.313680 0.426238
0 0.563077 0.442114 0.314527 0.421959
0 0.565725 0.442037 0.310066 0.427064