0 0.413482 0.432963 0.328368 0.442725
0 0.414210 0.435733 0.326681 0.438724
0 0.412919 0.439047 0.338649 0.448745
0 0.410603 0.445790 0.336711 0.445778
0 0.413084 0.446025 0.333077 0.440833
0 0.415860 0.445999 0.335262 0.436629
0 0.409395 0.434328 0.334076 0.438277
0 0.415817 0.438831 0.336531 0.436919
0 0.414503 0.439548 0.338017 0.433104
0 0.414435 0.441400 0.338675 0.428138
0 0.415404 0.441316 0.330224 0.425948
0 0.415449 0.440325 0.321598 0.428424
0 0.414930 0.444295 0.346105 0.436767
0 0.410579 0.447451 0.336267 0.450134
0 0.415971 0.442937 0.338248 0.437609
0 0.412678 0.443855 0.341472 0.438250
0 0.408577 0.441627 0.328995 0.434312
0 0.413436 0.441583 0.326143 0.435470
0 0.419781 0.444125 0.335363 0.438741
0 0.413752 0.447895 0.353341 0.439356
0 0.413337 0.444887 0.336652 0.445846
0 0.411937 0.446356 0.346295 0.436898
0 0.408747 0.443502 0.339863 0.431031
0 0.413144 0.444268 0.331624 0.429672
0 0.412961 0.444144 0.330123 0.440551
0 0.421136 0.453215 0.329353 0.430530
0 0.409302 0.445923 0.343425 0.439005
0 0.410901 0.445023 0.341152 0.436174
0 0.411872 0.447718 0.337374 0.439586
0 0.412281 0.449174 0.334353 0.423311
0 0.416723 0.447269 0.329807 0.442443
0 0.409710 0.452553 0.340746 0.446284
0 0.410503 0.447866 0.332385 0.445337
0 0.412352 0.448406 0.330481 0.438342
0 0.410646 0.450400 0.327692 0.431449
0 0.410616 0.447709 0.332197 0.470562