0 0.485958 0.177113 0.142541 0.211695
0 0.486005 0.178741 0.142189 0.211498
0 0.486185 0.178034 0.141656 0.210273
0 0.487642 0.178365 0.141587 0.207910
0 0.486160 0.179593 0.138325 0.202208
0 0.486336 0.179734 0.138946 0.204129
0 0.486041 0.180065 0.139254 0.203288
0 0.486729 0.178483 0.141948 0.205861
0 0.487769 0.180544 0.143574 0.206787
0 0.486987 0.181647 0.141503 0.204931
0 0.485720 0.180174 0.142395 0.206880
0 0.485511 0.180905 0.144328 0.204032
0 0.486294 0.180105 0.140984 0.204347
0 0.484751 0.182329 0.146418 0.209100
0 0.486865 0.182064 0.139573 0.203891
0 0.486782 0.180507 0.143232 0.208438
0 0.486571 0.179808 0.143993 0.207450
0 0.485587 0.180617 0.145284 0.208064
0 0.486152 0.180181 0.141180 0.207184
0 0.489269 0.182397 0.145622 0.210171
0 0.487304 0.181486 0.140429 0.211936
0 0.486159 0.181429 0.144022 0.211790
0 0.486295 0.179881 0.142095 0.211753
0 0.485059 0.180602 0.144509 0.208929
0 0.486389 0.181633 0.140902 0.209586
0 0.485912 0.184571 0.140278 0.212334
0 0.486481 0.181404 0.142468 0.212384
0 0.486451 0.180320 0.142757 0.214221
0 0.485733 0.179832 0.143726 0.211984