0 0.444995 0.394057 0.358864 0.542164
0 0.447387 0.406238 0.362716 0.544201
0 0.449058 0.405625 0.364312 0.533259
0 0.447047 0.401571 0.363833 0.537870
0 0.445577 0.403091 0.365073 0.524418
0 0.443581 0.400896 0.367717 0.517090
0 0.449942 0.395951 0.368939 0.517648
0 0.447572 0.398733 0.365557 0.519292
0 0.449028 0.400746 0.362179 0.514623
0 0.446743 0.401631 0.363446 0.514586
0 0.447343 0.397220 0.364749 0.506124
0 0.448472 0.399367 0.361174 0.506992
0 0.452984 0.397609 0.359578 0.509869
0 0.447019 0.406363 0.362025 0.525363
0 0.450182 0.399844 0.361446 0.526873
0 0.448437 0.396314 0.360992 0.516002
0 0.449280 0.398450 0.364056 0.504817
0 0.448206 0.397691 0.356737 0.504503
0 0.449064 0.397475 0.356074 0.503578
0 0.446507 0.398011 0.357620 0.518751
0 0.448509 0.396679 0.359664 0.516683
0 0.445941 0.399892 0.355376 0.512547
0 0.444203 0.402603 0.362705 0.505021
0 0.447272 0.394985 0.361085 0.507185
0 0.448894 0.393682 0.351905 0.511733
0 0.442679 0.398507 0.358248 0.533784
0 0.446436 0.397354 0.365210 0.523816
0 0.449582 0.399428 0.358900 0.519148
0 0.447386 0.399407 0.363129 0.511447
0 0.450087 0.395793 0.359453 0.514270
0 0.451948 0.393662 0.359077 0.516845
0 0.449260 0.397010 0.354860 0.515974
0 0.444231 0.397237 0.360838 0.511063
0 0.444691 0.397361 0.359582 0.510980
0 0.446595 0.397346 0.358625 0.519866
0 0.444713 0.396174 0.363121 0.521689
0 0.444955 0.396585 0.357143 0.531708