0 0.503367 0.240161 0.141972 0.188227
0 0.505414 0.241544 0.141271 0.185915
0 0.504381 0.241849 0.140899 0.185639
0 0.504147 0.241562 0.138689 0.188045
0 0.503929 0.243297 0.140874 0.182494
0 0.505492 0.242571 0.137742 0.180438
0 0.505119 0.244726 0.139599 0.183471
0 0.505348 0.243292 0.134462 0.179104
0 0.503287 0.244103 0.141390 0.185697
0 0.502973 0.243093 0.139267 0.183941
0 0.505112 0.239756 0.139740 0.188812
0 0.502875 0.242072 0.141795 0.189226
0 0.505090 0.243581 0.140116 0.185350
0 0.505562 0.244237 0.137651 0.178670
0 0.503852 0.244311 0.139511 0.184798
0 0.505712 0.243513 0.138852 0.181763
0 0.505239 0.243409 0.142541 0.186749
0 0.503930 0.242719 0.140795 0.185723
0 0.504312 0.241939 0.138766 0.188560
0 0.501215 0.242756 0.141298 0.188883
0 0.505717 0.243305 0.138900 0.185550
0 0.504959 0.243975 0.137275 0.182418
0 0.503588 0.244022 0.136898 0.185756
0 0.506050 0.242740 0.138177 0.182901
0 0.505244 0.243457 0.139026 0.184516
0 0.504766 0.242014 0.139693 0.182910
0 0.504833 0.242814 0.139290 0.183891
0 0.505801 0.242394 0.137829 0.186755
0 0.504715 0.245238 0.136609 0.182502
0 0.504452 0.243180 0.138791 0.187820
0 0.506050 0.243602 0.137081 0.181754
0 0.504890 0.243810 0.139100 0.185514
0 0.504158 0.243638 0.140178 0.183068
0 0.505080 0.244867 0.144004 0.185423
0 0.505499 0.245625 0.144802 0.185654