0 0.735519 0.237087 0.021944 0.028693
0 0.741264 0.238124 0.023899 0.029206
0 0.736486 0.237816 0.024291 0.028300
0 0.740800 0.239043 0.024895 0.028304
0 0.875508 0.245924 0.029515 0.037143
0 0.875983 0.245198 0.029404 0.037200
0 0.876082 0.245708 0.030333 0.037283
0 0.876074 0.245623 0.029801 0.038285
0 0.876220 0.245889 0.030345 0.037342
0 0.876568 0.246581 0.029914 0.037558
0 0.875568 0.246420 0.030376 0.037978
0 0.711140 0.327913 0.058065 0.075620
0 0.711748 0.328110 0.059181 0.076056
0 0.712188 0.331674 0.059458 0.076108
0 0.711899 0.331064 0.058645 0.075698
0 0.711070 0.331260 0.059229 0.071863
0 0.711883 0.331050 0.059335 0.076505
0 0.712209 0.331785 0.058889 0.076169
0 0.711590 0.331548 0.060359 0.077009
0 0.712273 0.331089 0.059172 0.077892
0 0.711923 0.334398 0.059624 0.079565
0 0.712933 0.334204 0.059810 0.080279
0 0.473079 0.208911 0.155916 0.199610
0 0.471830 0.208758 0.155419 0.197757
0 0.474862 0.210127 0.156924 0.200522
0 0.474275 0.210562 0.154789 0.196926
0 0.473265 0.209538 0.154836 0.194922
0 0.473175 0.210423 0.155103 0.196517
0 0.476290 0.208883 0.157315 0.205275
0 0.475024 0.209719 0.156407 0.201401
0 0.475292 0.211446 0.153334 0.198280
0 0.473694 0.210981 0.156291 0.195736
0 0.473914 0.212022 0.154500 0.197556
0 0.474218 0.210993 0.153454 0.198820
0 0.475998 0.208937 0.155864 0.199387
0 0.475005 0.210350 0.155762 0.198252
0 0.473619 0.211249 0.155374 0.198062
0 0.474925 0.210828 0.156528 0.196715
0 0.474637 0.211029 0.154626 0.198582
0 0.473869 0.211517 0.152786 0.197492
0 0.474314 0.209256 0.154150 0.199444
0 0.474117 0.209984 0.155689 0.198330
0 0.473684 0.210397 0.153692 0.198197
0 0.474127 0.210609 0.153873 0.196103
0 0.473757 0.210515 0.154298 0.196542
0 0.473894 0.212239 0.152843 0.198012
0 0.474588 0.210494 0.153420 0.196792
0 0.474095 0.210793 0.152985 0.193636
0 0.475228 0.210778 0.155027 0.196346
0 0.473520 0.210766 0.154442 0.196006
0 0.473977 0.214210 0.157256 0.196136
0 0.474280 0.213346 0.155859 0.197313
0 0.711306 0.330802 0.058969 0.075366
0 0.711612 0.329991 0.057973 0.077180
0 0.711419 0.330039 0.058569 0.076178
0 0.710646 0.330392 0.058629 0.077595