0 0.534079 0.370821 0.327418 0.453684
0 0.531949 0.377921 0.325676 0.453609
0 0.534745 0.379026 0.328635 0.454228
0 0.533288 0.367658 0.332587 0.455577
0 0.535113 0.377242 0.330055 0.455015
0 0.532953 0.378179 0.331211 0.458625
0 0.530993 0.378167 0.334579 0.457719
0 0.532093 0.373909 0.328114 0.461447
0 0.537986 0.370495 0.337429 0.451233
0 0.535452 0.376583 0.327975 0.448908
0 0.535658 0.375961 0.334332 0.451849
0 0.531758 0.375217 0.327047 0.441823
0 0.531124 0.376014 0.329107 0.444451
0 0.538373 0.370485 0.332603 0.455267
0 0.527465 0.368885 0.326722 0.441758
0 0.537686 0.367188 0.331684 0.450137
0 0.536083 0.375827 0.325365 0.448924
0 0.534012 0.373111 0.328654 0.449216
0 0.527977 0.376702 0.328994 0.444933
0 0.529638 0.373699 0.326646 0.445042
0 0.537336 0.371094 0.329699 0.451801
0 0.535191 0.366551 0.339672 0.456731
0 0.536440 0.372031 0.335655 0.451147
0 0.530575 0.374889 0.329998 0.437413
0 0.533128 0.376657 0.332637 0.431943
0 0.530412 0.374304 0.333124 0.443157
0 0.539815 0.372138 0.331983 0.451526
0 0.530496 0.370217 0.336197 0.447151
0 0.532372 0.369666 0.332366 0.450802
0 0.531118 0.372777 0.329597 0.442719
0 0.532388 0.374441 0.327557 0.441880
0 0.534472 0.371210 0.330486 0.454492
0 0.531074 0.372530 0.333101 0.436771
0 0.530908 0.371151 0.333432 0.446486
0 0.536425 0.372322 0.330880 0.445660