0 0.517055 0.439484 0.407084 0.523833
0 0.520851 0.436435 0.408721 0.504043
0 0.523111 0.433616 0.410760 0.506579
0 0.513720 0.432413 0.403477 0.529185
0 0.515931 0.433988 0.423384 0.518318
0 0.517325 0.430860 0.426837 0.504853
0 0.521546 0.424909 0.427369 0.492019
0 0.528205 0.421093 0.420780 0.483592
0 0.509151 0.440536 0.400380 0.530302
0 0.515673 0.436354 0.408777 0.527185
0 0.519435 0.436759 0.439013 0.524053
0 0.517326 0.434524 0.448563 0.521908
0 0.518753 0.425235 0.443081 0.510446
0 0.526489 0.419861 0.436132 0.496416
0 0.534430 0.418116 0.421027 0.484376
0 0.509722 0.454327 0.408513 0.547682
0 0.508546 0.454065 0.408529 0.565071
0 0.514734 0.442569 0.423760 0.559948
0 0.512205 0.434738 0.418643 0.563793
0 0.524665 0.439412 0.445769 0.560278
0 0.523796 0.433539 0.432616 0.550426
0 0.515429 0.439694 0.440727 0.550545
0 0.513583 0.435585 0.434109 0.553871
0 0.519981 0.433751 0.442392 0.542334
0 0.521169 0.425646 0.440619 0.550024
0 0.523457 0.427610 0.443331 0.532977
0 0.521826 0.418488 0.440188 0.541335
0 0.530609 0.430132 0.430463 0.504890
0 0.528726 0.427105 0.437772 0.525635
0 0.507905 0.457451 0.407343 0.545457
0 0.504883 0.455680 0.413531 0.575129
0 0.514192 0.446282 0.424455 0.556774
0 0.511998 0.443853 0.423639 0.564479
0 0.524896 0.438123 0.440708 0.556856
0 0.524090 0.443517 0.426380 0.543888
0 0.517629 0.434757 0.434623 0.536857
0 0.516717 0.436420 0.429642 0.529165
0 0.516142 0.430277 0.430081 0.540374
0 0.517227 0.427282 0.418778 0.529502
0 0.522299 0.434044 0.433365 0.537698
0 0.529772 0.423759 0.431399 0.540178
0 0.527054 0.443748 0.426063 0.510688
0 0.527731 0.437499 0.428919 0.540955
0 0.508262 0.458734 0.409620 0.549093
0 0.510267 0.449155 0.412115 0.570708
0 0.514865 0.452436 0.424374 0.560269
0 0.516418 0.452650 0.429145 0.571867
0 0.526739 0.442577 0.442289 0.565545
0 0.529813 0.449459 0.434569 0.562127
0 0.522096 0.441189 0.444393 0.558958
0 0.524905 0.450220 0.433216 0.549706
0 0.520063 0.442348 0.442156 0.559600
0 0.524249 0.445710 0.429885 0.549765
0 0.527695 0.444424 0.434676 0.554106
0 0.535775 0.438559 0.431699 0.559672
0 0.529364 0.446164 0.425036 0.553090
0 0.512951 0.453723 0.415386 0.577709
0 0.516401 0.459340 0.413835 0.568172
0 0.515989 0.458023 0.427646 0.592894
0 0.524029 0.455039 0.428245 0.563267
0 0.524469 0.457077 0.445421 0.583890
0 0.520833 0.452573 0.433997 0.574498
0 0.520619 0.455499 0.443510 0.578973
0 0.518129 0.458919 0.441932 0.584224
0 0.519845 0.457436 0.443624 0.583610
0 0.526041 0.464432 0.432243 0.572158
0 0.530307 0.459313 0.435900 0.576143
0 0.526820 0.462346 0.429549 0.559650
0 0.517527 0.477503 0.407312 0.551048
0 0.524796 0.473240 0.419768 0.556959
0 0.519313 0.473165 0.424430 0.556746
0 0.521820 0.478078 0.437917 0.546503
0 0.525501 0.492575 0.422935 0.546662
0 0.525731 0.482539 0.421873 0.552582