0 0.541546 0.311507 0.296723 0.429826
0 0.544830 0.317696 0.294590 0.423019
0 0.546519 0.315803 0.294309 0.420210
0 0.536860 0.308977 0.301211 0.424276
0 0.540698 0.314793 0.297537 0.411895
0 0.545412 0.314561 0.295253 0.409844
0 0.547010 0.315745 0.299151 0.410871
0 0.548184 0.314362 0.298472 0.414771
0 0.541049 0.318655 0.297156 0.416016
0 0.541771 0.317144 0.295322 0.414874
0 0.541813 0.314707 0.301596 0.418611
0 0.543722 0.316415 0.297841 0.410532
0 0.543624 0.314318 0.300627 0.416041
0 0.547624 0.314609 0.300590 0.416321
0 0.539766 0.317006 0.292076 0.414914
0 0.542113 0.318846 0.296387 0.418340
0 0.540528 0.316410 0.304204 0.419785
0 0.543461 0.319548 0.306656 0.414117
0 0.546999 0.318939 0.300166 0.416666
0 0.546853 0.319702 0.300062 0.425004
0 0.538637 0.322621 0.286603 0.424092
0 0.540592 0.322370 0.292998 0.419978
0 0.540832 0.321318 0.301981 0.432667
0 0.540456 0.319134 0.305382 0.431812
0 0.544014 0.319065 0.306306 0.439692
0 0.550920 0.324642 0.308947 0.438490
0 0.544031 0.324414 0.290103 0.432060
0 0.541436 0.321015 0.292713 0.429159
0 0.540080 0.322054 0.301526 0.432891
0 0.540571 0.324575 0.309911 0.448145
0 0.541793 0.324383 0.299338 0.446714
0 0.539449 0.326659 0.303989 0.461590