0 0.514628 0.192630 0.165904 0.223330
0 0.515116 0.191553 0.165079 0.229882
0 0.512451 0.188556 0.163720 0.222807
0 0.515237 0.194110 0.160952 0.215894
0 0.514648 0.195767 0.163228 0.217178
0 0.513944 0.196221 0.160716 0.219890
0 0.514806 0.194248 0.164383 0.226629
0 0.514329 0.193667 0.166323 0.218678
0 0.514476 0.195098 0.162854 0.219698
0 0.515605 0.195724 0.163524 0.223704
0 0.514323 0.194508 0.165075 0.223134
0 0.514705 0.196663 0.161724 0.222862
0 0.512830 0.193860 0.167898 0.223112
0 0.514963 0.194038 0.164877 0.221934
0 0.515271 0.196256 0.164257 0.222731
0 0.514913 0.196570 0.165442 0.226917
0 0.515268 0.195970 0.163686 0.225623
0 0.514010 0.197191 0.160625 0.224995
0 0.514652 0.196213 0.162973 0.222000
0 0.512568 0.197603 0.168706 0.220706
0 0.514549 0.196088 0.163709 0.218106
0 0.514974 0.196485 0.163695 0.220579
0 0.514250 0.195979 0.164016 0.221217
0 0.515207 0.196251 0.162558 0.221909
0 0.514741 0.196272 0.161643 0.224955
0 0.514746 0.199308 0.163341 0.221798
0 0.515228 0.197479 0.166062 0.222230
0 0.514577 0.196505 0.165824 0.221004
0 0.514388 0.196127 0.163629 0.219523
0 0.514946 0.199001 0.163866 0.222208
0 0.515204 0.198063 0.161500 0.222923
0 0.515077 0.198624 0.160758 0.217171
0 0.514991 0.197114 0.162628 0.220551
0 0.514007 0.197378 0.161892 0.220311
0 0.514899 0.201923 0.168055 0.227136