0 0.535233 0.302326 0.231578 0.312998
0 0.536204 0.302390 0.229852 0.307737
0 0.538671 0.301458 0.232214 0.314961
0 0.534744 0.301966 0.227259 0.315983
0 0.535629 0.304622 0.230515 0.308192
0 0.535475 0.304762 0.235353 0.311737
0 0.536175 0.306027 0.233799 0.312780
0 0.537740 0.303880 0.232578 0.313142
0 0.534978 0.305360 0.227491 0.314380
0 0.534779 0.306271 0.229856 0.314385
0 0.536215 0.306434 0.233765 0.318096
0 0.535998 0.307440 0.233420 0.314965
0 0.535058 0.307722 0.234467 0.309387
0 0.534402 0.306388 0.223574 0.308506
0 0.535256 0.307227 0.227282 0.312620
0 0.536320 0.306989 0.230401 0.313006
0 0.536400 0.307216 0.231574 0.313770
0 0.535649 0.307368 0.232506 0.310895
0 0.535599 0.307378 0.226891 0.310651
0 0.536134 0.308945 0.229317 0.311338
0 0.536633 0.309079 0.227893 0.311534
0 0.537908 0.308831 0.228898 0.310011
0 0.537027 0.307456 0.227541 0.303907
0 0.536678 0.308339 0.226169 0.312531
0 0.538938 0.310108 0.225715 0.306669
0 0.537943 0.309929 0.225145 0.306858
0 0.538113 0.311059 0.229114 0.308901
0 0.538068 0.310192 0.227182 0.301496
0 0.536934 0.308976 0.227568 0.305470
0 0.537249 0.309765 0.227723 0.303267
0 0.537283 0.311545 0.223493 0.305987
0 0.537358 0.312312 0.227389 0.309082
0 0.538614 0.312875 0.224734 0.302743
0 0.534475 0.312291 0.228488 0.301144
0 0.537720 0.311142 0.231308 0.299658
0 0.539544 0.311283 0.227665 0.300305
0 0.539405 0.312146 0.225124 0.303891
0 0.541668 0.318079 0.224075 0.300569
0 0.542401 0.314990 0.226606 0.300047
0 0.542478 0.316880 0.227008 0.300138
0 0.538657 0.301295 0.238560 0.314094
0 0.537853 0.301577 0.233725 0.314504
0 0.535262 0.303932 0.233747 0.314992
0 0.538902 0.303840 0.232613 0.320530
0 0.542023 0.305867 0.230984 0.316964
0 0.538669 0.309222 0.231113 0.305177
0 0.539863 0.308732 0.226428 0.308561
0 0.538322 0.307574 0.225034 0.308965
0 0.537958 0.309499 0.225294 0.311196
0 0.542491 0.307827 0.237326 0.317364
0 0.539523 0.307500 0.231980 0.305076
0 0.540193 0.308604 0.221582 0.301958
0 0.539900 0.308570 0.226347 0.308042
0 0.536812 0.311564 0.227341 0.303376
0 0.541857 0.308327 0.230647 0.304787
0 0.541310 0.309476 0.223285 0.296417
0 0.541193 0.308921 0.224824 0.311737
0 0.537965 0.313642 0.219230 0.308830