0 0.534850 0.430577 0.380083 0.516935
0 0.534099 0.433464 0.379659 0.509193
0 0.535302 0.430044 0.382973 0.510820
0 0.540680 0.419176 0.377496 0.512016
0 0.526454 0.443424 0.380734 0.553751
0 0.535222 0.449897 0.389228 0.542070
0 0.533032 0.449814 0.386496 0.550704
0 0.540113 0.446215 0.391047 0.541120
0 0.545407 0.438122 0.386938 0.532320
0 0.535990 0.442727 0.381112 0.534232
0 0.541294 0.441461 0.395113 0.539490
0 0.537021 0.445143 0.389904 0.555934
0 0.542732 0.443006 0.400750 0.554894
0 0.545080 0.443127 0.403252 0.556179
0 0.543976 0.440108 0.395032 0.547704
0 0.529043 0.439224 0.384425 0.501076
0 0.533610 0.438134 0.367019 0.516845
0 0.538284 0.442204 0.387782 0.512572
0 0.533066 0.442569 0.388519 0.532245
0 0.541214 0.439212 0.392969 0.528570
0 0.542559 0.435865 0.385307 0.536140
0 0.543278 0.432761 0.378219 0.535472
0 0.531820 0.431623 0.367874 0.518214
0 0.539751 0.434706 0.390159 0.504411
0 0.540113 0.435620 0.386904 0.521164
0 0.543283 0.440967 0.387945 0.518265
0 0.544571 0.434570 0.384859 0.524594
0 0.545612 0.431969 0.377263 0.532938
0 0.533590 0.437319 0.373559 0.507705
0 0.545389 0.437073 0.390740 0.515494
0 0.542091 0.431961 0.388220 0.518536
0 0.544129 0.436665 0.390621 0.515237
0 0.544834 0.434925 0.384072 0.532463
0 0.546687 0.437119 0.380181 0.536067
0 0.544990 0.430543 0.392454 0.515185
0 0.545426 0.424722 0.388712 0.526031
0 0.542901 0.429991 0.382700 0.518282
0 0.546790 0.433329 0.377636 0.534726
0 0.547120 0.436936 0.383989 0.513725
0 0.549457 0.441598 0.369079 0.506489