0 0.155996 0.545443 0.050982 0.067641
0 0.157239 0.546292 0.047949 0.067540
0 0.157434 0.544495 0.047612 0.067862
0 0.157003 0.546589 0.049599 0.067601
0 0.156702 0.546031 0.049008 0.069523
0 0.157319 0.545822 0.048447 0.068249
0 0.156158 0.546697 0.048645 0.067250
0 0.157056 0.546475 0.049213 0.067757
0 0.157906 0.546761 0.047959 0.068351
0 0.156013 0.547815 0.048983 0.069581
0 0.219756 0.610994 0.032972 0.046876
0 0.219656 0.612854 0.031375 0.045627
0 0.219751 0.611323 0.033413 0.048316
0 0.219546 0.611425 0.031720 0.049018
0 0.219309 0.611654 0.033851 0.045630
0 0.219659 0.612162 0.031641 0.043770
0 0.219488 0.611968 0.033453 0.047222
0 0.219225 0.612426 0.032216 0.047497
0 0.628774 0.417698 0.375459 0.492458
0 0.627320 0.417565 0.380597 0.479199
0 0.624597 0.418695 0.377038 0.471066
0 0.624300 0.413574 0.379944 0.464004
0 0.628844 0.410280 0.393271 0.483542
0 0.628495 0.417758 0.383943 0.477785
0 0.624439 0.417588 0.388146 0.480153
0 0.626428 0.415692 0.386083 0.472381
0 0.628595 0.413557 0.381575 0.476269
0 0.621767 0.416645 0.376571 0.470715
0 0.630588 0.413952 0.391823 0.480225
0 0.629073 0.416885 0.382876 0.475054
0 0.626309 0.410956 0.374508 0.466838
0 0.626000 0.414821 0.380350 0.463378
0 0.626523 0.411427 0.377181 0.463470
0 0.630442 0.408046 0.369117 0.470783
0 0.624605 0.417493 0.375332 0.456898
0 0.631380 0.410778 0.394353 0.464407
0 0.629895 0.415491 0.381639 0.470154
0 0.623586 0.414985 0.381844 0.463361
0 0.622739 0.414329 0.378683 0.462653
0 0.622611 0.413072 0.379826 0.465824
0 0.628294 0.413687 0.368102 0.467894
0 0.618373 0.418391 0.375289 0.461936
0 0.627520 0.411120 0.387928 0.460906
0 0.629968 0.411913 0.383493 0.461508
0 0.623444 0.415275 0.377572 0.453294
0 0.623933 0.415361 0.377342 0.457857
0 0.626589 0.413477 0.379390 0.463462
0 0.632576 0.413466 0.366662 0.461402
0 0.626509 0.414465 0.380268 0.452064
0 0.629046 0.416194 0.373850 0.449038
0 0.621873 0.415385 0.379107 0.451334
0 0.621570 0.415975 0.375049 0.454664
0 0.626543 0.414394 0.374623 0.472244
0 0.627397 0.412776 0.371865 0.470052
0 0.622860 0.408779 0.375242 0.475303
0 0.623291 0.412442 0.380524 0.473966