0 0.462277 0.344437 0.234300 0.296019
0 0.460701 0.346796 0.231502 0.295882
0 0.461972 0.346584 0.233278 0.297099
0 0.462356 0.345945 0.234400 0.296886
0 0.462745 0.347464 0.231845 0.301883
0 0.462227 0.348400 0.232011 0.305649
0 0.463118 0.349977 0.233202 0.301385
0 0.464241 0.349669 0.228329 0.301132
0 0.464154 0.347938 0.234688 0.298469
0 0.462342 0.348895 0.233383 0.305728
0 0.462474 0.350502 0.232210 0.308407
0 0.463616 0.350544 0.230472 0.304138
0 0.463997 0.351733 0.232788 0.305317
0 0.469553 0.351857 0.229048 0.294838
0 0.463709 0.347126 0.230381 0.299920
0 0.463584 0.347976 0.227320 0.303802
0 0.464459 0.349960 0.228580 0.308697
0 0.463832 0.351300 0.231227 0.300349
0 0.465473 0.353136 0.232475 0.304935
0 0.468649 0.353693 0.226166 0.290732
0 0.463095 0.347175 0.230477 0.296667
0 0.464130 0.348050 0.228127 0.298837
0 0.464300 0.350276 0.227920 0.305329
0 0.465616 0.350865 0.229117 0.302969
0 0.465116 0.352151 0.227914 0.303629
0 0.468870 0.355329 0.225518 0.292771
0 0.462608 0.346578 0.226732 0.297650
0 0.464433 0.348669 0.227189 0.298074
0 0.465342 0.349766 0.226317 0.298746
0 0.465877 0.350860 0.227448 0.299914
0 0.466743 0.351447 0.226560 0.301969
0 0.462765 0.350561 0.230184 0.291734
0 0.464338 0.348453 0.226648 0.298117
0 0.465460 0.350057 0.225731 0.300369
0 0.466769 0.350353 0.222245 0.301354
0 0.468170 0.352582 0.221681 0.309181
0 0.466401 0.352507 0.222970 0.296512
0 0.468058 0.351562 0.221399 0.296250
0 0.469290 0.351732 0.218690 0.298852
0 0.473602 0.357578 0.218060 0.299158
0 0.457479 0.353189 0.234469 0.302889
0 0.465058 0.348858 0.240610 0.293201
0 0.463423 0.351280 0.234822 0.299141
0 0.461231 0.347728 0.230360 0.296991
0 0.460290 0.354296 0.225508 0.303707
0 0.465953 0.352695 0.227424 0.298691
0 0.466126 0.352343 0.224147 0.300762
0 0.465728 0.351750 0.227596 0.305516
0 0.468163 0.350187 0.228654 0.309314
0 0.462663 0.351181 0.223972 0.308023
0 0.465974 0.351264 0.223928 0.298230
0 0.467872 0.352064 0.223950 0.298644
0 0.463093 0.350932 0.223351 0.295990
0 0.467048 0.351209 0.223675 0.305647
0 0.464484 0.354710 0.224054 0.303291
0 0.469518 0.351823 0.218506 0.302140
0 0.469204 0.352316 0.223934 0.300013
0 0.469838 0.350325 0.220519 0.305418