0 0.474461 0.484084 0.389049 0.541864
0 0.476396 0.481793 0.394297 0.532202
0 0.473871 0.487050 0.394654 0.528396
0 0.475006 0.479381 0.400830 0.520774
0 0.476533 0.479423 0.403141 0.537368
0 0.480678 0.484610 0.409002 0.530964
0 0.475168 0.486587 0.411760 0.525597
0 0.475209 0.481649 0.413170 0.513512
0 0.476663 0.478175 0.410083 0.518586
0 0.470676 0.485021 0.395800 0.529934
0 0.478889 0.484452 0.409772 0.546565
0 0.482809 0.486127 0.418709 0.536499
0 0.476369 0.487022 0.413118 0.538505
0 0.477723 0.486117 0.412001 0.538068
0 0.479311 0.483678 0.417931 0.534110
0 0.484500 0.482022 0.406200 0.530051
0 0.472030 0.492927 0.400967 0.523191
0 0.479725 0.488319 0.416534 0.542273
0 0.477604 0.485269 0.423580 0.562770
0 0.480813 0.485847 0.415876 0.546312
0 0.475617 0.487610 0.417140 0.557075
0 0.477150 0.485585 0.410802 0.538417
0 0.475584 0.485294 0.412849 0.542209
0 0.474082 0.481867 0.410856 0.531669
0 0.478581 0.484101 0.402518 0.523038
0 0.471411 0.491535 0.400899 0.527839
0 0.476814 0.485409 0.409983 0.540916
0 0.478601 0.483734 0.423076 0.564849
0 0.480166 0.486840 0.412403 0.543852
0 0.482202 0.490509 0.420372 0.557563
0 0.477097 0.487405 0.408518 0.542538
0 0.476967 0.490343 0.414700 0.538931
0 0.476774 0.485029 0.415122 0.538055
0 0.483131 0.478769 0.418271 0.544226
0 0.482461 0.483600 0.397818 0.528598
0 0.476772 0.490460 0.410063 0.546889
0 0.483688 0.489947 0.419677 0.562077
0 0.482977 0.488415 0.407072 0.546544
0 0.485013 0.490523 0.422073 0.564273
0 0.480083 0.488289 0.405862 0.545503
0 0.483814 0.494957 0.416529 0.553005
0 0.481358 0.490930 0.415016 0.542242
0 0.484608 0.493453 0.425239 0.553507
0 0.478988 0.486417 0.410851 0.545939
0 0.482927 0.480935 0.405420 0.550459
0 0.477157 0.490638 0.398473 0.549698
0 0.481483 0.482505 0.399641 0.556466
0 0.478218 0.484648 0.397685 0.554352
0 0.478577 0.483378 0.405387 0.565191
0 0.480219 0.489434 0.404684 0.552539
0 0.480360 0.497929 0.390317 0.533961
0 0.480273 0.494567 0.382363 0.539663
0 0.480631 0.498062 0.380005 0.539031