0 0.500455 0.446592 0.438601 0.596104
0 0.500648 0.456144 0.437901 0.600730
0 0.502677 0.454690 0.440065 0.597945
0 0.509646 0.447152 0.443790 0.590622
0 0.508030 0.456374 0.445080 0.594668
0 0.513228 0.460510 0.451508 0.590382
0 0.506810 0.456536 0.449778 0.609229
0 0.507788 0.456807 0.442709 0.604188
0 0.503618 0.458772 0.458102 0.608399
0 0.497265 0.457132 0.447967 0.603588
0 0.502562 0.457145 0.454879 0.597639
0 0.506614 0.456842 0.446734 0.597722
0 0.504475 0.457031 0.457538 0.599363
0 0.504976 0.458598 0.456841 0.601656
0 0.512556 0.452995 0.449081 0.603119
0 0.508385 0.460797 0.439772 0.603779
0 0.509336 0.457165 0.452057 0.605688
0 0.505748 0.459163 0.440152 0.587814
0 0.507960 0.455653 0.455158 0.587083
0 0.511025 0.459406 0.445849 0.585942
0 0.508511 0.459373 0.459870 0.591499
0 0.505197 0.457929 0.448719 0.582330
0 0.505005 0.460034 0.462545 0.590876
0 0.502909 0.460367 0.450587 0.591750
0 0.502915 0.451424 0.464672 0.580227
0 0.507020 0.455544 0.450539 0.580595
0 0.503398 0.451703 0.463902 0.584773
0 0.506891 0.456685 0.452682 0.582752
0 0.507611 0.447938 0.454391 0.577413
0 0.507257 0.452050 0.445851 0.580350
0 0.508362 0.452628 0.451032 0.588664
0 0.510467 0.451786 0.452112 0.601998
0 0.507051 0.456422 0.451843 0.584938
0 0.510623 0.455588 0.462237 0.575006
0 0.512180 0.456118 0.453553 0.585573
0 0.506584 0.452862 0.463246 0.586997
0 0.501032 0.454860 0.451890 0.590131
0 0.504975 0.451570 0.462688 0.584245
0 0.501977 0.454889 0.452749 0.589481
0 0.501378 0.450492 0.456874 0.575921
0 0.505933 0.454996 0.448375 0.579125
0 0.503895 0.447033 0.466280 0.577008
0 0.504385 0.452519 0.457778 0.582422
0 0.501864 0.445127 0.450784 0.565411
0 0.503578 0.443406 0.445199 0.575662
0 0.502362 0.442194 0.455905 0.567724
0 0.505068 0.450910 0.461827 0.582804
0 0.510017 0.451135 0.453678 0.577075
0 0.508503 0.450883 0.460560 0.573252
0 0.510999 0.450425 0.453750 0.584164
0 0.507417 0.448602 0.461883 0.576034
0 0.507717 0.449322 0.453060 0.575985
0 0.506472 0.448437 0.463544 0.582179
0 0.507675 0.452473 0.453083 0.580047
0 0.503182 0.452501 0.457405 0.576987
0 0.503877 0.456968 0.443215 0.563982
0 0.502286 0.444857 0.462590 0.589811
0 0.500582 0.448388 0.443676 0.573819
0 0.502699 0.442257 0.457939 0.577795
0 0.502816 0.440465 0.443118 0.572383
0 0.500341 0.442209 0.461183 0.571604
0 0.507465 0.446420 0.467561 0.586599
0 0.509877 0.446700 0.452877 0.575013
0 0.503078 0.451972 0.458791 0.572562
0 0.506553 0.445548 0.456624 0.581746
0 0.505188 0.450228 0.457071 0.577374
0 0.508485 0.449566 0.457048 0.583119
0 0.505447 0.447841 0.465747 0.593142
0 0.507902 0.450737 0.446618 0.572994
0 0.500321 0.450283 0.455114 0.586472
0 0.500343 0.452646 0.442901 0.570562
0 0.497327 0.448819 0.467711 0.588093
0 0.495058 0.449953 0.448522 0.567636
0 0.500010 0.448428 0.465885 0.585382
0 0.497533 0.445662 0.443687 0.574127
0 0.499151 0.449367 0.450458 0.571224
0 0.503811 0.448793 0.460263 0.581373
0 0.511547 0.447769 0.452789 0.576008
0 0.498316 0.453543 0.452341 0.562633
0 0.507315 0.444897 0.462698 0.585912
0 0.506832 0.447773 0.456992 0.587324
0 0.510951 0.448052 0.465215 0.602925
0 0.504847 0.446750 0.466885 0.598894
0 0.506304 0.448699 0.463436 0.593537
0 0.504395 0.448936 0.467453 0.593629
0 0.505348 0.448389 0.457107 0.577325
0 0.502287 0.448080 0.473662 0.597742
0 0.502751 0.444399 0.461917 0.581384
0 0.504613 0.454018 0.472537 0.585741
0 0.500107 0.444407 0.456300 0.580799
0 0.502641 0.446500 0.461696 0.574140
0 0.502556 0.460531 0.450600 0.541596
0 0.505152 0.454430 0.461108 0.556417
0 0.505371 0.461328 0.478789 0.552361
0 0.503444 0.454308 0.463878 0.563123
0 0.503662 0.455694 0.480880 0.555756
0 0.505014 0.460087 0.460233 0.558745
0 0.508437 0.456695 0.477913 0.555522
0 0.501230 0.458953 0.477528 0.560355