0 0.528187 0.385397 0.317814 0.418601
0 0.538333 0.380725 0.309009 0.399359
0 0.536036 0.385791 0.307483 0.400731
0 0.534920 0.387484 0.308776 0.398018
0 0.533326 0.381376 0.307087 0.409517
0 0.539495 0.379856 0.316865 0.412483
0 0.537120 0.382520 0.307164 0.406973
0 0.536841 0.385715 0.307892 0.405080
0 0.534804 0.385022 0.310219 0.402088
0 0.535869 0.386792 0.310981 0.405211
0 0.539524 0.380568 0.318687 0.414378
0 0.532078 0.383732 0.312756 0.411584
0 0.535530 0.384769 0.303933 0.404413
0 0.535139 0.384427 0.305640 0.415132
0 0.534428 0.385300 0.311473 0.411905
0 0.536548 0.386647 0.305481 0.418477
0 0.539205 0.381560 0.312968 0.408684
0 0.536084 0.380082 0.309585 0.414570
0 0.537843 0.387446 0.302259 0.409854
0 0.534184 0.386766 0.306654 0.408236
0 0.537394 0.384067 0.310148 0.408411
0 0.537273 0.386497 0.309461 0.415077
0 0.535517 0.384639 0.310367 0.406642
0 0.533708 0.384217 0.307163 0.408994
0 0.536899 0.385174 0.303317 0.408260
0 0.535090 0.386138 0.305565 0.409569
0 0.535544 0.387138 0.308376 0.418964
0 0.531658 0.382346 0.307078 0.419230
0 0.534324 0.381630 0.303066 0.425855
0 0.536397 0.386295 0.305271 0.423111