0 0.407110 0.439474 0.359968 0.563757
0 0.409240 0.441992 0.354372 0.559490
0 0.412792 0.433271 0.357554 0.564349
0 0.408295 0.468941 0.374405 0.609849
0 0.407882 0.471088 0.377186 0.606854
0 0.412310 0.469405 0.365127 0.596035
0 0.416648 0.460838 0.371071 0.599986
0 0.399189 0.457519 0.367570 0.569086
0 0.404929 0.460907 0.373350 0.576480
0 0.407521 0.457850 0.369618 0.570700
0 0.406031 0.454980 0.367765 0.568769
0 0.409815 0.451899 0.360198 0.573125
0 0.416101 0.451769 0.360911 0.573490
0 0.403542 0.455882 0.363531 0.536708
0 0.408868 0.451400 0.367941 0.538582
0 0.409078 0.450791 0.363407 0.545003
0 0.406099 0.450178 0.364990 0.536462
0 0.405545 0.447764 0.357333 0.540724
0 0.411691 0.448609 0.356025 0.546256
0 0.402300 0.449859 0.360410 0.536877
0 0.407849 0.446790 0.364392 0.520218
0 0.405277 0.445014 0.357781 0.522268
0 0.406237 0.444646 0.359681 0.520139
0 0.404136 0.439224 0.353305 0.544404
0 0.416237 0.440582 0.351858 0.546701
0 0.401068 0.448554 0.361065 0.540276
0 0.404588 0.446510 0.371412 0.525136
0 0.404438 0.447033 0.362770 0.524237
0 0.409248 0.444257 0.351946 0.519227
0 0.403920 0.438467 0.351973 0.525412
0 0.417191 0.441793 0.349317 0.524304
0 0.402127 0.446059 0.361442 0.528723
0 0.402801 0.444458 0.369315 0.531358
0 0.405336 0.440936 0.363914 0.526158
0 0.404322 0.441200 0.353599 0.536716
0 0.397921 0.439250 0.365542 0.533623
0 0.400591 0.441225 0.365012 0.535210