0 0.497495 0.321570 0.249055 0.342738
0 0.499702 0.324377 0.249969 0.338146
0 0.498327 0.327928 0.248760 0.344798
0 0.499631 0.325955 0.250721 0.348013
0 0.499452 0.324066 0.247539 0.333232
0 0.499397 0.324686 0.248392 0.331727
0 0.498582 0.325924 0.248667 0.336012
0 0.498904 0.325922 0.249554 0.334867
0 0.497466 0.320772 0.244284 0.319911
0 0.500874 0.322055 0.246699 0.327261
0 0.499270 0.323024 0.246118 0.329103
0 0.499956 0.324532 0.244478 0.330446
0 0.500180 0.325709 0.247032 0.328813
0 0.501424 0.325847 0.249650 0.319507
0 0.496715 0.322567 0.243396 0.318798
0 0.500427 0.322898 0.244574 0.327118
0 0.501391 0.323460 0.246329 0.331557
0 0.500193 0.323495 0.245192 0.326282
0 0.499492 0.324880 0.247246 0.327343
0 0.502485 0.326381 0.245748 0.318981
0 0.497488 0.323627 0.242047 0.309795
0 0.500503 0.322913 0.246138 0.318526
0 0.501759 0.324543 0.248402 0.323771
0 0.499534 0.324188 0.247591 0.327163
0 0.500212 0.324688 0.245519 0.325051
0 0.502352 0.325799 0.245900 0.314676
0 0.498870 0.324694 0.242809 0.313333
0 0.500993 0.324073 0.243429 0.321656
0 0.501171 0.323010 0.248041 0.319585
0 0.500371 0.321762 0.249682 0.326347
0 0.500665 0.321232 0.246980 0.324891
0 0.502391 0.323088 0.243045 0.317773
0 0.500548 0.322567 0.247341 0.319784
0 0.501367 0.322389 0.245166 0.319461
0 0.500997 0.321208 0.245045 0.325040
0 0.500952 0.321924 0.246197 0.326202
0 0.503953 0.324946 0.245993 0.319239
0 0.498410 0.329019 0.250085 0.328616
0 0.501710 0.323472 0.242580 0.327128
0 0.500714 0.322536 0.243110 0.326483
0 0.503093 0.325241 0.247907 0.329449
0 0.882961 0.504071 0.054130 0.115096
0 0.886699 0.503261 0.053180 0.113006
0 0.883384 0.506011 0.053151 0.113534
0 0.885869 0.506392 0.050183 0.112496
0 0.499479 0.323144 0.250323 0.336217
0 0.502344 0.322755 0.252559 0.330859
0 0.501562 0.321032 0.250158 0.335639
0 0.500113 0.320133 0.249042 0.331610
0 0.500022 0.325050 0.248350 0.329063
0 0.500007 0.321843 0.246704 0.329491
0 0.497704 0.323906 0.248624 0.326816
0 0.499558 0.322793 0.246585 0.333735
0 0.503228 0.323628 0.252143 0.332158
0 0.498663 0.324891 0.250661 0.329660
0 0.499749 0.324902 0.243799 0.330383
0 0.498636 0.322946 0.246930 0.328223
0 0.500320 0.324318 0.245001 0.327450
0 0.501077 0.325822 0.249448 0.335177
0 0.498496 0.325818 0.245880 0.329417
0 0.500721 0.326176 0.241166 0.328004
0 0.498910 0.325825 0.242174 0.325245
0 0.499321 0.327053 0.242566 0.328261
0 0.496090 0.330288 0.248887 0.330034
0 0.501990 0.329893 0.248246 0.332767
0 0.500233 0.333000 0.243227 0.329677
0 0.500704 0.330342 0.243636 0.330495