0 0.506039 0.385494 0.330634 0.453185
0 0.507916 0.388570 0.332430 0.448627
0 0.508248 0.383967 0.333421 0.440333
0 0.505575 0.387914 0.334551 0.444296
0 0.505797 0.388524 0.336548 0.445633
0 0.509316 0.386741 0.339231 0.447587
0 0.506158 0.381206 0.332433 0.438145
0 0.508700 0.385306 0.334731 0.437822
0 0.506815 0.387354 0.334755 0.438173
0 0.507027 0.387962 0.339127 0.439191
0 0.507712 0.386948 0.334496 0.437458
0 0.506596 0.384727 0.335918 0.444366
0 0.508716 0.384611 0.337037 0.436754
0 0.504761 0.387037 0.330829 0.438917
0 0.508321 0.385379 0.331849 0.437409
0 0.504476 0.387686 0.337200 0.441808
0 0.500177 0.388182 0.331005 0.440700
0 0.503606 0.387171 0.333134 0.443972
0 0.506088 0.387578 0.330083 0.438208
0 0.507172 0.381288 0.332809 0.444137
0 0.506661 0.385807 0.332148 0.438071
0 0.503923 0.385134 0.333405 0.432937
0 0.506930 0.388101 0.331985 0.432717
0 0.507145 0.385070 0.337037 0.442062
0 0.506101 0.386154 0.333932 0.445140
0 0.507119 0.386172 0.329459 0.445699
0 0.506158 0.388519 0.327352 0.444209
0 0.504611 0.385174 0.334702 0.444733
0 0.510538 0.386036 0.338192 0.461874
0 0.504411 0.392930 0.328198 0.453475
0 0.506351 0.388398 0.324787 0.450081
0 0.508920 0.384525 0.326542 0.445888
0 0.506289 0.388274 0.337404 0.452654