0 0.513064 0.437647 0.364623 0.458645
0 0.512855 0.440676 0.366629 0.452511
0 0.513105 0.431284 0.368649 0.456467
0 0.516363 0.440103 0.368059 0.466433
0 0.514633 0.445367 0.374772 0.467131
0 0.514175 0.446140 0.381862 0.467456
0 0.515111 0.443414 0.382495 0.469916
0 0.518237 0.436524 0.373889 0.473551
0 0.511616 0.440107 0.361731 0.466252
0 0.516615 0.439433 0.377369 0.469959
0 0.515576 0.442540 0.380431 0.468399
0 0.512966 0.445655 0.378948 0.467810
0 0.517043 0.443871 0.375948 0.465610
0 0.516057 0.441552 0.381511 0.463271
0 0.514102 0.444613 0.366365 0.462030
0 0.517129 0.443460 0.374815 0.467515
0 0.515144 0.444913 0.369648 0.466614
0 0.512778 0.442116 0.374489 0.468596
0 0.510341 0.443335 0.371526 0.463587
0 0.510577 0.440847 0.377819 0.465682
0 0.516353 0.442249 0.374362 0.458096
0 0.512437 0.443607 0.366970 0.463650
0 0.515893 0.439685 0.379743 0.463893
0 0.517166 0.444577 0.374470 0.464474
0 0.512025 0.445476 0.376202 0.460266
0 0.514414 0.444337 0.371280 0.462505
0 0.514663 0.440438 0.374734 0.464778
0 0.517983 0.444779 0.377088 0.460904
0 0.515496 0.445543 0.372760 0.469709
0 0.518490 0.444508 0.368114 0.462356
0 0.514641 0.446005 0.372511 0.464204
0 0.514432 0.448786 0.376118 0.469473
0 0.514776 0.445531 0.372045 0.474779
0 0.517696 0.448922 0.366878 0.468733
0 0.519685 0.447817 0.365501 0.457199
0 0.513223 0.446419 0.367982 0.469071
0 0.513170 0.445062 0.376091 0.469867
0 0.514531 0.437404 0.363199 0.490601