0 0.498960 0.282943 0.120366 0.153909
0 0.499677 0.282703 0.116858 0.149909
0 0.498666 0.288161 0.120673 0.151912
0 0.500399 0.287015 0.119514 0.150292
0 0.498891 0.288469 0.120934 0.152313
0 0.499160 0.287382 0.120873 0.151494
0 0.498385 0.288664 0.121356 0.153899
0 0.498828 0.288954 0.122426 0.152434
0 0.500195 0.289014 0.120772 0.153817
0 0.500690 0.287455 0.123491 0.152870
0 0.500135 0.290417 0.123425 0.154623
0 0.500906 0.287053 0.121995 0.153917
0 0.500374 0.288902 0.120218 0.152931
0 0.499101 0.288617 0.121914 0.154756
0 0.500059 0.289529 0.119242 0.153263
0 0.500740 0.287771 0.121819 0.155098
0 0.499607 0.290450 0.120374 0.153815
0 0.500414 0.287581 0.123302 0.156370
0 0.499528 0.289052 0.121561 0.153850
0 0.498986 0.290086 0.122624 0.154565
0 0.500943 0.293022 0.123586 0.159540
0 0.500519 0.292889 0.119270 0.155065
0 0.501230 0.293312 0.123979 0.156888
0 0.501510 0.293629 0.117953 0.152695
0 0.501147 0.294525 0.123909 0.154778
0 0.500301 0.295637 0.122548 0.157319