0 0.531413 0.274735 0.249827 0.302333
0 0.531815 0.276114 0.250758 0.301578
0 0.532308 0.273463 0.252609 0.307428
0 0.531230 0.278777 0.251733 0.294769
0 0.533205 0.281075 0.252632 0.294694
0 0.531787 0.280866 0.251122 0.301713
0 0.531298 0.280353 0.251805 0.299054
0 0.534198 0.277295 0.251018 0.299989
0 0.531757 0.276867 0.250667 0.284702
0 0.534243 0.280175 0.250157 0.292318
0 0.532912 0.281472 0.249277 0.296121
0 0.532042 0.280560 0.245304 0.301005
0 0.531777 0.281440 0.245190 0.301243
0 0.532505 0.279724 0.246457 0.292178
0 0.534304 0.278406 0.252920 0.282959
0 0.535199 0.278118 0.249828 0.290406
0 0.532975 0.279618 0.249393 0.297424
0 0.531233 0.280082 0.246163 0.298898
0 0.531974 0.280730 0.245977 0.298431
0 0.533153 0.279654 0.243560 0.295018
0 0.533826 0.279648 0.249604 0.280243
0 0.535642 0.279142 0.252674 0.289790
0 0.534501 0.278724 0.250546 0.294797
0 0.532542 0.279294 0.249192 0.301189
0 0.532294 0.279225 0.245363 0.301480
0 0.533799 0.278179 0.242076 0.297762
0 0.534878 0.280083 0.243355 0.282160
0 0.536134 0.278484 0.248515 0.292603
0 0.535021 0.279301 0.246715 0.296485
0 0.533395 0.278349 0.247522 0.305980
0 0.533816 0.278336 0.248626 0.310897
0 0.533863 0.276988 0.239902 0.306514
0 0.535929 0.278953 0.248226 0.290870
0 0.535688 0.277762 0.246585 0.299984
0 0.535573 0.278004 0.246516 0.303378
0 0.534930 0.277486 0.244890 0.310181
0 0.535084 0.278864 0.238990 0.304055
0 0.536098 0.279193 0.243525 0.311604
0 0.535166 0.278610 0.240619 0.308604
0 0.536277 0.278228 0.240948 0.311120
0 0.537779 0.281473 0.253835 0.294455
0 0.531465 0.281120 0.245751 0.293937
0 0.533861 0.279730 0.247231 0.300519
0 0.534493 0.281842 0.245488 0.300810
0 0.535428 0.280961 0.241794 0.302326
0 0.538544 0.278620 0.249712 0.303258
0 0.535849 0.279064 0.246464 0.296972
0 0.536535 0.281755 0.239916 0.299605
0 0.536390 0.279213 0.240711 0.305410
0 0.539864 0.280210 0.238821 0.303611
0 0.538101 0.278918 0.252526 0.304259
0 0.535617 0.278625 0.245877 0.304119
0 0.538070 0.280508 0.240275 0.300197
0 0.537748 0.276776 0.237885 0.309783
0 0.537318 0.279566 0.236236 0.313291
0 0.535089 0.281215 0.255567 0.308360
0 0.542114 0.282257 0.244869 0.308346
0 0.540087 0.282860 0.237234 0.306936