0 0.339227 0.379523 0.296834 0.465130
0 0.337471 0.393195 0.301134 0.478452
0 0.336555 0.398330 0.295617 0.473340
0 0.340127 0.390761 0.296914 0.464567
0 0.347879 0.386833 0.296804 0.481587
0 0.343364 0.390572 0.306765 0.474058
0 0.339245 0.396081 0.297765 0.474849
0 0.342322 0.397881 0.289760 0.467782
0 0.338440 0.392650 0.289528 0.458337
0 0.343540 0.391950 0.292673 0.458393
0 0.346496 0.393579 0.303409 0.463135
0 0.342094 0.391867 0.295622 0.455546
0 0.344587 0.393505 0.288860 0.456534
0 0.339483 0.393661 0.292920 0.451582
0 0.341765 0.389265 0.290858 0.449136
0 0.349404 0.385068 0.290186 0.451439
0 0.349463 0.387717 0.302862 0.466171
0 0.342325 0.393666 0.300847 0.451981
0 0.341650 0.396288 0.292417 0.446774
0 0.343279 0.397498 0.298980 0.435232
0 0.341783 0.387565 0.289700 0.444423
0 0.352666 0.388616 0.303470 0.440383
0 0.346887 0.391463 0.295745 0.469098
0 0.341164 0.393040 0.304280 0.445359
0 0.340768 0.395298 0.304408 0.454023
0 0.343447 0.396096 0.294173 0.431257
0 0.344665 0.386172 0.295510 0.449266
0 0.345931 0.386442 0.303237 0.459599
0 0.342655 0.391095 0.311409 0.465041
0 0.345448 0.386893 0.312084 0.450960
0 0.349470 0.386785 0.317179 0.453584