0 0.439761 0.240155 0.071573 0.091077
0 0.439027 0.239862 0.071211 0.091167
0 0.439321 0.239837 0.071353 0.090663
0 0.439100 0.240412 0.070693 0.090341
0 0.438660 0.239405 0.069382 0.091638
0 0.758492 0.359949 0.033399 0.040700
0 0.758479 0.360889 0.031810 0.037995
0 0.758359 0.360531 0.032317 0.039054
0 0.758142 0.361054 0.033417 0.039285
0 0.652379 0.375846 0.022494 0.027487
0 0.757926 0.361207 0.033282 0.041010
0 0.758321 0.361221 0.032670 0.038891
0 0.758244 0.360913 0.032504 0.039519
0 0.758236 0.360889 0.031856 0.038520
0 0.898323 0.375282 0.026908 0.032573
0 0.898790 0.375463 0.026737 0.032138
0 0.652041 0.376490 0.023220 0.027776
0 0.898862 0.375171 0.027574 0.033723
0 0.899645 0.376087 0.028732 0.036061
0 0.899545 0.376145 0.027746 0.032618
0 0.898763 0.376340 0.029059 0.035189
0 0.438775 0.240943 0.071577 0.094062
0 0.439616 0.237575 0.071420 0.094566
0 0.439581 0.240583 0.071492 0.095692
0 0.439633 0.239184 0.070743 0.098268
0 0.440633 0.239746 0.070433 0.095449
0 0.438869 0.241277 0.069792 0.095278
0 0.439168 0.238966 0.068507 0.098169
0 0.440679 0.238962 0.070517 0.096744