0 0.104575 0.240358 0.047082 0.069889
0 0.104352 0.240477 0.046640 0.068654
0 0.104376 0.240327 0.045878 0.066308
0 0.105099 0.240214 0.045947 0.065767
0 0.104355 0.240195 0.045651 0.066462
0 0.104196 0.240567 0.046232 0.064672
0 0.104860 0.240752 0.045422 0.065010
0 0.103701 0.240674 0.046468 0.065178
0 0.104338 0.240425 0.045739 0.064454
0 0.583275 0.341700 0.415683 0.581917
0 0.586687 0.345201 0.419324 0.583787
0 0.585270 0.341009 0.415291 0.569252
0 0.583915 0.337158 0.416701 0.579581
0 0.586451 0.345059 0.435113 0.588145
0 0.584175 0.344236 0.428795 0.583538
0 0.586320 0.347219 0.430247 0.581639
0 0.589321 0.347736 0.425336 0.585590
0 0.587787 0.349233 0.426329 0.572961
0 0.597589 0.347207 0.434875 0.588000
0 0.589626 0.350559 0.423281 0.569727
0 0.596888 0.351357 0.434619 0.591481
0 0.590262 0.356477 0.429892 0.589879
0 0.586149 0.338284 0.421647 0.562186
0 0.587152 0.332668 0.422495 0.562243
0 0.593650 0.332458 0.416084 0.551717
0 0.589510 0.342827 0.441127 0.568630
0 0.589129 0.342642 0.437635 0.570503
0 0.586773 0.344928 0.434438 0.566473
0 0.586562 0.349245 0.435765 0.577054
0 0.587407 0.347102 0.432283 0.576480
0 0.595531 0.350986 0.435585 0.586195
0 0.589653 0.351467 0.419768 0.572503
0 0.597084 0.347415 0.428986 0.585992
0 0.592094 0.354933 0.434331 0.587908
0 0.587251 0.355698 0.425070 0.600247
0 0.586827 0.367678 0.434278 0.614347
0 0.587315 0.348631 0.444625 0.584091
0 0.586429 0.340575 0.425332 0.565070
0 0.591676 0.340853 0.428423 0.577885
0 0.593154 0.346568 0.434254 0.579208
0 0.592233 0.347035 0.437657 0.597829
0 0.592275 0.349436 0.434856 0.575158
0 0.589570 0.355202 0.441513 0.592946
0 0.591604 0.349224 0.436383 0.590832
0 0.595519 0.353163 0.437027 0.598313
0 0.586811 0.355252 0.422999 0.583983
0 0.593538 0.354874 0.437066 0.604410
0 0.589903 0.362714 0.426944 0.585556
0 0.591088 0.361813 0.425023 0.598910
0 0.584293 0.376956 0.435832 0.617547
0 0.593275 0.348828 0.461100 0.608355
0 0.585775 0.347111 0.426080 0.571490
0 0.596599 0.345234 0.439798 0.594148
0 0.591393 0.353466 0.439966 0.585382
0 0.595320 0.356123 0.455599 0.607990
0 0.590875 0.353634 0.433708 0.576282
0 0.589758 0.359760 0.443997 0.594086
0 0.592581 0.355771 0.435668 0.588251
0 0.592955 0.362969 0.438603 0.597339
0 0.589482 0.359962 0.431670 0.597040
0 0.594332 0.363719 0.433513 0.608910
0 0.589386 0.371916 0.434595 0.594020
0 0.587064 0.372210 0.430385 0.609447
0 0.585543 0.381687 0.439974 0.624511
0 0.572391 0.397502 0.502684 0.693772
0 0.599397 0.356544 0.463178 0.619006
0 0.588755 0.354701 0.438342 0.568870
0 0.597502 0.356576 0.456687 0.597127
0 0.593867 0.353983 0.449145 0.588706
0 0.599693 0.358042 0.462875 0.610496
0 0.593785 0.355696 0.437145 0.579898
0 0.592924 0.360845 0.451729 0.601290
0 0.594865 0.362522 0.439841 0.596564
0 0.592427 0.366897 0.442793 0.601563
0 0.589425 0.366439 0.443961 0.609299
0 0.589576 0.370074 0.439429 0.615661
0 0.593352 0.375628 0.436769 0.597033
0 0.589248 0.378180 0.429459 0.612271
0 0.583310 0.379419 0.457666 0.638711
0 0.581679 0.395600 0.509895 0.695962
0 0.604911 0.352918 0.451811 0.661998
0 0.599044 0.359518 0.461900 0.635755
0 0.593714 0.348744 0.460933 0.626013
0 0.597174 0.356962 0.470289 0.635733
0 0.596803 0.351285 0.448965 0.614180
0 0.596386 0.359342 0.461444 0.626005
0 0.596758 0.358742 0.447364 0.628083
0 0.593328 0.361783 0.448100 0.629411
0 0.591684 0.362994 0.448390 0.623905
0 0.591674 0.368759 0.438342 0.627236
0 0.587570 0.375232 0.439600 0.625125
0 0.588242 0.376353 0.476856 0.660020
0 0.609339 0.368920 0.470019 0.668123
0 0.593987 0.358610 0.464225 0.654311
0 0.606862 0.365235 0.477561 0.650961
0 0.593736 0.358107 0.459366 0.645487
0 0.600524 0.369785 0.469919 0.643855
0 0.591966 0.366192 0.460418 0.639028
0 0.600726 0.375074 0.461709 0.634248
0 0.592606 0.374283 0.467051 0.637549
0 0.593701 0.382241 0.453862 0.636418
0 0.591345 0.385457 0.463992 0.644820
0 0.598884 0.381740 0.498419 0.684764
0 0.593466 0.381057 0.450329 0.660437
0 0.596278 0.391196 0.460564 0.642101