0 0.519825 0.548270 0.430220 0.655243
0 0.519154 0.554255 0.428881 0.652483
0 0.520660 0.547002 0.420845 0.644870
0 0.527504 0.551524 0.450483 0.637396
0 0.521297 0.545477 0.444074 0.633726
0 0.528433 0.554671 0.447076 0.642948
0 0.530082 0.549804 0.444935 0.631302
0 0.527162 0.553387 0.453188 0.636373
0 0.524112 0.554710 0.436612 0.637706
0 0.518274 0.555008 0.448416 0.647612
0 0.522376 0.551142 0.429018 0.623919
0 0.518366 0.550354 0.444612 0.642168
0 0.530615 0.552779 0.424729 0.633208
0 0.523336 0.551986 0.447064 0.658274
0 0.527059 0.550428 0.435705 0.645741
0 0.533578 0.556560 0.486533 0.654276
0 0.526306 0.552992 0.441547 0.635805
0 0.524799 0.547534 0.437423 0.614135
0 0.527252 0.551608 0.434216 0.622906
0 0.527948 0.551561 0.443810 0.624577
0 0.524200 0.551988 0.446075 0.629706
0 0.525581 0.547854 0.447518 0.629625
0 0.521216 0.547515 0.454361 0.637536
0 0.523708 0.543796 0.444978 0.624323
0 0.523590 0.549597 0.454159 0.636091
0 0.529313 0.548013 0.437937 0.622757
0 0.525392 0.548550 0.440292 0.631609
0 0.526051 0.548645 0.442185 0.628642
0 0.525374 0.561076 0.437042 0.644068
0 0.537750 0.550324 0.486559 0.635736
0 0.532874 0.539224 0.440939 0.623218
0 0.525965 0.539520 0.437630 0.597937
0 0.525813 0.535591 0.442457 0.619748
0 0.526896 0.545673 0.446684 0.600386
0 0.520986 0.548104 0.455074 0.627406
0 0.524904 0.537608 0.441578 0.606292
0 0.521284 0.540849 0.445091 0.622410
0 0.521779 0.541112 0.449068 0.615895
0 0.521440 0.548115 0.442158 0.614902
0 0.528521 0.537931 0.440212 0.604388
0 0.527131 0.541500 0.433902 0.607161
0 0.536883 0.542912 0.420022 0.578749
0 0.529733 0.539637 0.426297 0.594317
0 0.525813 0.551572 0.426522 0.612808
0 0.533448 0.538016 0.478818 0.627265
0 0.529234 0.532641 0.448500 0.600225
0 0.521182 0.535548 0.445892 0.600456
0 0.521307 0.530086 0.435125 0.599663
0 0.525792 0.534961 0.450578 0.612674
0 0.522790 0.537318 0.449227 0.620145
0 0.526334 0.538101 0.447790 0.607019
0 0.526713 0.546634 0.440852 0.607411
0 0.525915 0.543705 0.450317 0.613790
0 0.523823 0.555007 0.443379 0.611579
0 0.526558 0.535424 0.449282 0.616863
0 0.523137 0.540237 0.438964 0.609087
0 0.536128 0.541913 0.430590 0.604380
0 0.526467 0.537213 0.426455 0.606837
0 0.525744 0.542063 0.435225 0.619948
0 0.533647 0.544911 0.488102 0.629733
0 0.535562 0.535922 0.447354 0.582243
0 0.521126 0.540129 0.451262 0.588731
0 0.523038 0.541502 0.440020 0.586372
0 0.520824 0.537994 0.447250 0.605108
0 0.520717 0.541212 0.442898 0.602727
0 0.523409 0.539245 0.444645 0.595479
0 0.523631 0.547523 0.434170 0.592112
0 0.522924 0.542565 0.450886 0.610155
0 0.522220 0.553277 0.447653 0.608956
0 0.528810 0.543698 0.448974 0.600931
0 0.527963 0.547162 0.444557 0.597495
0 0.536220 0.551879 0.436077 0.590961
0 0.526736 0.545404 0.427098 0.595676
0 0.525598 0.548561 0.439556 0.595770
0 0.529240 0.545903 0.463128 0.585879
0 0.518847 0.539577 0.457324 0.603516
0 0.526955 0.538710 0.452876 0.610790
0 0.527457 0.534362 0.449997 0.619019
0 0.530960 0.540403 0.453774 0.626162
0 0.524755 0.534631 0.449494 0.620299
0 0.523851 0.543125 0.455666 0.628272
0 0.523720 0.539975 0.452562 0.623804
0 0.519153 0.544426 0.454381 0.619432
0 0.531167 0.546408 0.453369 0.608151
0 0.525375 0.536659 0.460337 0.618449
0 0.525157 0.541180 0.444436 0.609514
0 0.522249 0.555245 0.444336 0.602926
0 0.521444 0.551772 0.452686 0.587559
0 0.523759 0.548847 0.443211 0.585335
0 0.523404 0.553720 0.439549 0.568581
0 0.517071 0.580639 0.449687 0.553552