0 0.093214 0.420007 0.045576 0.073078
0 0.095053 0.421175 0.044851 0.070668
0 0.095474 0.419943 0.044350 0.073081
0 0.094286 0.421140 0.045297 0.071982
0 0.095179 0.420553 0.045828 0.071448
0 0.094799 0.420824 0.044232 0.070097
0 0.093211 0.421164 0.045250 0.071950
0 0.095701 0.421058 0.045469 0.071627
0 0.095571 0.421165 0.043865 0.072047
0 0.094289 0.421400 0.045302 0.072782
0 0.868566 0.415498 0.073813 0.104261
0 0.868780 0.413801 0.074497 0.105361
0 0.867734 0.414640 0.074832 0.100705
0 0.869229 0.413821 0.074986 0.102985
0 0.868600 0.413516 0.075476 0.102632
0 0.868801 0.414127 0.075459 0.104127
0 0.869082 0.413340 0.074891 0.102559
0 0.518157 0.352866 0.368542 0.529990
0 0.522575 0.357483 0.369925 0.528839
0 0.524939 0.353068 0.374981 0.541191
0 0.518107 0.352508 0.365289 0.532284
0 0.522971 0.361609 0.366196 0.520661
0 0.521663 0.361196 0.369468 0.527636
0 0.521643 0.357844 0.376417 0.524761
0 0.524857 0.348123 0.372728 0.533126
0 0.525714 0.353178 0.367665 0.511858
0 0.526013 0.355678 0.372046 0.512230
0 0.525217 0.355215 0.374748 0.520785
0 0.522440 0.352956 0.382414 0.525462
0 0.522967 0.353113 0.373194 0.525477
0 0.521687 0.357108 0.378694 0.511595
0 0.528155 0.352304 0.375624 0.510245
0 0.526604 0.355156 0.375468 0.516456
0 0.523846 0.357079 0.376287 0.530417
0 0.524862 0.355783 0.385280 0.538622
0 0.525096 0.354027 0.377617 0.535991
0 0.526700 0.355660 0.373096 0.530039
0 0.523826 0.355431 0.375469 0.497408
0 0.525112 0.347564 0.378511 0.512457
0 0.522410 0.352897 0.378546 0.522168
0 0.521530 0.354225 0.378663 0.526492
0 0.525118 0.354919 0.380021 0.529065
0 0.525041 0.350200 0.376646 0.538315
0 0.526131 0.358936 0.366261 0.535470
0 0.524360 0.349847 0.380388 0.514100
0 0.525985 0.350630 0.382405 0.519070
0 0.526975 0.349726 0.376390 0.529943
0 0.527181 0.352914 0.381847 0.532130
0 0.526401 0.352257 0.385461 0.537027
0 0.532686 0.361107 0.374638 0.531839
0 0.525980 0.356397 0.389680 0.503305
0 0.527412 0.351938 0.383025 0.513205
0 0.524200 0.352351 0.380410 0.520293
0 0.526565 0.352692 0.381296 0.525283
0 0.527493 0.359009 0.379776 0.535755
0 0.530320 0.355545 0.382731 0.513196
0 0.527106 0.347500 0.379203 0.531199
0 0.531114 0.354771 0.371943 0.526172