0 0.521077 0.545464 0.513998 0.730685
0 0.530510 0.554659 0.529537 0.732658
0 0.536514 0.559552 0.530806 0.738647
0 0.536964 0.555187 0.517336 0.736218
0 0.533164 0.553779 0.518158 0.730425
0 0.534644 0.560035 0.520411 0.725388
0 0.519061 0.532590 0.512118 0.722626
0 0.524844 0.549581 0.509810 0.726887
0 0.535097 0.556012 0.524806 0.721320
0 0.534283 0.544876 0.521507 0.712337
0 0.541714 0.556824 0.525698 0.716025
0 0.533868 0.546781 0.514116 0.709624
0 0.538776 0.556571 0.517370 0.717844
0 0.534822 0.549607 0.508947 0.698483
0 0.538978 0.557820 0.519537 0.713481
0 0.540619 0.555013 0.519062 0.702421
0 0.539952 0.556798 0.511433 0.696013
0 0.522878 0.552356 0.510760 0.741518
0 0.524210 0.564722 0.510471 0.738534
0 0.528447 0.554604 0.523377 0.721840
0 0.541990 0.569174 0.533294 0.736461
0 0.535465 0.562237 0.540155 0.735336
0 0.542402 0.572649 0.535625 0.727569
0 0.532152 0.555556 0.524221 0.732537
0 0.534831 0.566453 0.511916 0.720114
0 0.532897 0.550093 0.524129 0.710760
0 0.538377 0.559872 0.520734 0.716839
0 0.533748 0.551823 0.523313 0.688900
0 0.531905 0.555517 0.521056 0.702555
0 0.539452 0.553054 0.511411 0.685349
0 0.539692 0.560061 0.496192 0.679665
0 0.529575 0.555316 0.545992 0.763565
0 0.526681 0.552205 0.518679 0.740722
0 0.525226 0.561615 0.522033 0.745393
0 0.545621 0.556298 0.548928 0.737919
0 0.539611 0.552737 0.542989 0.704521
0 0.542027 0.557775 0.549427 0.715808
0 0.531582 0.543911 0.529880 0.709782
0 0.536604 0.549909 0.527392 0.720106
0 0.530561 0.544022 0.522285 0.694013
0 0.535982 0.548694 0.520355 0.708075
0 0.533901 0.549976 0.521666 0.678445
0 0.533015 0.550545 0.513637 0.692057
0 0.537533 0.555151 0.517025 0.675692
0 0.536539 0.564187 0.501188 0.676539
0 0.531741 0.568688 0.497147 0.684406
0 0.527790 0.543257 0.546197 0.731873
0 0.527808 0.539623 0.512061 0.712767
0 0.532919 0.547793 0.520845 0.741625
0 0.545918 0.548771 0.545161 0.726709
0 0.543884 0.543540 0.551618 0.702627
0 0.544867 0.542310 0.547454 0.716075
0 0.532190 0.537591 0.528547 0.699808
0 0.534350 0.536373 0.531960 0.713146
0 0.529509 0.539353 0.522486 0.704250
0 0.533691 0.542165 0.516680 0.710081
0 0.536909 0.544964 0.522443 0.690673
0 0.536332 0.543424 0.519915 0.709086
0 0.532291 0.548372 0.529396 0.683609
0 0.530086 0.559396 0.509580 0.679506
0 0.530140 0.576053 0.501825 0.679493
0 0.530848 0.541596 0.543360 0.695041
0 0.537804 0.539851 0.526775 0.687418
0 0.535241 0.543593 0.536606 0.724547
0 0.550788 0.548218 0.543472 0.717639
0 0.546269 0.550608 0.554317 0.700589
0 0.549039 0.549083 0.551241 0.708138
0 0.536892 0.547932 0.526059 0.696642
0 0.538802 0.544965 0.529387 0.703191
0 0.532626 0.547606 0.521275 0.701925
0 0.535275 0.544907 0.509666 0.695729
0 0.537725 0.551406 0.516309 0.694102
0 0.540433 0.545006 0.509455 0.702205
0 0.535718 0.557391 0.527178 0.688817
0 0.526765 0.561683 0.503177 0.671118
0 0.532453 0.585250 0.494709 0.683804
0 0.518944 0.548843 0.528534 0.649150
0 0.531478 0.542173 0.512020 0.658766
0 0.534792 0.546570 0.522814 0.688244
0 0.555190 0.552688 0.539245 0.696607
0 0.547549 0.551970 0.532658 0.693856
0 0.549993 0.550923 0.539363 0.704102
0 0.536361 0.550898 0.517688 0.694727
0 0.537685 0.552600 0.522665 0.690403
0 0.537214 0.549461 0.512001 0.692675
0 0.536988 0.545387 0.500526 0.674396
0 0.537351 0.550352 0.507061 0.692861
0 0.535849 0.544979 0.487525 0.676049
0 0.529497 0.547885 0.514328 0.674573
0 0.528700 0.558118 0.501142 0.659426
0 0.535322 0.582327 0.484044 0.652477
0 0.528482 0.556013 0.507855 0.632516
0 0.534069 0.562504 0.512123 0.662923
0 0.543793 0.570530 0.513289 0.647118
0 0.554216 0.563894 0.524532 0.676751
0 0.549279 0.562350 0.520173 0.665655
0 0.550662 0.560190 0.530615 0.677524
0 0.541943 0.563354 0.513796 0.662858
0 0.545239 0.562835 0.518763 0.664784
0 0.543741 0.559130 0.504431 0.677491
0 0.546142 0.553926 0.493159 0.657592
0 0.542506 0.562143 0.509409 0.672528
0 0.544752 0.558621 0.492115 0.659667
0 0.531920 0.555653 0.513347 0.650299
0 0.527350 0.568971 0.513377 0.642904
0 0.543162 0.588736 0.504494 0.652893
0 0.532715 0.567745 0.512373 0.635298
0 0.552976 0.576652 0.519540 0.650219
0 0.552344 0.571878 0.507063 0.634101
0 0.558394 0.573180 0.524670 0.652728
0 0.550831 0.575902 0.517513 0.636730
0 0.553158 0.579744 0.523867 0.636094
0 0.550194 0.572306 0.520545 0.648310
0 0.551220 0.574183 0.511791 0.635669
0 0.547908 0.573927 0.506329 0.626169
0 0.552075 0.576973 0.497952 0.630793
0 0.535655 0.574489 0.529600 0.626526
0 0.529204 0.581216 0.522486 0.593462
0 0.550036 0.586083 0.527284 0.597023
0 0.556961 0.585780 0.536511 0.602559
0 0.556070 0.597026 0.521122 0.585098
0 0.558496 0.599533 0.525982 0.576786
0 0.550747 0.601925 0.521743 0.567435
0 0.545911 0.601008 0.525180 0.558999
0 0.548926 0.617298 0.527276 0.533723
0 0.537785 0.607438 0.524471 0.543424
0 0.522642 0.611271 0.548094 0.547866
0 0.535337 0.625431 0.551339 0.528361