0 0.522509 0.375434 0.349197 0.436279
0 0.521435 0.379197 0.348150 0.429483
0 0.525751 0.375502 0.354335 0.431781
0 0.525119 0.366903 0.357869 0.424376
0 0.522133 0.374045 0.361677 0.425024
0 0.523788 0.374648 0.360046 0.420881
0 0.525223 0.373682 0.364562 0.423158
0 0.524916 0.369363 0.350438 0.427513
0 0.515071 0.371699 0.346986 0.430271
0 0.525172 0.372732 0.358586 0.438069
0 0.519326 0.376111 0.363445 0.431211
0 0.522351 0.377464 0.352624 0.427763
0 0.524438 0.375134 0.354222 0.425905
0 0.521142 0.373835 0.352626 0.421031
0 0.527063 0.363957 0.348054 0.424195
0 0.516256 0.378597 0.350692 0.429002
0 0.523829 0.374906 0.362853 0.427832
0 0.521759 0.378847 0.353569 0.430244
0 0.522379 0.375618 0.352391 0.430532
0 0.519165 0.374019 0.347503 0.436379
0 0.521902 0.371428 0.349093 0.433068
0 0.525202 0.373273 0.342418 0.425746
0 0.514251 0.380281 0.351466 0.436141
0 0.523000 0.373019 0.368377 0.437980
0 0.527149 0.373503 0.356664 0.436826
0 0.521940 0.376433 0.352391 0.432685
0 0.521694 0.373464 0.351981 0.435161
0 0.523749 0.370149 0.347715 0.435777
0 0.524904 0.373682 0.337443 0.422107
0 0.520914 0.374641 0.363018 0.438652
0 0.526417 0.374460 0.352626 0.434384
0 0.523973 0.375614 0.348381 0.431462
0 0.519769 0.377016 0.347336 0.439558
0 0.524839 0.374705 0.344642 0.438972
0 0.525989 0.379943 0.357269 0.432366
0 0.521121 0.378516 0.358310 0.444090
0 0.523867 0.382958 0.357083 0.435471