0 0.528796 0.359204 0.303146 0.417274
0 0.529133 0.365446 0.302988 0.412046
0 0.531062 0.367300 0.308267 0.421845
0 0.531449 0.355741 0.310296 0.423215
0 0.528033 0.365268 0.312221 0.422775
0 0.531954 0.364246 0.314099 0.425693
0 0.532089 0.363716 0.313809 0.426187
0 0.530712 0.363882 0.306328 0.425263
0 0.530706 0.361955 0.316840 0.422613
0 0.531036 0.365767 0.313201 0.420843
0 0.535946 0.365338 0.308236 0.424546
0 0.532487 0.366732 0.306568 0.425135
0 0.531292 0.364869 0.309279 0.421162
0 0.533447 0.364009 0.307441 0.431030
0 0.528074 0.363430 0.316182 0.418216
0 0.533267 0.361778 0.316044 0.419503
0 0.532502 0.367436 0.311860 0.421310
0 0.534116 0.364686 0.312163 0.424495
0 0.530189 0.369646 0.310369 0.427071
0 0.529773 0.367372 0.311787 0.426250
0 0.531209 0.367428 0.307706 0.428235
0 0.531061 0.366307 0.313714 0.416162
0 0.533340 0.365650 0.313423 0.434466
0 0.534794 0.368192 0.311203 0.429206
0 0.532840 0.366448 0.315315 0.433977
0 0.531529 0.365170 0.314652 0.436662
0 0.533926 0.372725 0.305599 0.426267
0 0.528858 0.368348 0.309247 0.429455
0 0.532950 0.366767 0.308206 0.422776
0 0.531014 0.367374 0.308012 0.431971
0 0.530870 0.368148 0.313869 0.436515
0 0.529190 0.374533 0.302067 0.417309
0 0.536215 0.370729 0.307051 0.428340
0 0.533256 0.373191 0.305283 0.432934