0 0.861992 0.285052 0.069462 0.089905
0 0.862116 0.284760 0.069174 0.089719
0 0.862217 0.284303 0.069795 0.090364
0 0.861707 0.284736 0.068702 0.089791
0 0.861929 0.285017 0.069497 0.089036
0 0.862291 0.285305 0.068443 0.088769
0 0.862600 0.286093 0.069601 0.090410
0 0.863307 0.285624 0.070542 0.091617
0 0.506330 0.190672 0.123965 0.165646
0 0.507255 0.189705 0.121646 0.161952
0 0.505750 0.192487 0.123274 0.163908
0 0.505869 0.190686 0.120784 0.161923
0 0.503944 0.192146 0.123471 0.165725
0 0.508745 0.189702 0.123078 0.160039
0 0.505328 0.192063 0.123044 0.163699
0 0.507461 0.189504 0.124532 0.169723
0 0.506930 0.192454 0.123252 0.164308
0 0.506277 0.191664 0.124600 0.161879
0 0.504767 0.193244 0.125490 0.165695
0 0.507415 0.191292 0.124071 0.165091
0 0.506557 0.192016 0.123734 0.165914
0 0.508534 0.192638 0.122609 0.157590
0 0.506308 0.191963 0.122628 0.165301
0 0.507487 0.192863 0.124418 0.168530
0 0.506919 0.191714 0.120835 0.165972
0 0.506504 0.191243 0.123190 0.165073
0 0.505022 0.193460 0.122490 0.165543
0 0.507625 0.192217 0.122571 0.166939
0 0.506704 0.194537 0.121768 0.167017
0 0.508839 0.193486 0.123576 0.159735
0 0.505971 0.193253 0.121419 0.164841
0 0.506146 0.193388 0.119535 0.166421
0 0.505928 0.193944 0.122882 0.170177
0 0.505567 0.195319 0.120717 0.164410
0 0.507400 0.193810 0.123324 0.166785
0 0.507545 0.194159 0.120370 0.166780
0 0.506522 0.195538 0.121185 0.166120
0 0.506111 0.195542 0.120304 0.165907
0 0.861776 0.283830 0.072881 0.096590
0 0.861765 0.286172 0.072752 0.095756
0 0.863349 0.284204 0.071568 0.095858
0 0.861815 0.286043 0.072971 0.095804
0 0.862187 0.284957 0.072914 0.097460
0 0.862528 0.286370 0.073547 0.094865
0 0.862715 0.285454 0.072294 0.097165
0 0.863209 0.287326 0.075871 0.098205