0 0.457462 0.503310 0.374543 0.543585
0 0.459860 0.504464 0.385359 0.537190
0 0.455780 0.488103 0.368940 0.509716
0 0.455024 0.493109 0.373795 0.500557
0 0.454020 0.493865 0.373904 0.500502
0 0.457584 0.495955 0.372548 0.499124
0 0.463808 0.482530 0.379632 0.510706
0 0.453755 0.491048 0.359406 0.516407
0 0.455739 0.493874 0.371428 0.520929
0 0.453064 0.493489 0.378924 0.526548
0 0.452243 0.497491 0.377143 0.516910
0 0.455348 0.500033 0.374439 0.514764
0 0.459731 0.494826 0.367995 0.517453
0 0.448411 0.493268 0.360999 0.508845
0 0.453922 0.492930 0.364700 0.524624
0 0.454571 0.492231 0.369197 0.519534
0 0.454312 0.497014 0.371285 0.517890
0 0.452168 0.493572 0.375124 0.516789
0 0.455979 0.494841 0.362088 0.506001
0 0.448707 0.490528 0.360160 0.512360
0 0.454583 0.494723 0.362879 0.515839
0 0.456304 0.493062 0.367816 0.513898
0 0.454392 0.495241 0.367898 0.510975
0 0.450615 0.492701 0.377508 0.519915
0 0.457450 0.491900 0.361651 0.520144
0 0.446235 0.495469 0.359713 0.510440
0 0.452317 0.494623 0.366284 0.513829
0 0.458083 0.491184 0.376615 0.521628
0 0.452002 0.495232 0.373932 0.510486
0 0.456301 0.492916 0.376164 0.521144
0 0.458500 0.495575 0.365087 0.518618
0 0.453538 0.499625 0.366924 0.517501
0 0.455033 0.496620 0.376708 0.524226
0 0.450994 0.496283 0.372335 0.524852
0 0.453649 0.492160 0.371723 0.528757
0 0.447846 0.506000 0.379644 0.521414
0 0.450747 0.505208 0.379094 0.515483