0 0.515355 0.394274 0.275642 0.366455
0 0.519056 0.395813 0.273571 0.368581
0 0.519450 0.397105 0.273738 0.364293
0 0.516151 0.399533 0.279409 0.371222
0 0.516840 0.401826 0.278095 0.374936
0 0.518007 0.403330 0.274657 0.372417
0 0.515612 0.400892 0.276195 0.365973
0 0.515696 0.403624 0.275526 0.368611
0 0.515749 0.405100 0.273477 0.364988
0 0.517708 0.407752 0.279470 0.359410
0 0.512375 0.403643 0.284114 0.361530
0 0.514684 0.403727 0.280200 0.369388
0 0.517917 0.405259 0.275971 0.363792
0 0.517917 0.407556 0.274323 0.364629
0 0.518936 0.410639 0.276672 0.362013
0 0.512635 0.402473 0.281631 0.364312
0 0.513864 0.401723 0.273161 0.369261
0 0.516057 0.404237 0.273696 0.366049
0 0.517642 0.405360 0.270782 0.364299
0 0.518515 0.412501 0.270073 0.358712
0 0.512090 0.402204 0.279891 0.368781
0 0.513571 0.401041 0.272541 0.373827
0 0.516538 0.404906 0.273675 0.367443
0 0.517033 0.406499 0.270989 0.369942
0 0.518039 0.409890 0.270580 0.364065
0 0.510424 0.403372 0.276406 0.371629
0 0.512309 0.400696 0.268334 0.374405
0 0.514579 0.405128 0.268155 0.371558
0 0.515225 0.407445 0.268966 0.376856
0 0.518179 0.409867 0.267042 0.367231
0 0.512619 0.405817 0.263864 0.375184
0 0.514823 0.407542 0.263740 0.371659
0 0.516443 0.408498 0.265366 0.375104
0 0.519503 0.412264 0.260242 0.371829
0 0.516704 0.409366 0.243511 0.389080
0 0.519522 0.411875 0.247826 0.385476
0 0.515859 0.410750 0.283152 0.387173
0 0.513640 0.408189 0.288296 0.389613
0 0.520458 0.404553 0.283538 0.392993
0 0.512499 0.405489 0.279683 0.384779
0 0.513724 0.411627 0.279709 0.373464
0 0.515384 0.408305 0.276253 0.386300
0 0.517884 0.409525 0.274932 0.372511
0 0.521902 0.402874 0.275481 0.379895
0 0.509438 0.402192 0.282376 0.378618
0 0.515461 0.406603 0.276957 0.375022
0 0.512734 0.411145 0.277774 0.382138
0 0.514874 0.406557 0.279085 0.378276
0 0.517163 0.408710 0.274674 0.377711
0 0.520230 0.405371 0.278376 0.379609
0 0.507053 0.404867 0.282703 0.368544
0 0.514671 0.409059 0.277084 0.375363
0 0.515348 0.409586 0.282895 0.379460
0 0.516295 0.409428 0.274685 0.382595
0 0.517269 0.406058 0.279775 0.378045
0 0.520062 0.409181 0.275702 0.378339
0 0.512924 0.411214 0.264207 0.374283
0 0.515639 0.408430 0.274963 0.378356
0 0.516082 0.408044 0.275338 0.377609
0 0.516524 0.410827 0.274475 0.377833
0 0.517931 0.412724 0.281189 0.384770
0 0.515863 0.409381 0.272616 0.379890
0 0.518165 0.415283 0.274175 0.375243
0 0.522127 0.415480 0.269892 0.368591