0 0.068812 0.174948 0.142767 0.290039
0 0.067261 0.173568 0.142710 0.272754
0 0.068872 0.177207 0.148379 0.292982
0 0.068739 0.179319 0.143802 0.292075
0 0.066300 0.175120 0.143285 0.284148
0 0.070630 0.173216 0.145636 0.284862
0 0.067274 0.177918 0.141255 0.303386
0 0.069181 0.179511 0.147588 0.293133
0 0.068283 0.180819 0.144660 0.288005
0 0.066993 0.177086 0.143770 0.293743
0 0.069084 0.177577 0.142561 0.283104
0 0.070130 0.178689 0.149794 0.301593
0 0.069337 0.179879 0.145961 0.298635
0 0.067829 0.179598 0.147450 0.306939
0 0.069267 0.180107 0.144505 0.290060
0 0.069643 0.181170 0.147722 0.301361
0 0.067593 0.181049 0.143902 0.294520
0 0.067860 0.183078 0.146291 0.299062
0 0.069115 0.182392 0.146567 0.290111
0 0.068635 0.181662 0.147340 0.306271
0 0.065753 0.180873 0.146956 0.304010
0 0.066060 0.183496 0.146511 0.305876
0 0.067630 0.183218 0.144410 0.298647
0 0.067242 0.185038 0.143594 0.306776
0 0.066583 0.183475 0.146655 0.306484
0 0.068723 0.186525 0.144193 0.303087
0 0.640888 0.356846 0.317571 0.448750
0 0.643986 0.358103 0.317924 0.438517
0 0.644887 0.360498 0.322916 0.435674
0 0.644044 0.351705 0.330450 0.440131
0 0.641873 0.345111 0.322216 0.441778
0 0.642147 0.349939 0.322619 0.428860
0 0.644742 0.349287 0.323607 0.432989
0 0.642945 0.348334 0.325341 0.426832
0 0.645021 0.347619 0.325539 0.425133
0 0.646658 0.344646 0.318409 0.434441
0 0.642977 0.347366 0.325099 0.431511
0 0.641346 0.349942 0.320261 0.432426
0 0.643491 0.349922 0.317976 0.435232
0 0.644495 0.350789 0.324824 0.430423
0 0.641679 0.348479 0.319295 0.429231
0 0.644435 0.348782 0.319732 0.427971
0 0.638592 0.349772 0.320200 0.426647
0 0.642576 0.349487 0.319502 0.434594
0 0.639990 0.353238 0.321145 0.441838
0 0.639123 0.351656 0.325108 0.433812
0 0.643583 0.348934 0.323380 0.434444
0 0.644203 0.348272 0.321966 0.437338
0 0.635808 0.352066 0.318502 0.428302
0 0.639043 0.354830 0.318045 0.432645
0 0.642435 0.350349 0.320059 0.446591
0 0.642832 0.348654 0.324277 0.439285
0 0.642172 0.348526 0.331011 0.440105
0 0.648374 0.351544 0.322126 0.444204
0 0.636321 0.353882 0.315679 0.434892
0 0.639007 0.350257 0.313506 0.440622
0 0.643388 0.348261 0.316702 0.446159
0 0.639935 0.349355 0.323005 0.451095
0 0.640725 0.359192 0.314201 0.440109
0 0.643489 0.361104 0.311180 0.450261