0 0.397086 0.309114 0.243276 0.317959
0 0.399276 0.307878 0.241983 0.314856
0 0.397337 0.310263 0.248743 0.314837
0 0.399115 0.311520 0.251243 0.314673
0 0.398734 0.312827 0.248884 0.313762
0 0.399059 0.312237 0.250084 0.314086
0 0.397074 0.306202 0.245134 0.311024
0 0.398861 0.308678 0.248301 0.312293
0 0.398295 0.308850 0.251693 0.315461
0 0.398350 0.311181 0.250629 0.311692
0 0.397307 0.312660 0.252407 0.307707
0 0.398701 0.312013 0.253997 0.303855
0 0.396576 0.307051 0.249839 0.306939
0 0.398543 0.308304 0.249636 0.316729
0 0.399474 0.309713 0.251097 0.318832
0 0.398459 0.310819 0.251564 0.313002
0 0.397280 0.310198 0.253212 0.310915
0 0.397997 0.312431 0.256296 0.304997
0 0.396734 0.308158 0.250779 0.311448
0 0.398846 0.309124 0.249744 0.320752
0 0.399118 0.310908 0.253326 0.319072
0 0.398211 0.309730 0.253885 0.319455
0 0.396723 0.310121 0.254034 0.312021
0 0.399479 0.313437 0.255257 0.303106
0 0.396684 0.310663 0.249991 0.314676
0 0.400132 0.309313 0.250369 0.316461
0 0.399439 0.310865 0.251157 0.314147
0 0.398023 0.310883 0.257162 0.315775
0 0.397114 0.312408 0.256560 0.310098
0 0.400430 0.315070 0.249516 0.297903
0 0.396453 0.311221 0.248085 0.313301
0 0.398976 0.309541 0.250645 0.317550
0 0.398462 0.310958 0.250166 0.305107
0 0.398180 0.311313 0.254069 0.311019
0 0.397992 0.312345 0.251951 0.309175
0 0.401940 0.317181 0.247802 0.301447
0 0.397794 0.310421 0.250298 0.313345
0 0.398361 0.309901 0.247300 0.308745
0 0.399597 0.310812 0.251395 0.310315
0 0.399996 0.314610 0.245448 0.310330
0 0.400555 0.313614 0.240922 0.311629
0 0.403091 0.315842 0.242365 0.309284
0 0.399385 0.311403 0.249777 0.316241
0 0.399882 0.308015 0.255214 0.309625
0 0.397058 0.307892 0.254242 0.308755
0 0.399313 0.307693 0.245882 0.307521
0 0.399047 0.313194 0.253253 0.308032
0 0.401593 0.312121 0.250199 0.305729
0 0.401668 0.311700 0.244034 0.307552
0 0.399907 0.310243 0.249747 0.307837
0 0.400245 0.309619 0.262187 0.326652
0 0.398304 0.309133 0.263124 0.313578
0 0.401294 0.313319 0.251999 0.311214
0 0.402188 0.314717 0.242562 0.303185
0 0.400826 0.311469 0.250139 0.307560
0 0.400676 0.309966 0.249735 0.305625
0 0.400112 0.314299 0.255881 0.318650
0 0.400788 0.311313 0.250736 0.313524
0 0.402621 0.308652 0.254083 0.306158
0 0.400366 0.308566 0.249734 0.313481
0 0.402077 0.311701 0.248260 0.307570