0 0.534333 0.629135 0.365104 0.487982
0 0.531000 0.638996 0.372625 0.491564
0 0.538916 0.637977 0.374350 0.485924
0 0.537296 0.623130 0.379754 0.467643
0 0.536413 0.632862 0.381261 0.471851
0 0.534104 0.635409 0.379424 0.476081
0 0.532234 0.633038 0.378678 0.476951
0 0.535219 0.630750 0.371678 0.486320
0 0.541369 0.628136 0.379145 0.466081
0 0.537527 0.630366 0.382793 0.470853
0 0.533066 0.629543 0.373776 0.471114
0 0.531453 0.631374 0.379109 0.463966
0 0.531014 0.634296 0.374332 0.468940
0 0.537552 0.627128 0.367812 0.475128
0 0.525355 0.623678 0.362717 0.444488
0 0.539384 0.623805 0.382629 0.457135
0 0.538155 0.632939 0.376557 0.456785
0 0.537787 0.630994 0.373602 0.465587
0 0.534289 0.635058 0.375280 0.467179
0 0.531086 0.633542 0.371316 0.471700
0 0.534027 0.630928 0.366772 0.469396
0 0.521414 0.627721 0.357824 0.443134
0 0.534525 0.626350 0.379464 0.454660
0 0.539601 0.630634 0.374751 0.452022
0 0.534730 0.632941 0.364608 0.446481
0 0.532209 0.636089 0.368997 0.448043
0 0.533837 0.633388 0.373722 0.455182
0 0.535681 0.629081 0.371618 0.460805
0 0.532314 0.631344 0.373730 0.430730
0 0.538095 0.626699 0.372991 0.438882
0 0.533287 0.626787 0.369195 0.451408
0 0.534562 0.630771 0.374677 0.455340
0 0.536273 0.629086 0.368491 0.464927
0 0.536579 0.625654 0.372732 0.443725
0 0.533027 0.626850 0.381130 0.455882
0 0.532888 0.628379 0.378514 0.460116
0 0.534487 0.649381 0.375900 0.432066