0 0.458795 0.331539 0.238433 0.323104
0 0.459475 0.333880 0.236623 0.325736
0 0.460682 0.332241 0.233991 0.327364
0 0.458539 0.336297 0.237521 0.331570
0 0.461021 0.340552 0.238604 0.331028
0 0.461554 0.341465 0.240460 0.336738
0 0.461392 0.341143 0.240109 0.334100
0 0.463958 0.338082 0.236730 0.331561
0 0.459658 0.340879 0.235693 0.329480
0 0.460024 0.343030 0.239788 0.335489
0 0.461113 0.341668 0.240777 0.338495
0 0.462050 0.342087 0.241025 0.335087
0 0.461817 0.341233 0.239479 0.332464
0 0.460093 0.340888 0.235800 0.325371
0 0.460745 0.339370 0.239634 0.326775
0 0.460389 0.339314 0.240235 0.325700
0 0.461150 0.340395 0.238846 0.323553
0 0.461300 0.340432 0.237284 0.330604
0 0.459321 0.339743 0.238360 0.318576
0 0.461927 0.339655 0.239415 0.324830
0 0.460018 0.339320 0.236168 0.327499
0 0.459867 0.339496 0.239780 0.324895
0 0.461239 0.338916 0.236504 0.324701
0 0.458312 0.337934 0.237675 0.319994
0 0.461994 0.337928 0.238936 0.322442
0 0.460419 0.338780 0.237016 0.323563
0 0.459843 0.340052 0.238567 0.322967
0 0.461127 0.340089 0.233739 0.320971
0 0.458175 0.337398 0.236237 0.318174
0 0.460740 0.338283 0.239961 0.321148
0 0.461115 0.338218 0.236715 0.324326
0 0.460555 0.340109 0.241362 0.324915
0 0.461150 0.340855 0.235214 0.321606
0 0.456790 0.340145 0.239682 0.322550
0 0.459516 0.337046 0.237861 0.321412
0 0.459932 0.338943 0.234692 0.324059
0 0.459548 0.340041 0.235060 0.328841
0 0.463189 0.344934 0.230528 0.325660
0 0.459199 0.341413 0.237450 0.326823
0 0.459925 0.341847 0.230422 0.321086
0 0.462798 0.344757 0.233254 0.324738
0 0.459400 0.343395 0.237275 0.327445
0 0.462849 0.342927 0.241121 0.325937
0 0.457011 0.343997 0.237188 0.322051
0 0.458946 0.342141 0.237396 0.324816
0 0.462930 0.334867 0.242379 0.335956
0 0.461528 0.343510 0.237060 0.328914
0 0.460929 0.338996 0.238200 0.327322
0 0.461108 0.340358 0.236770 0.323904
0 0.462239 0.339723 0.234062 0.326007
0 0.458861 0.342618 0.237175 0.331284
0 0.461881 0.342481 0.235043 0.321841
0 0.460499 0.340382 0.233948 0.325203
0 0.459696 0.339113 0.234792 0.325105
0 0.463338 0.338648 0.231254 0.328189
0 0.451147 0.340457 0.232313 0.333359
0 0.456508 0.340618 0.236659 0.325401
0 0.457668 0.340155 0.240844 0.329897
0 0.461607 0.337119 0.239071 0.330576
0 0.461864 0.339804 0.233308 0.328559