0 0.481177 0.432514 0.321731 0.440793
0 0.486338 0.425587 0.322945 0.447605
0 0.478810 0.427216 0.321612 0.447252
0 0.479204 0.435125 0.324249 0.435569
0 0.478922 0.437198 0.319233 0.436504
0 0.479495 0.437462 0.321269 0.434443
0 0.485060 0.426339 0.318727 0.453661
0 0.485149 0.426920 0.325161 0.436207
0 0.480520 0.429046 0.315457 0.425889
0 0.481772 0.432420 0.320254 0.428459
0 0.477528 0.431878 0.314429 0.421376
0 0.478659 0.433035 0.314625 0.427099
0 0.463226 0.433719 0.303207 0.430207
0 0.482189 0.429720 0.325930 0.442975
0 0.483633 0.432245 0.315101 0.431737
0 0.483541 0.428338 0.315479 0.437095
0 0.474709 0.431448 0.308757 0.430860
0 0.477355 0.432031 0.310191 0.435792
0 0.489717 0.425097 0.309296 0.436256
0 0.485173 0.432586 0.322074 0.444034
0 0.483327 0.431349 0.319390 0.433082
0 0.479233 0.431208 0.311589 0.425562
0 0.478090 0.432178 0.309438 0.415181
0 0.477109 0.428551 0.306553 0.422106
0 0.490460 0.428271 0.311889 0.431356
0 0.480056 0.435617 0.320949 0.444288
0 0.477240 0.433275 0.321150 0.439842
0 0.475093 0.431166 0.313047 0.443997
0 0.476776 0.428320 0.309072 0.436796
0 0.479923 0.424531 0.313767 0.444912
0 0.473946 0.433923 0.324023 0.447624
0 0.475669 0.432524 0.324847 0.445202
0 0.478260 0.431588 0.322567 0.436618