0 0.479027 0.403849 0.297102 0.434818
0 0.481682 0.407111 0.292800 0.429139
0 0.483772 0.407437 0.295121 0.425925
0 0.479062 0.401364 0.297972 0.435357
0 0.481685 0.407432 0.303225 0.424763
0 0.485585 0.408326 0.301781 0.434276
0 0.485627 0.405906 0.303312 0.425035
0 0.483377 0.407254 0.293971 0.428748
0 0.471559 0.399557 0.300255 0.435749
0 0.479337 0.403777 0.299512 0.431397
0 0.482281 0.405301 0.305497 0.429518
0 0.487402 0.405765 0.301343 0.433971
0 0.483660 0.405012 0.298606 0.428841
0 0.482621 0.403592 0.302110 0.429078
0 0.484417 0.406892 0.303803 0.435180
0 0.475506 0.408595 0.302374 0.415969
0 0.483683 0.405296 0.299236 0.427658
0 0.483611 0.407680 0.298846 0.431221
0 0.486408 0.408230 0.296647 0.431615
0 0.482155 0.408428 0.300676 0.434987
0 0.484431 0.403447 0.300365 0.438498
0 0.484305 0.408776 0.303853 0.438820
0 0.480621 0.406839 0.292852 0.426393
0 0.481817 0.404202 0.304419 0.449355
0 0.484037 0.404111 0.300337 0.436234
0 0.482537 0.404605 0.301552 0.440988
0 0.484413 0.402951 0.306199 0.443860
0 0.479055 0.409308 0.300677 0.431695
0 0.484372 0.407659 0.300338 0.428227
0 0.481561 0.407162 0.298487 0.432009
0 0.484037 0.409149 0.307615 0.441983