0 0.489226 0.209536 0.110402 0.160457
0 0.488983 0.209317 0.112934 0.163838
0 0.488190 0.208372 0.109709 0.156105
0 0.488239 0.208778 0.111898 0.159320
0 0.488752 0.209740 0.109864 0.158009
0 0.488022 0.209290 0.110497 0.159483
0 0.489741 0.209861 0.109236 0.157104
0 0.489194 0.209432 0.109375 0.158851
0 0.488754 0.209376 0.110437 0.161398
0 0.488398 0.210911 0.110646 0.162947
0 0.487473 0.210473 0.109101 0.156503
0 0.486594 0.210121 0.110094 0.158900
0 0.488556 0.209043 0.112505 0.160197
0 0.488705 0.210378 0.110418 0.158501
0 0.489722 0.209314 0.111071 0.160377
0 0.490011 0.209904 0.109252 0.158107
0 0.488902 0.209928 0.111022 0.159253
0 0.487473 0.212293 0.113826 0.161746
0 0.487593 0.211259 0.109218 0.156790
0 0.487160 0.210654 0.111982 0.159502
0 0.488414 0.209813 0.112865 0.160422
0 0.488401 0.211128 0.112468 0.158890
0 0.489148 0.210056 0.109379 0.159906
0 0.488482 0.210931 0.109615 0.158998
0 0.488809 0.212687 0.109531 0.157954
0 0.488512 0.211942 0.108613 0.159740