0 0.270820 0.467715 0.490422 0.712817
0 0.279322 0.473810 0.488460 0.701313
0 0.275546 0.466164 0.487199 0.689620
0 0.285617 0.479748 0.497441 0.710278
0 0.282559 0.466281 0.491395 0.687538
0 0.291924 0.476011 0.503499 0.707781
0 0.284532 0.464611 0.476398 0.677076
0 0.287033 0.477009 0.502612 0.711327
0 0.292116 0.482292 0.508121 0.720722
0 0.288971 0.479802 0.515070 0.705254
0 0.268561 0.476697 0.483193 0.712686
0 0.279173 0.475397 0.501463 0.709430
0 0.272627 0.472548 0.497789 0.719554
0 0.290312 0.480296 0.489956 0.710435
0 0.281377 0.475693 0.518447 0.726803
0 0.290689 0.487373 0.504269 0.724523
0 0.281969 0.475028 0.518239 0.721668
0 0.291577 0.483876 0.513136 0.719942
0 0.279799 0.477723 0.503581 0.701074
0 0.284186 0.486397 0.520991 0.727006
0 0.289234 0.477490 0.497500 0.690830
0 0.287081 0.489404 0.507938 0.715482
0 0.278405 0.492868 0.515406 0.715584
0 0.276789 0.493870 0.528934 0.730374
0 0.259506 0.443192 0.469116 0.690689
0 0.264352 0.470326 0.483556 0.692761
0 0.282927 0.466455 0.505447 0.680069
0 0.277864 0.466299 0.507045 0.687503
0 0.287741 0.469658 0.498565 0.680139
0 0.286246 0.469533 0.526717 0.707730
0 0.291449 0.477986 0.510930 0.701486
0 0.282458 0.467908 0.524301 0.705136
0 0.286943 0.473145 0.518064 0.708066
0 0.283705 0.473080 0.499275 0.699373
0 0.285632 0.476593 0.506949 0.710130
0 0.290235 0.474646 0.502234 0.684972
0 0.286352 0.478059 0.512868 0.705674
0 0.278874 0.485485 0.513612 0.703032
0 0.278172 0.496862 0.519340 0.719274
0 0.259335 0.453745 0.483514 0.706679
0 0.263829 0.469566 0.487689 0.694194
0 0.288766 0.467298 0.524539 0.699149
0 0.284532 0.462474 0.514647 0.684592
0 0.295117 0.466297 0.512090 0.691063
0 0.289872 0.462774 0.532387 0.693892
0 0.295163 0.468954 0.521988 0.696604
0 0.287474 0.459936 0.528963 0.689875
0 0.290249 0.467812 0.514896 0.690460
0 0.284246 0.460267 0.514594 0.697715
0 0.282970 0.464220 0.503833 0.693627
0 0.288644 0.469908 0.514556 0.677422
0 0.286099 0.472142 0.516303 0.685331
0 0.278069 0.486636 0.516335 0.692105
0 0.270757 0.499604 0.530696 0.715033
0 0.262399 0.499058 0.581427 0.765357
0 0.260923 0.457211 0.492867 0.718039
0 0.261890 0.470145 0.500760 0.719247
0 0.289645 0.471622 0.535279 0.700361
0 0.281848 0.465699 0.517585 0.695146
0 0.292966 0.467789 0.518397 0.703202
0 0.289040 0.462224 0.525688 0.695347
0 0.295896 0.463823 0.526591 0.702209
0 0.291223 0.461347 0.526077 0.688907
0 0.292424 0.464283 0.526429 0.704645
0 0.286739 0.466297 0.515233 0.687219
0 0.284971 0.473641 0.511827 0.696340
0 0.289539 0.474862 0.516864 0.672556
0 0.285816 0.478977 0.520950 0.695956
0 0.277241 0.486508 0.512093 0.688223
0 0.272081 0.492874 0.531669 0.708598
0 0.265885 0.498521 0.567017 0.742887
0 0.248936 0.463207 0.485022 0.714704
0 0.254437 0.455012 0.492086 0.739082
0 0.291906 0.459062 0.515920 0.720893
0 0.299858 0.453246 0.525326 0.718519
0 0.290925 0.453596 0.532551 0.713270
0 0.295588 0.454128 0.532103 0.721872
0 0.287165 0.459342 0.525106 0.693118
0 0.287198 0.460276 0.524364 0.699135
0 0.282247 0.462689 0.508382 0.691688
0 0.280968 0.461126 0.511266 0.702048
0 0.285990 0.468621 0.513916 0.676939
0 0.283090 0.469779 0.515587 0.701550
0 0.274341 0.474932 0.510340 0.701184
0 0.274832 0.483078 0.533236 0.742114
0 0.276992 0.493327 0.581171 0.768330
0 0.260890 0.469890 0.483146 0.709050
0 0.292156 0.470097 0.511455 0.708766
0 0.299308 0.460644 0.527759 0.708453
0 0.292035 0.453288 0.539787 0.704560
0 0.296441 0.453677 0.543124 0.712287
0 0.290425 0.455379 0.534422 0.711556
0 0.290077 0.454007 0.526705 0.709621
0 0.290311 0.459850 0.515275 0.714362
0 0.286130 0.456279 0.501785 0.704617
0 0.287445 0.470484 0.511242 0.699855
0 0.281652 0.463147 0.501219 0.713309
0 0.276575 0.469318 0.505185 0.721143
0 0.278871 0.473055 0.546368 0.769791
0 0.283053 0.487836 0.561733 0.755116
0 0.262974 0.483477 0.470435 0.679012
0 0.289531 0.477458 0.497528 0.680439
0 0.298010 0.470635 0.536116 0.672399
0 0.286829 0.466841 0.549322 0.672137
0 0.298959 0.466164 0.558865 0.673689
0 0.284165 0.472099 0.536885 0.665708
0 0.291783 0.471050 0.538992 0.667406
0 0.281798 0.478293 0.522995 0.669856
0 0.286936 0.474998 0.527624 0.674186
0 0.282918 0.485870 0.528733 0.668815
0 0.279867 0.477217 0.516630 0.680057
0 0.278766 0.481225 0.525886 0.686926
0 0.284146 0.484657 0.558032 0.737302
0 0.287333 0.470320 0.535139 0.638442
0 0.301868 0.475588 0.565950 0.633669
0 0.298263 0.480102 0.556691 0.653593
0 0.277885 0.492973 0.552545 0.662485
0 0.275320 0.500958 0.546491 0.669229
0 0.279020 0.494416 0.568812 0.710326
0 0.294555 0.504123 0.591092 0.637126
0 0.281778 0.507600 0.599086 0.653064