0 0.852188 0.331242 0.033237 0.055873
0 0.853704 0.331724 0.034001 0.056408
0 0.852491 0.333308 0.031950 0.054374
0 0.853379 0.332696 0.033254 0.055320
0 0.855565 0.332262 0.037425 0.059481
0 0.852387 0.333199 0.033043 0.055980
0 0.854791 0.332652 0.035732 0.055755
0 0.503170 0.262502 0.204955 0.285510
0 0.502273 0.261350 0.205579 0.287220
0 0.503929 0.266893 0.205089 0.287056
0 0.502078 0.268962 0.206920 0.286544
0 0.503444 0.266938 0.206594 0.286199
0 0.504551 0.266499 0.204491 0.281253
0 0.504342 0.270381 0.206629 0.288040
0 0.504965 0.270324 0.207340 0.291534
0 0.505086 0.269744 0.210028 0.292492
0 0.507188 0.268860 0.206418 0.287163
0 0.502564 0.264828 0.202646 0.279440
0 0.504574 0.266444 0.208162 0.285704
0 0.504489 0.268352 0.204795 0.291141
0 0.504809 0.269013 0.207206 0.293945
0 0.506902 0.270111 0.208399 0.291483
0 0.506035 0.269234 0.204870 0.287291
0 0.502847 0.264608 0.202330 0.275990
0 0.504914 0.266621 0.207398 0.280727
0 0.505812 0.267862 0.206107 0.285431
0 0.505227 0.270123 0.205235 0.288276
0 0.505309 0.270978 0.204532 0.284916
0 0.504962 0.268699 0.205594 0.287003
0 0.502197 0.265878 0.201214 0.275200
0 0.505628 0.266054 0.206878 0.285336
0 0.506896 0.267918 0.204266 0.282885
0 0.505454 0.268614 0.206990 0.285811
0 0.504001 0.268661 0.205750 0.285578
0 0.505523 0.267734 0.206018 0.285794
0 0.501695 0.268804 0.202077 0.268224
0 0.505975 0.267869 0.203402 0.274297
0 0.505576 0.266910 0.205347 0.275233
0 0.504238 0.266309 0.204769 0.279358
0 0.503244 0.267454 0.202545 0.284652
0 0.506198 0.270430 0.199312 0.280703
0 0.503248 0.268155 0.204090 0.273618
0 0.505821 0.267282 0.203644 0.271021
0 0.504342 0.267934 0.203135 0.271456
0 0.504904 0.269721 0.199014 0.274119
0 0.504674 0.268851 0.202850 0.277415
0 0.504991 0.267236 0.196311 0.275959
0 0.505479 0.276358 0.204983 0.296007
0 0.501108 0.273652 0.205301 0.291980
0 0.505076 0.279865 0.203762 0.292289
0 0.502241 0.274061 0.204415 0.285551
0 0.501791 0.276941 0.205863 0.285122
0 0.499948 0.278594 0.208030 0.297029