0 0.531818 0.472287 0.401181 0.656981
0 0.540952 0.468405 0.399967 0.657489
0 0.538462 0.479258 0.416250 0.650876
0 0.537507 0.482382 0.414567 0.659034
0 0.539943 0.475278 0.416478 0.637223
0 0.548926 0.469691 0.406800 0.630792
0 0.542869 0.495676 0.445660 0.689563
0 0.527666 0.490559 0.425814 0.672532
0 0.544840 0.500059 0.438505 0.686543
0 0.534597 0.495206 0.426258 0.695069
0 0.538082 0.496038 0.423814 0.683892
0 0.533145 0.496835 0.426654 0.704453
0 0.529353 0.497325 0.429201 0.695834
0 0.538163 0.483696 0.424268 0.682216
0 0.532451 0.488150 0.417291 0.675072
0 0.544033 0.474443 0.415065 0.660634
0 0.540804 0.476381 0.426237 0.673028
0 0.545418 0.469082 0.437564 0.655067
0 0.543168 0.465338 0.439504 0.632221
0 0.573723 0.507577 0.530396 0.775709
0 0.537158 0.500605 0.438887 0.686162
0 0.531849 0.494164 0.408279 0.661668
0 0.542067 0.497162 0.416239 0.689886
0 0.539269 0.493668 0.426664 0.671472
0 0.536558 0.498050 0.427815 0.683440
0 0.539730 0.484437 0.431214 0.672957
0 0.536190 0.494510 0.431236 0.681883
0 0.537786 0.479288 0.428299 0.657746
0 0.538129 0.488358 0.424130 0.663106
0 0.545660 0.469729 0.426365 0.651501
0 0.543304 0.476482 0.429986 0.664626
0 0.543333 0.475760 0.437091 0.644645
0 0.538904 0.475008 0.444653 0.619525
0 0.579474 0.509190 0.543202 0.788552
0 0.538222 0.504964 0.438425 0.695534
0 0.528616 0.492990 0.411718 0.672442
0 0.535742 0.495735 0.416076 0.691294
0 0.537061 0.487078 0.425328 0.686094
0 0.539114 0.499049 0.432193 0.710986
0 0.534933 0.474408 0.431135 0.682436
0 0.531452 0.485753 0.429088 0.693390
0 0.536274 0.470932 0.426527 0.666026
0 0.532197 0.481856 0.426775 0.674253
0 0.542377 0.460636 0.420685 0.663140
0 0.533694 0.470500 0.423140 0.677065
0 0.539566 0.461587 0.428097 0.649268
0 0.537570 0.463898 0.438913 0.646667
0 0.585519 0.513068 0.555028 0.799963
0 0.541298 0.494361 0.445882 0.675251
0 0.523037 0.486584 0.427050 0.664382
0 0.529494 0.481118 0.431810 0.681070
0 0.537513 0.481481 0.428773 0.689638
0 0.544967 0.488441 0.440536 0.724682
0 0.537492 0.472858 0.423696 0.703927
0 0.536736 0.480954 0.431828 0.724452
0 0.533824 0.470328 0.424127 0.691470
0 0.530702 0.477767 0.427912 0.699418
0 0.537840 0.465634 0.422536 0.696623
0 0.528262 0.472181 0.422058 0.702428
0 0.538770 0.474637 0.427313 0.679725
0 0.530367 0.480773 0.442365 0.664664
0 0.581560 0.508354 0.558186 0.763581
0 0.543269 0.496602 0.458846 0.657836
0 0.520547 0.493545 0.436093 0.655042
0 0.530263 0.483915 0.439699 0.659260
0 0.539223 0.479175 0.432990 0.681813
0 0.547156 0.481617 0.443796 0.713008
0 0.535191 0.472348 0.429437 0.694556
0 0.532413 0.476549 0.436671 0.709579
0 0.532505 0.464499 0.431319 0.716944
0 0.525587 0.467134 0.427853 0.712439
0 0.538838 0.470372 0.430151 0.690811
0 0.531289 0.470166 0.425810 0.696470
0 0.537962 0.471958 0.437578 0.678057
0 0.536664 0.492611 0.456321 0.651379
0 0.576679 0.513028 0.583712 0.766103
0 0.536054 0.493578 0.483152 0.689283
0 0.512602 0.498930 0.436851 0.676163
0 0.523835 0.477496 0.447937 0.700825
0 0.536111 0.488565 0.429842 0.678569
0 0.544019 0.484654 0.446500 0.721268
0 0.535224 0.478711 0.433845 0.702628
0 0.531686 0.481871 0.452604 0.726244
0 0.535727 0.479309 0.441916 0.711090
0 0.525909 0.474981 0.450932 0.711441
0 0.543435 0.481564 0.440981 0.690774
0 0.532524 0.461409 0.452258 0.701794
0 0.534707 0.475070 0.449265 0.669483
0 0.526465 0.510023 0.446614 0.664068
0 0.535774 0.489820 0.471337 0.706477
0 0.530489 0.492453 0.434588 0.676821
0 0.532209 0.491004 0.431307 0.667169