0 0.116931 0.453309 0.011536 0.014600
0 0.184122 0.452267 0.015339 0.019197
0 0.511648 0.312686 0.258092 0.394211
0 0.512450 0.314670 0.261320 0.394339
0 0.513333 0.321063 0.258330 0.392841
0 0.512445 0.320624 0.260092 0.389798
0 0.514323 0.319674 0.267088 0.387080
0 0.513355 0.320767 0.257225 0.403677
0 0.512983 0.320697 0.261992 0.394404
0 0.514212 0.320773 0.267152 0.386765
0 0.513462 0.318330 0.265070 0.411855
0 0.512545 0.319622 0.264981 0.398062
0 0.511632 0.321436 0.268883 0.391504
0 0.511158 0.319294 0.266088 0.403623
0 0.511514 0.321186 0.264662 0.393656
0 0.511007 0.323477 0.264756 0.385449
0 0.513394 0.326780 0.265846 0.370531
0 0.509975 0.320664 0.262727 0.381162
0 0.511338 0.321643 0.262870 0.368253
0 0.512041 0.322652 0.262770 0.367627
0 0.516529 0.325073 0.263542 0.358873
0 0.509350 0.323376 0.255185 0.376817
0 0.509586 0.323177 0.257828 0.369061
0 0.511349 0.324150 0.257904 0.366104
0 0.516189 0.326011 0.256136 0.358809
0 0.505980 0.325127 0.248633 0.388850
0 0.508511 0.324889 0.252553 0.382993
0 0.510848 0.327908 0.255973 0.377154
0 0.519786 0.311566 0.270876 0.428097
0 0.521199 0.312877 0.272140 0.421848
0 0.517835 0.308017 0.280549 0.417057
0 0.519997 0.316153 0.273588 0.401630
0 0.517286 0.312482 0.273069 0.404505
0 0.517819 0.311883 0.271679 0.406731
0 0.517910 0.316656 0.277771 0.402007
0 0.521595 0.315797 0.265897 0.400745
0 0.516170 0.316247 0.259869 0.383580
0 0.516696 0.314413 0.263895 0.389461
0 0.515537 0.318020 0.263696 0.386371
0 0.515276 0.320486 0.278517 0.404060
0 0.517715 0.314958 0.269994 0.393755
0 0.516577 0.315551 0.263853 0.396018
0 0.514792 0.319468 0.256975 0.376530
0 0.515048 0.316492 0.262146 0.382807
0 0.511592 0.322003 0.261142 0.378273
0 0.511765 0.318215 0.264413 0.386826
0 0.510466 0.317770 0.265284 0.391178
0 0.513523 0.327014 0.258674 0.373461
0 0.513728 0.319727 0.254895 0.380915
0 0.515294 0.319501 0.256222 0.372709
0 0.506203 0.323122 0.257641 0.392677
0 0.509277 0.326796 0.264823 0.387399
0 0.510550 0.324695 0.258070 0.373368
0 0.513500 0.323318 0.251832 0.368025