0 0.630290 0.368902 0.321704 0.465006
0 0.631924 0.371018 0.320408 0.461853
0 0.634006 0.367642 0.312640 0.462448
0 0.625636 0.369068 0.326501 0.475170
0 0.631140 0.371411 0.321170 0.473264
0 0.634388 0.369639 0.317940 0.470327
0 0.638371 0.369188 0.319202 0.470783
0 0.633826 0.362580 0.317771 0.466995
0 0.632278 0.371663 0.320065 0.460587
0 0.632256 0.368324 0.316161 0.465196
0 0.635037 0.372465 0.324076 0.476660
0 0.641496 0.373108 0.325684 0.471397
0 0.635664 0.367655 0.320687 0.462208
0 0.638722 0.364372 0.316385 0.475458
0 0.632904 0.372357 0.314158 0.463996
0 0.633367 0.371778 0.320400 0.468492
0 0.633903 0.373131 0.325638 0.473308
0 0.637928 0.371664 0.321798 0.472663
0 0.636375 0.369424 0.313824 0.470804
0 0.638456 0.370062 0.312706 0.481285
0 0.630977 0.368529 0.307180 0.462529
0 0.633985 0.372409 0.319560 0.462080
0 0.634177 0.368722 0.320771 0.469520
0 0.635843 0.367725 0.321818 0.476647
0 0.636634 0.368761 0.326385 0.481535
0 0.646964 0.371274 0.318025 0.486891
0 0.625416 0.373958 0.316694 0.465707
0 0.635572 0.369224 0.320592 0.480959
0 0.636880 0.363568 0.326312 0.487125
0 0.635543 0.362450 0.332137 0.491074
0 0.631827 0.364059 0.323998 0.499515
0 0.635499 0.372493 0.323517 0.485169
0 0.638820 0.365535 0.322538 0.506183
0 0.639611 0.369390 0.323455 0.498731