0 0.556413 0.370121 0.278448 0.478286
0 0.553511 0.368749 0.283717 0.478601
0 0.553911 0.382045 0.275907 0.486461
0 0.558371 0.385785 0.267664 0.470467
0 0.563076 0.385314 0.272381 0.473182
0 0.562235 0.381105 0.268505 0.469262
0 0.549258 0.372001 0.283100 0.481126
0 0.560011 0.375589 0.268336 0.456173
0 0.563941 0.378342 0.267107 0.447186
0 0.567584 0.377320 0.269794 0.455776
0 0.561421 0.374569 0.265786 0.453414
0 0.565334 0.373779 0.270704 0.446792
0 0.552987 0.377012 0.274472 0.463832
0 0.561286 0.379922 0.273528 0.453523
0 0.562885 0.380816 0.272585 0.452312
0 0.561080 0.376630 0.271351 0.450457
0 0.560984 0.376781 0.260972 0.453009
0 0.565370 0.377550 0.270038 0.444267
0 0.553547 0.379835 0.274663 0.445805
0 0.558969 0.378707 0.278307 0.450255
0 0.559906 0.380420 0.283927 0.456529
0 0.559567 0.375788 0.277554 0.453426
0 0.562383 0.376705 0.276664 0.456020
0 0.566044 0.377585 0.277656 0.452709
0 0.556663 0.384967 0.274874 0.447975
0 0.561854 0.377300 0.283009 0.453134
0 0.560842 0.374489 0.280132 0.446451
0 0.560574 0.373490 0.276262 0.442972
0 0.564987 0.386419 0.287848 0.456752
0 0.560736 0.380968 0.286123 0.449800
0 0.564569 0.385755 0.294068 0.442957
0 0.565112 0.388730 0.286242 0.432791