0 0.481715 0.314671 0.271693 0.390636
0 0.482507 0.316998 0.276721 0.390942
0 0.481204 0.317442 0.277109 0.388062
0 0.482252 0.318760 0.280156 0.391851
0 0.481681 0.321032 0.280919 0.391302
0 0.479906 0.314244 0.270713 0.393936
0 0.482171 0.314044 0.272648 0.395340
0 0.479088 0.315303 0.284543 0.413656
0 0.478166 0.318516 0.284968 0.410509
0 0.480059 0.316580 0.281891 0.414089
0 0.478106 0.313692 0.285563 0.413392
0 0.480110 0.323673 0.282637 0.403141
0 0.481778 0.319855 0.281431 0.412347
0 0.482820 0.321187 0.278835 0.414132
0 0.482456 0.317446 0.285296 0.413229
0 0.480260 0.318101 0.286392 0.400479
0 0.479599 0.320355 0.285790 0.401837
0 0.483497 0.318485 0.281660 0.402890
0 0.478591 0.317738 0.279606 0.402006
0 0.480753 0.314676 0.284950 0.403146
0 0.486498 0.312837 0.283851 0.414427
0 0.478887 0.317582 0.284759 0.396746
0 0.478264 0.319391 0.285330 0.408412
0 0.482626 0.314946 0.281244 0.405175
0 0.482039 0.316314 0.280559 0.399497
0 0.479131 0.314232 0.284067 0.407010
0 0.483674 0.315036 0.281000 0.413791
0 0.479182 0.319109 0.282368 0.396692
0 0.478542 0.321048 0.280797 0.398455
0 0.480255 0.318698 0.282334 0.402094
0 0.478646 0.315453 0.282241 0.403215
0 0.482985 0.312441 0.280443 0.410972
0 0.479173 0.322035 0.279891 0.404811
0 0.478948 0.319723 0.277244 0.395512
0 0.481206 0.321664 0.277057 0.399023
0 0.483350 0.320389 0.279544 0.411654