0 0.479099 0.370351 0.269269 0.366656
0 0.480148 0.372965 0.268844 0.364812
0 0.478596 0.372061 0.270880 0.362628
0 0.476645 0.378238 0.274407 0.369724
0 0.479463 0.379825 0.276772 0.373882
0 0.480376 0.381006 0.277160 0.376332
0 0.476768 0.380976 0.278138 0.373839
0 0.477568 0.383675 0.274282 0.375671
0 0.478978 0.384382 0.276584 0.386063
0 0.479800 0.386770 0.277183 0.385316
0 0.477436 0.386584 0.279690 0.386245
0 0.477628 0.384440 0.274430 0.370074
0 0.478546 0.384405 0.277595 0.380182
0 0.478356 0.385865 0.274187 0.377023
0 0.476499 0.387047 0.277465 0.385782
0 0.477579 0.384381 0.278523 0.369858
0 0.478618 0.385482 0.273835 0.374371
0 0.478624 0.385582 0.271723 0.378586
0 0.477642 0.388181 0.274498 0.381714
0 0.476412 0.386132 0.273147 0.376859
0 0.477705 0.387801 0.274719 0.377875
0 0.478674 0.387817 0.273532 0.381114
0 0.477884 0.387900 0.275164 0.385721
0 0.476232 0.385335 0.267915 0.377266
0 0.477402 0.386731 0.271869 0.373453
0 0.478152 0.386428 0.270057 0.378999
0 0.478619 0.385949 0.274335 0.385029
0 0.478216 0.386606 0.272198 0.381435
0 0.478785 0.386875 0.271351 0.384247
0 0.478831 0.385995 0.274390 0.385511
0 0.480374 0.384532 0.285365 0.382826
0 0.479473 0.384863 0.279141 0.385739
0 0.479227 0.385373 0.286824 0.387181
0 0.480376 0.378985 0.281395 0.392519
0 0.479656 0.383185 0.283603 0.382083
0 0.478550 0.387126 0.285389 0.380637
0 0.481296 0.386465 0.280188 0.385686
0 0.480484 0.384617 0.280961 0.379161
0 0.480628 0.384570 0.281042 0.378973
0 0.480342 0.386301 0.288183 0.385064
0 0.476052 0.385789 0.287588 0.389926
0 0.480523 0.384712 0.282602 0.389513
0 0.478977 0.387909 0.283385 0.381926
0 0.479660 0.385211 0.284478 0.383931
0 0.478598 0.383574 0.287518 0.398788
0 0.480643 0.389983 0.281459 0.377234
0 0.480783 0.385898 0.282248 0.386983
0 0.478306 0.389125 0.280236 0.384422
0 0.479363 0.383947 0.283907 0.390721
0 0.477987 0.382730 0.281681 0.393865
0 0.478476 0.392247 0.280660 0.379985
0 0.478776 0.390903 0.276394 0.381018
0 0.476381 0.388857 0.277893 0.379189
0 0.475523 0.388418 0.277776 0.388053
0 0.477658 0.386339 0.283549 0.402785
0 0.480098 0.392285 0.277567 0.384698
0 0.482445 0.394431 0.281994 0.389250
0 0.481598 0.394960 0.277503 0.389951