0 0.180422 0.613656 0.016115 0.019746
0 0.525719 0.303028 0.261024 0.350471
0 0.527855 0.306827 0.261541 0.355157
0 0.528380 0.307601 0.266293 0.351153
0 0.527802 0.308549 0.264954 0.348541
0 0.528397 0.311147 0.265897 0.345355
0 0.530898 0.310010 0.263461 0.357941
0 0.529178 0.309447 0.265092 0.350196
0 0.528895 0.309471 0.264912 0.345373
0 0.527499 0.312963 0.271232 0.342509
0 0.531537 0.316154 0.273131 0.334683
0 0.531156 0.309757 0.263469 0.361309
0 0.530577 0.308696 0.267064 0.360097
0 0.528717 0.310228 0.265165 0.354062
0 0.527668 0.313341 0.269388 0.344194
0 0.529992 0.316452 0.270745 0.332109
0 0.530946 0.308642 0.261404 0.360898
0 0.531561 0.310077 0.266238 0.358477
0 0.529114 0.312218 0.261587 0.348934
0 0.527108 0.315000 0.265819 0.346313
0 0.531508 0.317652 0.260151 0.336857
0 0.531964 0.310152 0.255048 0.352753
0 0.531577 0.310533 0.260709 0.346607
0 0.529699 0.313397 0.259384 0.342689
0 0.528272 0.315538 0.262583 0.340713
0 0.533213 0.319937 0.255596 0.330292
0 0.531491 0.311187 0.257759 0.353229
0 0.531011 0.312102 0.259272 0.346903
0 0.528823 0.315202 0.257650 0.341031
0 0.529856 0.317060 0.263536 0.343255
0 0.534325 0.319984 0.261450 0.331321
0 0.527878 0.315200 0.255752 0.356741
0 0.530417 0.314864 0.259294 0.351790
0 0.528154 0.316697 0.258532 0.344315
0 0.529309 0.320737 0.267334 0.343863
0 0.527158 0.317915 0.255117 0.360427
0 0.527522 0.319429 0.256748 0.353916
0 0.530103 0.296542 0.269797 0.367602
0 0.531392 0.305974 0.260922 0.350633
0 0.532251 0.309754 0.264565 0.343725
0 0.530983 0.305661 0.261072 0.344027
0 0.538297 0.308694 0.261811 0.348915
0 0.534881 0.311247 0.274560 0.359499
0 0.534085 0.311458 0.264623 0.352663
0 0.535009 0.310864 0.262769 0.340770
0 0.532209 0.309121 0.262354 0.348736
0 0.533126 0.315977 0.260748 0.340754
0 0.535843 0.309313 0.270749 0.352646
0 0.534244 0.312959 0.263218 0.347420
0 0.531581 0.314459 0.262412 0.340572
0 0.533396 0.312814 0.262696 0.345464
0 0.528831 0.320282 0.260364 0.344294
0 0.537229 0.308019 0.267675 0.351630
0 0.534305 0.308034 0.263296 0.346147
0 0.531769 0.318286 0.263733 0.347610
0 0.534647 0.319065 0.264335 0.345820
0 0.531999 0.315496 0.260610 0.349120
0 0.527662 0.317652 0.262187 0.354710
0 0.531549 0.320216 0.262349 0.352962
0 0.533997 0.320519 0.261030 0.348698