0 0.479038 0.472171 0.389175 0.551735
0 0.485414 0.467926 0.388162 0.544971
0 0.473502 0.461546 0.392933 0.557117
0 0.479810 0.469765 0.389315 0.542807
0 0.475593 0.469179 0.395004 0.536593
0 0.476062 0.464780 0.391486 0.520983
0 0.483607 0.457119 0.390203 0.529471
0 0.480768 0.478208 0.400334 0.571137
0 0.481560 0.485802 0.400742 0.568729
0 0.475802 0.484276 0.404361 0.570150
0 0.479581 0.478230 0.402577 0.555961
0 0.481990 0.473421 0.396824 0.548975
0 0.480971 0.479633 0.401937 0.566932
0 0.482298 0.476827 0.406047 0.564162
0 0.481006 0.472690 0.407373 0.574520
0 0.483172 0.477229 0.406464 0.560814
0 0.481010 0.477944 0.404912 0.565322
0 0.481059 0.474381 0.400601 0.558627
0 0.483070 0.472813 0.398342 0.556344
0 0.483969 0.468896 0.394298 0.539843
0 0.474982 0.481533 0.397152 0.539546
0 0.482621 0.475502 0.409274 0.553076
0 0.479946 0.475202 0.413197 0.568331
0 0.482409 0.476948 0.401853 0.556637
0 0.477286 0.474817 0.400658 0.547856
0 0.477140 0.473813 0.397968 0.552860
0 0.478234 0.466537 0.392161 0.555693
0 0.481472 0.468279 0.387892 0.539606
0 0.479130 0.472812 0.405253 0.567388
0 0.477573 0.471931 0.401535 0.548491
0 0.478077 0.470133 0.413443 0.569320
0 0.482518 0.471207 0.399759 0.553359
0 0.483848 0.472313 0.409012 0.567666
0 0.477760 0.473229 0.395142 0.550697
0 0.478061 0.472762 0.400197 0.550377
0 0.480723 0.467952 0.398562 0.556281
0 0.485655 0.467708 0.381191 0.546250
0 0.477921 0.477490 0.398993 0.543639
0 0.484714 0.476575 0.412481 0.566330
0 0.483321 0.478319 0.397657 0.542168
0 0.479574 0.473977 0.400582 0.549712
0 0.481481 0.475159 0.397306 0.548942
0 0.482773 0.472326 0.398393 0.558084
0 0.480178 0.473928 0.389113 0.546006
0 0.476568 0.471246 0.391949 0.555463
0 0.481061 0.471224 0.398554 0.554202
0 0.486519 0.479739 0.395122 0.544726
0 0.478744 0.477346 0.376399 0.554672