0 0.820658 0.369676 0.157297 0.220076
0 0.821786 0.368971 0.156284 0.217680
0 0.428955 0.406139 0.251779 0.326857
0 0.429897 0.409807 0.245916 0.327426
0 0.820695 0.369088 0.155213 0.216430
0 0.822076 0.369038 0.154520 0.211756
0 0.821874 0.368247 0.152746 0.211297
0 0.822194 0.367151 0.153383 0.214735
0 0.429035 0.408847 0.254796 0.321722
0 0.429389 0.411542 0.252767 0.325668
0 0.427781 0.414553 0.251137 0.330974
0 0.428708 0.413027 0.252048 0.330030
0 0.821953 0.366602 0.155095 0.217913
0 0.822668 0.367353 0.154234 0.213325
0 0.822923 0.369583 0.153923 0.212558
0 0.822599 0.367143 0.153684 0.210926
0 0.822638 0.368679 0.153565 0.211245
0 0.822395 0.366777 0.155383 0.214347
0 0.426466 0.408445 0.252709 0.311961
0 0.430244 0.413106 0.256579 0.319713
0 0.429077 0.413363 0.257219 0.328095
0 0.428341 0.414784 0.255403 0.331854
0 0.430038 0.415154 0.255593 0.327855
0 0.430308 0.414438 0.253446 0.323947
0 0.821433 0.367367 0.154656 0.217252
0 0.822219 0.366452 0.154946 0.216144
0 0.822389 0.367805 0.153376 0.212922
0 0.821857 0.366720 0.155448 0.213614
0 0.822083 0.367312 0.155052 0.212939
0 0.821711 0.368167 0.155134 0.213413
0 0.427661 0.410544 0.249484 0.309631
0 0.431009 0.412074 0.255901 0.326620
0 0.431717 0.412628 0.253871 0.326424
0 0.430199 0.412981 0.253268 0.326576
0 0.430547 0.414256 0.251213 0.325134
0 0.432503 0.415562 0.250681 0.322168
0 0.821157 0.366136 0.154919 0.216578
0 0.821690 0.367921 0.155470 0.214164
0 0.821576 0.367535 0.153556 0.212468
0 0.822476 0.366928 0.156396 0.212592
0 0.822248 0.367184 0.156368 0.212179
0 0.822728 0.368320 0.155921 0.211323
0 0.428004 0.410882 0.252684 0.306858
0 0.431165 0.412353 0.254524 0.322852
0 0.431772 0.414584 0.251188 0.321831
0 0.431846 0.413272 0.250979 0.324514
0 0.430660 0.413631 0.251416 0.328986
0 0.433193 0.415714 0.249974 0.319797
0 0.819376 0.369617 0.156013 0.215453
0 0.821544 0.367032 0.155102 0.215363
0 0.821356 0.366582 0.155496 0.213939
0 0.822062 0.367262 0.156255 0.211278
0 0.822161 0.367219 0.156920 0.211029
0 0.428631 0.413137 0.256538 0.307300
0 0.432433 0.413121 0.256700 0.320970
0 0.433326 0.413477 0.253535 0.324598
0 0.433200 0.414707 0.252038 0.326849
0 0.431757 0.414716 0.247798 0.327648
0 0.434249 0.416886 0.246267 0.321891
0 0.821054 0.370578 0.156606 0.216260
0 0.822986 0.367671 0.155608 0.214463
0 0.823773 0.368542 0.155295 0.209213
0 0.824684 0.371078 0.155125 0.208329
0 0.432685 0.412663 0.256698 0.321496
0 0.431135 0.412789 0.254044 0.327815
0 0.432277 0.413501 0.247135 0.328623
0 0.430915 0.412369 0.245948 0.330199
0 0.434751 0.413779 0.243065 0.325208
0 0.431294 0.414309 0.258134 0.324165
0 0.430583 0.412063 0.247736 0.326526
0 0.432407 0.413402 0.249664 0.326188
0 0.432140 0.413369 0.244129 0.328313
0 0.436858 0.416375 0.238185 0.327104
0 0.432517 0.416306 0.245863 0.331012
0 0.434813 0.416330 0.243556 0.328066
0 0.434937 0.419120 0.239688 0.322396
0 0.434114 0.419174 0.255741 0.322240
0 0.432000 0.417680 0.253909 0.313932
0 0.430432 0.416980 0.250285 0.317582
0 0.430104 0.409358 0.254190 0.320835
0 0.434200 0.418602 0.250653 0.311655
0 0.432979 0.417649 0.251676 0.317993
0 0.433508 0.416064 0.244929 0.320299
0 0.429850 0.416920 0.249117 0.319159
0 0.431206 0.414089 0.245693 0.325783
0 0.433093 0.415805 0.254797 0.324877
0 0.428872 0.413206 0.253708 0.326568
0 0.430807 0.416539 0.254330 0.329265
0 0.431282 0.417235 0.248008 0.329092
0 0.431697 0.414685 0.248856 0.329208
0 0.436603 0.419994 0.249686 0.315680
0 0.433527 0.415440 0.247778 0.321622
0 0.431451 0.413472 0.248502 0.325822
0 0.431125 0.412779 0.240979 0.323392
0 0.428567 0.415806 0.244351 0.327120
0 0.435020 0.415802 0.257035 0.324848
0 0.434702 0.419386 0.255400 0.334783
0 0.431236 0.419458 0.252646 0.329269