0 0.500464 0.284890 0.244041 0.344713
0 0.501605 0.285117 0.242558 0.346619
0 0.504716 0.279806 0.243928 0.347757
0 0.501197 0.283602 0.247058 0.337695
0 0.502039 0.285726 0.248247 0.338388
0 0.500625 0.285568 0.246686 0.342168
0 0.502926 0.283941 0.245012 0.342208
0 0.501599 0.286577 0.246977 0.335432
0 0.500160 0.285930 0.249826 0.338809
0 0.501661 0.286352 0.247264 0.338313
0 0.502600 0.285674 0.241000 0.340058
0 0.504430 0.286390 0.242708 0.334958
0 0.501757 0.287038 0.246433 0.321919
0 0.502224 0.285473 0.245494 0.331172
0 0.501336 0.285433 0.246626 0.335785
0 0.502587 0.284487 0.246167 0.338454
0 0.501652 0.284025 0.246767 0.342419
0 0.504670 0.287206 0.245159 0.336569
0 0.500540 0.287562 0.247315 0.316293
0 0.501647 0.283765 0.242955 0.327039
0 0.501729 0.283966 0.244737 0.333543
0 0.501774 0.281433 0.244904 0.336532
0 0.501748 0.282985 0.247407 0.341181
0 0.504526 0.285939 0.244433 0.332567
0 0.500941 0.283759 0.243377 0.325494
0 0.502345 0.284599 0.248435 0.332394
0 0.501387 0.282906 0.248433 0.337603
0 0.502015 0.282738 0.247191 0.341711
0 0.504218 0.286377 0.248925 0.330921
0 0.500684 0.285905 0.243389 0.327547
0 0.502283 0.283038 0.246352 0.328338
0 0.501448 0.281855 0.245649 0.334914
0 0.503082 0.283711 0.245410 0.337834
0 0.504522 0.287862 0.247097 0.327936
0 0.501111 0.287421 0.248195 0.318540
0 0.501137 0.284454 0.244010 0.324571
0 0.500921 0.282566 0.242641 0.334654
0 0.503200 0.285218 0.245254 0.338651
0 0.502306 0.288801 0.241686 0.324890
0 0.503317 0.288649 0.242210 0.327071
0 0.507053 0.284210 0.252617 0.356049
0 0.505544 0.284100 0.253209 0.352485
0 0.505386 0.288894 0.247078 0.339843
0 0.507241 0.281858 0.247363 0.332197
0 0.501494 0.284366 0.248706 0.334036
0 0.501027 0.282862 0.246331 0.344515
0 0.504421 0.285810 0.252119 0.342821
0 0.501299 0.286700 0.251699 0.337638
0 0.505090 0.285022 0.245343 0.334263
0 0.500975 0.285093 0.243120 0.336595
0 0.504336 0.283775 0.244586 0.340254
0 0.504886 0.283789 0.253390 0.348724
0 0.502164 0.284287 0.254438 0.332972
0 0.502041 0.282434 0.248265 0.336073
0 0.503327 0.287116 0.244930 0.333500
0 0.502351 0.288894 0.245296 0.336784
0 0.502767 0.285535 0.245076 0.341912
0 0.504734 0.284992 0.248206 0.352310
0 0.498123 0.287453 0.248482 0.331364
0 0.504021 0.287427 0.237497 0.337194
0 0.501675 0.286298 0.238498 0.336344
0 0.503739 0.283591 0.243983 0.342328