0 0.563050 0.514656 0.428342 0.579651
0 0.564768 0.518624 0.432447 0.573506
0 0.577890 0.520580 0.465847 0.585769
0 0.568235 0.514193 0.445685 0.580624
0 0.578561 0.519372 0.441186 0.571214
0 0.567176 0.521712 0.449037 0.578889
0 0.563924 0.525672 0.454287 0.572496
0 0.566336 0.523817 0.448164 0.560913
0 0.572820 0.518889 0.452959 0.605108
0 0.575953 0.522983 0.455569 0.568757
0 0.570526 0.519471 0.451444 0.565869
0 0.571363 0.520211 0.450765 0.566693
0 0.568227 0.525251 0.445682 0.562245
0 0.565969 0.523983 0.446555 0.570586
0 0.565912 0.531001 0.448413 0.568557
0 0.567733 0.534377 0.445978 0.568498
0 0.565943 0.529008 0.449556 0.551479
0 0.568824 0.532109 0.456794 0.558902
0 0.572710 0.529232 0.436308 0.545310
0 0.571734 0.535962 0.437380 0.554131
0 0.564454 0.528528 0.469257 0.558625
0 0.571795 0.522817 0.462007 0.614164
0 0.567889 0.519388 0.442718 0.555945
0 0.573479 0.526639 0.458425 0.579136
0 0.571616 0.517566 0.453481 0.568324
0 0.571711 0.516959 0.452024 0.573278
0 0.566940 0.523920 0.453203 0.567801
0 0.562368 0.524591 0.452329 0.579114
0 0.566764 0.524259 0.448997 0.553981
0 0.568152 0.526062 0.443174 0.557786
0 0.568703 0.524078 0.449544 0.547971
0 0.571251 0.523617 0.450203 0.560026
0 0.566798 0.528033 0.422186 0.540058
0 0.572902 0.526658 0.427176 0.560179
0 0.560362 0.528945 0.461903 0.557653
0 0.571178 0.511345 0.465760 0.607577
0 0.567351 0.516838 0.444511 0.550409
0 0.574901 0.519908 0.457219 0.574906
0 0.574572 0.513242 0.448985 0.546448
0 0.580015 0.513238 0.451805 0.553194
0 0.572961 0.515078 0.444936 0.536712
0 0.569770 0.516641 0.454983 0.554059
0 0.568711 0.524106 0.445200 0.530833
0 0.571054 0.528667 0.444033 0.535529
0 0.568409 0.522259 0.449643 0.533533
0 0.571464 0.527812 0.438176 0.533115
0 0.566426 0.524305 0.428248 0.534229
0 0.571262 0.525261 0.429843 0.551842
0 0.556185 0.528064 0.477123 0.548121
0 0.569762 0.506250 0.461958 0.598494
0 0.562942 0.507978 0.442540 0.552971
0 0.574225 0.503194 0.459486 0.586992
0 0.574769 0.509397 0.448325 0.550360
0 0.584013 0.508917 0.455487 0.560109
0 0.571781 0.509387 0.459276 0.558780
0 0.572743 0.508224 0.462025 0.558442
0 0.567968 0.512362 0.448763 0.539238
0 0.569727 0.512986 0.450597 0.544963
0 0.564994 0.514929 0.452421 0.544181
0 0.564645 0.518710 0.446789 0.543925
0 0.564855 0.516176 0.444702 0.538952
0 0.569530 0.519896 0.445402 0.551074
0 0.548342 0.525230 0.471483 0.539278
0 0.574199 0.505343 0.464422 0.598846
0 0.571980 0.508449 0.456253 0.556583
0 0.584104 0.509999 0.470695 0.579491
0 0.568566 0.507184 0.468317 0.569605
0 0.569853 0.510180 0.475155 0.570862
0 0.564174 0.508614 0.457409 0.549911
0 0.566819 0.509646 0.469685 0.558403
0 0.563293 0.509891 0.453421 0.561395
0 0.565932 0.518836 0.460182 0.563372
0 0.567919 0.518144 0.448941 0.548632
0 0.567964 0.522499 0.445446 0.553483
0 0.547370 0.518073 0.475827 0.540799
0 0.584828 0.499994 0.484565 0.581186
0 0.569045 0.499531 0.464497 0.591440
0 0.572734 0.500236 0.484025 0.590518
0 0.566209 0.500523 0.465468 0.580991
0 0.569628 0.495812 0.482950 0.574548
0 0.563180 0.511040 0.455167 0.580709