0 0.477305 0.213655 0.133674 0.195735
0 0.479234 0.214000 0.129722 0.187326
0 0.478506 0.211937 0.128806 0.188596
0 0.478676 0.212536 0.128558 0.189407
0 0.478633 0.215001 0.130572 0.186492
0 0.478453 0.215096 0.129533 0.181124
0 0.478678 0.215337 0.128926 0.184225
0 0.479352 0.215438 0.127319 0.182030
0 0.478721 0.214404 0.129330 0.185460
0 0.478067 0.215374 0.131590 0.187072
0 0.479832 0.213351 0.130817 0.189915
0 0.478494 0.216690 0.130020 0.185520
0 0.478331 0.216759 0.129912 0.186554
0 0.477115 0.215945 0.130876 0.182378
0 0.476109 0.215597 0.130077 0.186449
0 0.479400 0.215594 0.131318 0.186128
0 0.479210 0.215019 0.131304 0.188815
0 0.477507 0.214480 0.132431 0.186724
0 0.479011 0.213926 0.131919 0.187500
0 0.475543 0.217444 0.129201 0.181501
0 0.477471 0.214759 0.131614 0.186430
0 0.477238 0.214897 0.132324 0.184292
0 0.477252 0.215008 0.131327 0.186562
0 0.478662 0.214463 0.131697 0.186268
0 0.478181 0.214960 0.130712 0.187280
0 0.479213 0.213919 0.133852 0.188398
0 0.479218 0.214071 0.131311 0.187012
0 0.477110 0.215032 0.131796 0.187880
0 0.476809 0.216272 0.129550 0.181402
0 0.477239 0.213818 0.130491 0.184407
0 0.477700 0.215301 0.130727 0.185105
0 0.476628 0.214616 0.132183 0.188299
0 0.477552 0.213126 0.133615 0.186945