0 0.522676 0.430254 0.286167 0.338644
0 0.524449 0.433075 0.284612 0.343389
0 0.523528 0.434226 0.284225 0.343627
0 0.522292 0.432096 0.288297 0.338942
0 0.520479 0.431799 0.291558 0.334433
0 0.523570 0.432360 0.285396 0.341257
0 0.523795 0.433813 0.285514 0.346521
0 0.524279 0.435469 0.285731 0.344691
0 0.522688 0.434939 0.288878 0.342155
0 0.526705 0.433011 0.292133 0.335724
0 0.522513 0.433414 0.296252 0.331050
0 0.524397 0.432467 0.287936 0.337367
0 0.524629 0.434807 0.286849 0.341003
0 0.523539 0.435467 0.283162 0.338245
0 0.521862 0.435818 0.286092 0.338391
0 0.525068 0.434244 0.289204 0.333055
0 0.523381 0.434152 0.293775 0.328237
0 0.524122 0.432660 0.288441 0.335682
0 0.522633 0.435497 0.288162 0.340933
0 0.522575 0.434874 0.284686 0.338730
0 0.522529 0.434892 0.286473 0.334715
0 0.525566 0.434311 0.287629 0.325633
0 0.523824 0.432719 0.289962 0.331323
0 0.523652 0.432776 0.284570 0.339357
0 0.522191 0.435580 0.286771 0.338183
0 0.520453 0.434242 0.287005 0.337682
0 0.522319 0.433169 0.291836 0.336543
0 0.525283 0.434104 0.289502 0.325371
0 0.522813 0.433739 0.289930 0.328949
0 0.523552 0.432091 0.287270 0.335657
0 0.522592 0.434707 0.286470 0.331195
0 0.520797 0.434155 0.285487 0.336623
0 0.522934 0.432432 0.289486 0.339079
0 0.524032 0.437439 0.289653 0.331051
0 0.523447 0.438300 0.285679 0.330852
0 0.522771 0.436342 0.287916 0.336596
0 0.523619 0.434335 0.289486 0.340154
0 0.524456 0.433842 0.295065 0.344296
0 0.523626 0.432840 0.288368 0.346648
0 0.522058 0.431364 0.292118 0.344843
0 0.525794 0.432961 0.288520 0.345004
0 0.522064 0.435823 0.291365 0.337712
0 0.524721 0.433229 0.284305 0.347209
0 0.527856 0.432582 0.286131 0.342670
0 0.526640 0.433379 0.286724 0.344415
0 0.524397 0.434340 0.286376 0.349408
0 0.520262 0.432668 0.290086 0.346349
0 0.520821 0.433386 0.287611 0.349803
0 0.522709 0.437311 0.288574 0.347544
0 0.525693 0.432636 0.291103 0.350891
0 0.528481 0.428451 0.290210 0.365743
0 0.524785 0.434624 0.282179 0.336733
0 0.523150 0.431597 0.288499 0.347236
0 0.524177 0.437169 0.284578 0.344791
0 0.525026 0.434040 0.285766 0.347428
0 0.525784 0.430626 0.282628 0.354827
0 0.523074 0.439158 0.281912 0.340055
0 0.523880 0.435464 0.282699 0.343693
0 0.521679 0.436064 0.282409 0.350087
0 0.524250 0.437778 0.284893 0.352295
0 0.526692 0.438314 0.281042 0.359645
0 0.529834 0.444742 0.291262 0.347342