0 0.554463 0.431364 0.321502 0.471598
0 0.556776 0.430798 0.318258 0.471532
0 0.560022 0.424829 0.323017 0.486456
0 0.551109 0.425817 0.320551 0.472368
0 0.557210 0.427594 0.321312 0.460423
0 0.554296 0.426361 0.322269 0.466782
0 0.555424 0.423668 0.326149 0.469757
0 0.552802 0.428696 0.332588 0.468260
0 0.553361 0.431179 0.321302 0.467753
0 0.554317 0.428657 0.323493 0.470485
0 0.558124 0.429260 0.323147 0.470958
0 0.554006 0.428965 0.326125 0.469619
0 0.553199 0.424738 0.332919 0.481393
0 0.554679 0.428637 0.326139 0.462155
0 0.554702 0.432665 0.323719 0.462856
0 0.552643 0.429019 0.324980 0.472401
0 0.554686 0.430062 0.330157 0.471838
0 0.555861 0.427257 0.331300 0.466478
0 0.552606 0.427139 0.330061 0.474867
0 0.552639 0.431751 0.331335 0.468602
0 0.557444 0.430414 0.330886 0.457007
0 0.555991 0.432929 0.323729 0.465052
0 0.553652 0.428147 0.335583 0.472419
0 0.551523 0.427092 0.329338 0.476638
0 0.555194 0.424762 0.331184 0.473133
0 0.554118 0.426026 0.333838 0.468566
0 0.556401 0.427365 0.323601 0.464796
0 0.552267 0.423484 0.327643 0.469818
0 0.554703 0.423882 0.324822 0.478356
0 0.558873 0.426459 0.324219 0.477587
0 0.554997 0.428462 0.330153 0.465359
0 0.554089 0.427076 0.336640 0.465665
0 0.557686 0.432464 0.328449 0.464921