0 0.568385 0.374005 0.317083 0.418205
0 0.568335 0.373531 0.319395 0.417885
0 0.572807 0.369295 0.318666 0.427287
0 0.560309 0.382726 0.322010 0.435665
0 0.567475 0.386740 0.326919 0.433907
0 0.570543 0.383402 0.331194 0.434519
0 0.573286 0.378540 0.330296 0.435487
0 0.572558 0.374006 0.334347 0.449901
0 0.560057 0.385721 0.325043 0.441571
0 0.564122 0.387741 0.326013 0.434169
0 0.565369 0.387840 0.328048 0.438068
0 0.572318 0.391895 0.330772 0.446248
0 0.574177 0.388092 0.336346 0.452980
0 0.573016 0.383100 0.332356 0.452905
0 0.558880 0.389716 0.317772 0.426775
0 0.564811 0.382134 0.321618 0.435464
0 0.561485 0.388128 0.328978 0.442078
0 0.568658 0.390108 0.335996 0.450721
0 0.571606 0.392370 0.330184 0.452861
0 0.571172 0.387120 0.328751 0.448536
0 0.573184 0.383332 0.319528 0.454987
0 0.559234 0.394170 0.313350 0.424788
0 0.562621 0.391378 0.317668 0.430290
0 0.564349 0.394014 0.325974 0.439703
0 0.566079 0.392319 0.324914 0.446166
0 0.569170 0.387122 0.333465 0.448363
0 0.568141 0.385964 0.321507 0.462035
0 0.577882 0.392916 0.310754 0.456264
0 0.562839 0.395110 0.315620 0.430795
0 0.566792 0.393024 0.322227 0.448898
0 0.570052 0.389660 0.329719 0.448454
0 0.566384 0.393060 0.332905 0.448101
0 0.563906 0.390341 0.325415 0.471701
0 0.559333 0.401207 0.321075 0.430841
0 0.568489 0.389608 0.315791 0.451950
0 0.567588 0.393543 0.326246 0.446387
0 0.567164 0.395099 0.327708 0.456193
0 0.568672 0.405207 0.322749 0.454644