0 0.480166 0.211633 0.165343 0.207972
0 0.481199 0.213661 0.166207 0.204411
0 0.481043 0.210101 0.166544 0.208977
0 0.480127 0.209755 0.162505 0.202553
0 0.480212 0.210929 0.161982 0.201804
0 0.480438 0.210339 0.161446 0.201694
0 0.479428 0.210615 0.161629 0.200554
0 0.481239 0.207558 0.161127 0.203451
0 0.479565 0.208306 0.165476 0.207688
0 0.480625 0.209266 0.164420 0.205404
0 0.480939 0.209525 0.161396 0.204499
0 0.480772 0.209096 0.161203 0.200128
0 0.480467 0.208896 0.160768 0.197727
0 0.478207 0.210256 0.160034 0.198845
0 0.479818 0.210173 0.165036 0.212353
0 0.478682 0.209339 0.159935 0.208126
0 0.480644 0.210069 0.159059 0.203548
0 0.479683 0.208532 0.160985 0.203170
0 0.478421 0.207624 0.162430 0.203158
0 0.479206 0.209676 0.160317 0.203622
0 0.477887 0.209025 0.163966 0.214283
0 0.478990 0.210124 0.160896 0.206253
0 0.479155 0.207868 0.159016 0.201649
0 0.479270 0.208855 0.162609 0.200938
0 0.478179 0.209201 0.161471 0.201019
0 0.478867 0.211446 0.159491 0.200759
0 0.479178 0.209375 0.160060 0.206936
0 0.479495 0.207142 0.159407 0.204821
0 0.480271 0.209421 0.161353 0.201875
0 0.477419 0.211555 0.162728 0.202799
0 0.477872 0.211205 0.163381 0.208683
0 0.480430 0.211060 0.164018 0.206531