0 0.495674 0.459522 0.335098 0.420158
0 0.492740 0.464916 0.335388 0.415017
0 0.494028 0.465809 0.334343 0.418517
0 0.492645 0.456383 0.340658 0.429823
0 0.491999 0.454388 0.328212 0.421187
0 0.495662 0.457988 0.338839 0.414907
0 0.495872 0.460322 0.340289 0.426010
0 0.495615 0.461961 0.340640 0.426195
0 0.497622 0.460496 0.339940 0.429406
0 0.494585 0.456906 0.331461 0.418748
0 0.498051 0.458456 0.337429 0.419706
0 0.495624 0.460799 0.336974 0.429975
0 0.496559 0.462945 0.340613 0.430692
0 0.493130 0.461175 0.337484 0.431443
0 0.494967 0.460401 0.338001 0.437526
0 0.493737 0.460164 0.332884 0.414930
0 0.496742 0.459661 0.342882 0.426477
0 0.494168 0.463486 0.340883 0.432607
0 0.494542 0.462842 0.342127 0.427469
0 0.493859 0.462048 0.336963 0.435829
0 0.493931 0.461080 0.339742 0.438043
0 0.493291 0.460771 0.332253 0.419798
0 0.496527 0.462543 0.341920 0.428893
0 0.499036 0.463276 0.336998 0.440445
0 0.497633 0.462084 0.341964 0.429466
0 0.497731 0.460918 0.350122 0.438495
0 0.496472 0.463608 0.347417 0.441425
0 0.498493 0.466023 0.331211 0.425495
0 0.500245 0.464181 0.330717 0.429301
0 0.498640 0.460878 0.337437 0.440946
0 0.495507 0.461554 0.347456 0.454934
0 0.501023 0.465339 0.333329 0.435114
0 0.498029 0.465902 0.336125 0.451388