0 0.522424 0.451034 0.310251 0.497829
0 0.515363 0.439707 0.308363 0.480529
0 0.517739 0.449863 0.301975 0.465863
0 0.513598 0.447584 0.300176 0.471514
0 0.520478 0.447377 0.302450 0.472084
0 0.516185 0.444736 0.303766 0.463039
0 0.515047 0.450345 0.292845 0.460765
0 0.513372 0.450299 0.299028 0.461794
0 0.514894 0.449742 0.300425 0.456539
0 0.521573 0.445602 0.297209 0.466888
0 0.513069 0.444511 0.301575 0.453785
0 0.513475 0.445942 0.297006 0.458422
0 0.519710 0.444039 0.290154 0.457911
0 0.514859 0.444425 0.293139 0.455528
0 0.513567 0.445220 0.293016 0.456473
0 0.514928 0.442872 0.292551 0.457776
0 0.512373 0.445611 0.304237 0.454168
0 0.512224 0.439864 0.301639 0.451854
0 0.513325 0.445127 0.292528 0.449320
0 0.512783 0.446179 0.294761 0.448483
0 0.514208 0.444188 0.294050 0.442722
0 0.517768 0.438146 0.299924 0.464762
0 0.510811 0.440063 0.294738 0.452102
0 0.508006 0.443414 0.299229 0.455894
0 0.510273 0.445014 0.292791 0.447882
0 0.510030 0.442842 0.294070 0.446311
0 0.518871 0.443572 0.303016 0.464660
0 0.508869 0.446892 0.303249 0.460594
0 0.512224 0.446380 0.302982 0.455625
0 0.514119 0.446643 0.299313 0.452049