0 0.019531 0.380540 0.034510 0.062115
0 0.020126 0.381702 0.037647 0.061180
0 0.020806 0.381143 0.039361 0.063843
0 0.019546 0.382759 0.035892 0.063212
0 0.020241 0.383235 0.039636 0.066010
0 0.020505 0.382882 0.037738 0.063455
0 0.019878 0.383991 0.035253 0.064338
0 0.021036 0.383136 0.038267 0.067989
0 0.021806 0.385100 0.038217 0.067293
0 0.020978 0.385110 0.040448 0.073526
0 0.491506 0.420282 0.268301 0.368560
0 0.494219 0.420832 0.269108 0.374134
0 0.492421 0.420223 0.267200 0.375788
0 0.488591 0.421965 0.265333 0.350185
0 0.491397 0.422425 0.267139 0.352874
0 0.491922 0.420437 0.273997 0.358534
0 0.490902 0.419385 0.267951 0.358285
0 0.492980 0.418194 0.272296 0.362036
0 0.489795 0.423250 0.263358 0.340259
0 0.490945 0.420939 0.264518 0.352585
0 0.491652 0.418758 0.269526 0.358657
0 0.490487 0.418099 0.270287 0.360063
0 0.489372 0.418774 0.276776 0.354517
0 0.488977 0.424763 0.262013 0.342743
0 0.489649 0.421720 0.264289 0.363737
0 0.492545 0.419985 0.271294 0.368485
0 0.490384 0.417220 0.273829 0.371483
0 0.487645 0.419517 0.281643 0.366476
0 0.489215 0.424816 0.265039 0.350635
0 0.490587 0.421811 0.267032 0.360472
0 0.491276 0.419629 0.270165 0.364291
0 0.489807 0.418411 0.271004 0.364920
0 0.489075 0.418055 0.277391 0.364346
0 0.489345 0.424010 0.259325 0.349117
0 0.489810 0.423443 0.265830 0.354889
0 0.490545 0.421641 0.268155 0.358589
0 0.488699 0.418059 0.269404 0.368081
0 0.489623 0.417166 0.270738 0.362439
0 0.486579 0.425007 0.255302 0.354788
0 0.489265 0.423356 0.263438 0.354430
0 0.489435 0.421595 0.265307 0.357398
0 0.490041 0.418649 0.265293 0.366161
0 0.491904 0.420446 0.269118 0.361450
0 0.487934 0.425106 0.262478 0.364228
0 0.489420 0.425298 0.264347 0.358523
0 0.490191 0.423297 0.264143 0.364256
0 0.492655 0.421956 0.270911 0.348554
0 0.495487 0.419341 0.266533 0.349663
0 0.494724 0.419141 0.269920 0.347411
0 0.497330 0.415077 0.262392 0.357557
0 0.495227 0.419433 0.258546 0.353305
0 0.494669 0.421607 0.264321 0.354416
0 0.496106 0.421772 0.265575 0.357283
0 0.496320 0.418543 0.267687 0.354438
0 0.494208 0.414588 0.269672 0.362259
0 0.495524 0.410982 0.274120 0.380649
0 0.495563 0.423154 0.272251 0.356821
0 0.489911 0.423499 0.269979 0.357645
0 0.490690 0.419116 0.264797 0.350369
0 0.490441 0.416482 0.266276 0.358277
0 0.494287 0.413636 0.266215 0.365410
0 0.493267 0.416269 0.274360 0.383077
0 0.495724 0.424599 0.268510 0.348009
0 0.493436 0.418463 0.266545 0.360833
0 0.492453 0.418445 0.270589 0.352613
0 0.490947 0.416652 0.274673 0.373265
0 0.490667 0.416083 0.272393 0.367344
0 0.496733 0.418570 0.273144 0.379104
0 0.488258 0.421597 0.268986 0.354818
0 0.493841 0.424402 0.266919 0.350023
0 0.488628 0.423006 0.265243 0.369789
0 0.492345 0.420224 0.271340 0.369844