0 0.463210 0.482566 0.443093 0.582548
0 0.455450 0.486018 0.455032 0.597044
0 0.460616 0.490928 0.460915 0.593209
0 0.463237 0.491446 0.459420 0.594254
0 0.459086 0.489779 0.462584 0.591071
0 0.462712 0.486583 0.466207 0.602302
0 0.464101 0.490404 0.464431 0.587606
0 0.465073 0.494113 0.479248 0.606079
0 0.470453 0.494109 0.463286 0.594073
0 0.451436 0.496154 0.451347 0.605048
0 0.463760 0.498745 0.456924 0.595955
0 0.465792 0.498310 0.470384 0.604839
0 0.469024 0.500244 0.461075 0.593504
0 0.464156 0.497950 0.473025 0.594106
0 0.462114 0.500117 0.462051 0.587948
0 0.463263 0.497161 0.473701 0.587893
0 0.466335 0.499509 0.463195 0.586356
0 0.463130 0.496258 0.472912 0.584974
0 0.464869 0.496510 0.467968 0.585392
0 0.469951 0.492248 0.474586 0.591318
0 0.467670 0.496929 0.455977 0.585861
0 0.468534 0.497297 0.468049 0.595563
0 0.475660 0.496379 0.459277 0.609167
0 0.449699 0.493939 0.440335 0.583336
0 0.457424 0.491158 0.459630 0.583981
0 0.465942 0.493800 0.451938 0.583197
0 0.469543 0.491416 0.478857 0.586400
0 0.469916 0.495778 0.464301 0.575663
0 0.467541 0.492870 0.478560 0.585437
0 0.465176 0.495529 0.465164 0.585576
0 0.464167 0.491257 0.477306 0.584737
0 0.465664 0.495889 0.464321 0.582723
0 0.465560 0.494766 0.475104 0.597590
0 0.467067 0.499294 0.463385 0.589382
0 0.467623 0.494294 0.475671 0.600838
0 0.466463 0.496261 0.460089 0.592017
0 0.463735 0.501537 0.468275 0.598489
0 0.476091 0.501421 0.454518 0.609365
0 0.449020 0.497244 0.448727 0.593765
0 0.459144 0.498048 0.468358 0.593067
0 0.464698 0.501929 0.460023 0.597370
0 0.469286 0.491857 0.478280 0.600824
0 0.471678 0.498925 0.462901 0.595287
0 0.464118 0.494295 0.474685 0.595678
0 0.463313 0.498717 0.469396 0.602516
0 0.464785 0.499184 0.472141 0.592095
0 0.467921 0.506249 0.459893 0.587590
0 0.464201 0.496544 0.482091 0.606934
0 0.465205 0.503715 0.469132 0.605054
0 0.463840 0.495298 0.470506 0.594639
0 0.465034 0.496488 0.459777 0.601151
0 0.454011 0.499956 0.477455 0.589140
0 0.474730 0.505436 0.459453 0.598812
0 0.451644 0.490913 0.445282 0.598520
0 0.458320 0.495804 0.460659 0.583240
0 0.465910 0.494645 0.465629 0.601806
0 0.471192 0.492626 0.470901 0.590307
0 0.478921 0.495503 0.466961 0.593047
0 0.467661 0.490259 0.474756 0.600620
0 0.469110 0.494319 0.466918 0.596846
0 0.465557 0.496208 0.467851 0.603183
0 0.466534 0.502179 0.457927 0.590661
0 0.465804 0.495773 0.473367 0.613415
0 0.464716 0.499378 0.457441 0.600550
0 0.465323 0.496647 0.470233 0.611798
0 0.468101 0.497095 0.454978 0.610390
0 0.452735 0.501221 0.476382 0.601258
0 0.473699 0.508518 0.467765 0.614292
0 0.450593 0.490790 0.441542 0.591339
0 0.457972 0.502246 0.457635 0.580173
0 0.469067 0.498519 0.469899 0.607431
0 0.472161 0.499160 0.462745 0.591583
0 0.480438 0.503101 0.469867 0.601110
0 0.469344 0.496493 0.470717 0.607180
0 0.471842 0.498389 0.464668 0.600765
0 0.468071 0.497613 0.466684 0.609589
0 0.469662 0.500807 0.457240 0.594469
0 0.465287 0.497764 0.468208 0.610000
0 0.463056 0.498681 0.455217 0.593464
0 0.464596 0.495640 0.468328 0.622324
0 0.464897 0.495614 0.445444 0.605476
0 0.457861 0.500420 0.473463 0.618087
0 0.470668 0.508734 0.465798 0.621504
0 0.453275 0.497823 0.435025 0.592396
0 0.469199 0.502018 0.463757 0.620122
0 0.465725 0.500606 0.452781 0.599364
0 0.475686 0.507317 0.478812 0.630657
0 0.469860 0.493061 0.467442 0.623762
0 0.473583 0.498472 0.471125 0.617976
0 0.470886 0.495438 0.473489 0.629004
0 0.472392 0.499503 0.463422 0.611109
0 0.468243 0.496214 0.471191 0.637506
0 0.468043 0.495480 0.461717 0.622660
0 0.469896 0.502365 0.475619 0.624834
0 0.469576 0.499324 0.459151 0.622073
0 0.460360 0.500506 0.476693 0.620813
0 0.479608 0.518763 0.472038 0.627225
0 0.469180 0.503079 0.453861 0.624024
0 0.473744 0.501506 0.477507 0.627790
0 0.474645 0.499764 0.455907 0.613411
0 0.474952 0.504259 0.475189 0.618118
0 0.471105 0.499187 0.456634 0.626764
0 0.472768 0.504274 0.465629 0.619571
0 0.472135 0.502740 0.455958 0.617058
0 0.477748 0.507293 0.465039 0.610709
0 0.463359 0.518445 0.471560 0.621596
0 0.464099 0.526317 0.486147 0.621193
0 0.474965 0.533738 0.443588 0.592235