0 0.427622 0.179615 0.172396 0.245061
0 0.428936 0.183166 0.172511 0.236191
0 0.429719 0.183754 0.172305 0.234685
0 0.429428 0.182218 0.170233 0.237859
0 0.431224 0.179924 0.172507 0.234487
0 0.428149 0.180646 0.170773 0.235355
0 0.429618 0.180486 0.170634 0.235080
0 0.429786 0.182944 0.171389 0.235151
0 0.428872 0.180781 0.168832 0.236366
0 0.429678 0.178276 0.173605 0.234804
0 0.431298 0.178584 0.173303 0.233168
0 0.430300 0.179785 0.171897 0.232918
0 0.429080 0.179882 0.172844 0.231011
0 0.430665 0.181326 0.170948 0.232348
0 0.428108 0.181146 0.167600 0.232377
0 0.429827 0.177478 0.170014 0.235038
0 0.430280 0.178331 0.171649 0.232706
0 0.431128 0.178946 0.171944 0.232435
0 0.429945 0.179723 0.172846 0.232359
0 0.431666 0.182746 0.173338 0.233817
0 0.429763 0.180780 0.168743 0.234017
0 0.431328 0.184925 0.169075 0.227875
0 0.429937 0.179299 0.172062 0.233757
0 0.430114 0.178160 0.170623 0.233095
0 0.430652 0.179201 0.171039 0.231478
0 0.430788 0.180793 0.171492 0.231031
0 0.430636 0.181867 0.170783 0.233421
0 0.431301 0.181068 0.169003 0.234704
0 0.430220 0.179509 0.170696 0.233235
0 0.429722 0.179024 0.173323 0.236289
0 0.430668 0.180874 0.171060 0.230787
0 0.431107 0.182499 0.171951 0.232720
0 0.434583 0.186162 0.170336 0.232151
0 0.430340 0.181248 0.169819 0.234402
0 0.431816 0.182815 0.170069 0.234447
0 0.433097 0.185330 0.170483 0.231548