0 0.489779 0.423234 0.390351 0.533559
0 0.499274 0.425953 0.402590 0.538686
0 0.493064 0.433707 0.405956 0.542336
0 0.489475 0.431092 0.406156 0.527036
0 0.499781 0.422529 0.396923 0.520161
0 0.499967 0.415942 0.412245 0.524926
0 0.502624 0.423801 0.411745 0.520015
0 0.498996 0.427470 0.406145 0.521706
0 0.497402 0.429401 0.405102 0.511037
0 0.497736 0.426787 0.409068 0.513002
0 0.505823 0.421431 0.400226 0.514455
0 0.499407 0.424400 0.411502 0.523925
0 0.502581 0.424987 0.414348 0.526725
0 0.500496 0.428921 0.408938 0.519122
0 0.496974 0.428917 0.413789 0.511788
0 0.496827 0.425993 0.405414 0.501120
0 0.500165 0.426309 0.398992 0.510968
0 0.499935 0.421179 0.415770 0.507047
0 0.504043 0.419571 0.410971 0.509210
0 0.499574 0.423419 0.417125 0.512053
0 0.494310 0.426801 0.412993 0.500756
0 0.493786 0.424764 0.411733 0.496713
0 0.500332 0.426812 0.400592 0.504401
0 0.493343 0.413078 0.412629 0.512829
0 0.502782 0.416753 0.417913 0.512073
0 0.499933 0.421518 0.411766 0.519096
0 0.496765 0.427484 0.415418 0.505178
0 0.497882 0.430462 0.416394 0.499737
0 0.505825 0.425920 0.402683 0.508579
0 0.495992 0.420561 0.418540 0.502808
0 0.504013 0.417303 0.412211 0.506420
0 0.500310 0.421938 0.419623 0.511562
0 0.502446 0.426732 0.424006 0.512844
0 0.504081 0.423294 0.429813 0.515386
0 0.514792 0.428396 0.420765 0.516227
0 0.502968 0.421426 0.418859 0.514250
0 0.507058 0.417819 0.422220 0.540484
0 0.506370 0.419336 0.421419 0.550020
0 0.508885 0.429014 0.422764 0.551201
0 0.519674 0.441640 0.433730 0.570257