0 0.533364 0.417103 0.333798 0.430649
0 0.529262 0.420224 0.338586 0.427011
0 0.531334 0.417391 0.343817 0.431172
0 0.531538 0.419327 0.347587 0.448278
0 0.528880 0.427275 0.349308 0.444803
0 0.530733 0.426720 0.353135 0.456027
0 0.533065 0.424294 0.355897 0.452727
0 0.533151 0.418765 0.353952 0.457430
0 0.532377 0.426333 0.352771 0.462561
0 0.527521 0.429005 0.356934 0.463319
0 0.531768 0.431128 0.348457 0.465894
0 0.536489 0.427609 0.351798 0.464624
0 0.533054 0.421467 0.350807 0.453377
0 0.534601 0.414389 0.344778 0.450442
0 0.526198 0.428599 0.343546 0.442370
0 0.533622 0.428418 0.351478 0.455761
0 0.528697 0.432682 0.345728 0.451715
0 0.531571 0.428263 0.353409 0.458545
0 0.531095 0.427317 0.349348 0.459576
0 0.529650 0.424276 0.350394 0.461629
0 0.532894 0.420364 0.344002 0.459327
0 0.523190 0.433650 0.343996 0.442633
0 0.531567 0.427978 0.352850 0.453694
0 0.532382 0.429037 0.352353 0.458328
0 0.531462 0.428576 0.347145 0.458396
0 0.532857 0.426259 0.351179 0.459165
0 0.532746 0.424678 0.351553 0.461783
0 0.534391 0.425682 0.345275 0.460075
0 0.531259 0.430114 0.342925 0.457392
0 0.530890 0.430704 0.346572 0.451945
0 0.532101 0.429272 0.346516 0.455933
0 0.531904 0.430234 0.347267 0.457626
0 0.530676 0.428703 0.346148 0.469174
0 0.532259 0.434323 0.334796 0.450328
0 0.530393 0.432019 0.335809 0.457939
0 0.532968 0.432335 0.344389 0.453666