0 0.522964 0.333399 0.395484 0.558678
0 0.517024 0.350345 0.406389 0.596791
0 0.518516 0.351576 0.412067 0.588395
0 0.522936 0.342608 0.411990 0.571456
0 0.519725 0.350148 0.420044 0.593513
0 0.525083 0.353281 0.424217 0.592050
0 0.520748 0.355313 0.422522 0.593710
0 0.517640 0.354028 0.424131 0.581391
0 0.518917 0.346138 0.425726 0.567735
0 0.523984 0.343186 0.419035 0.572147
0 0.516087 0.351210 0.412689 0.571487
0 0.526839 0.355386 0.413091 0.587686
0 0.523921 0.353967 0.426719 0.587613
0 0.525474 0.353770 0.422535 0.586994
0 0.522813 0.359147 0.424010 0.583043
0 0.518946 0.357600 0.425116 0.585845
0 0.519882 0.356150 0.425922 0.584573
0 0.517113 0.356722 0.419145 0.590323
0 0.520396 0.350327 0.421739 0.580731
0 0.524504 0.353199 0.419936 0.586854
0 0.524337 0.349830 0.423435 0.574721
0 0.524993 0.349119 0.426885 0.587962
0 0.528889 0.353036 0.420111 0.587488
0 0.517501 0.362329 0.418619 0.572692
0 0.523977 0.366116 0.422100 0.593135
0 0.524169 0.357930 0.432200 0.588822
0 0.522774 0.363085 0.431533 0.598042
0 0.522781 0.355403 0.425216 0.587457
0 0.517716 0.361109 0.423020 0.590329
0 0.520725 0.356395 0.424338 0.584159
0 0.523030 0.363891 0.418549 0.584405
0 0.519973 0.351354 0.425199 0.581618
0 0.522006 0.356862 0.422845 0.586408
0 0.520087 0.347089 0.416328 0.575263
0 0.522029 0.343934 0.413463 0.584144
0 0.526168 0.349252 0.411148 0.548359
0 0.521533 0.349804 0.411209 0.571701
0 0.521644 0.355828 0.424511 0.594801
0 0.525530 0.353701 0.422707 0.595771
0 0.524078 0.352380 0.431885 0.580728
0 0.528337 0.354981 0.439645 0.598239
0 0.524016 0.351299 0.424745 0.586318
0 0.524004 0.358250 0.421214 0.586612
0 0.517009 0.354583 0.418289 0.578008
0 0.519231 0.365545 0.413240 0.570921
0 0.522311 0.354191 0.420057 0.582076
0 0.524498 0.358723 0.413702 0.578097
0 0.522608 0.348891 0.415692 0.585397
0 0.524800 0.345269 0.410600 0.584832
0 0.521904 0.348649 0.401249 0.577784
0 0.518579 0.357171 0.426238 0.601446
0 0.531580 0.350973 0.429237 0.599179
0 0.524819 0.352111 0.427383 0.587028
0 0.529810 0.353358 0.434684 0.599339
0 0.526897 0.348563 0.421605 0.590855
0 0.526367 0.351500 0.427748 0.600390
0 0.519243 0.351008 0.421972 0.594687
0 0.520211 0.359016 0.417354 0.586764
0 0.525258 0.351884 0.424092 0.592702
0 0.526745 0.352263 0.420795 0.590109
0 0.524702 0.349644 0.420165 0.599396
0 0.525788 0.345708 0.414870 0.597893
0 0.523255 0.352269 0.404829 0.600896
0 0.519818 0.359161 0.429358 0.621000
0 0.535113 0.355852 0.431407 0.599851
0 0.524025 0.356645 0.421342 0.589526
0 0.535068 0.358026 0.430313 0.609790
0 0.527665 0.353940 0.415338 0.595598
0 0.525980 0.360794 0.433678 0.614724
0 0.521873 0.351755 0.416010 0.599026
0 0.517200 0.361586 0.417348 0.590774
0 0.524236 0.354009 0.422929 0.605134
0 0.522948 0.358102 0.424052 0.600797
0 0.527434 0.360548 0.420281 0.588857
0 0.527970 0.358207 0.420188 0.599945
0 0.520996 0.357541 0.426921 0.600152
0 0.528407 0.361324 0.415453 0.596011
0 0.521929 0.357826 0.413303 0.601166
0 0.523131 0.359178 0.415165 0.599555
0 0.528199 0.394122 0.412859 0.562641
0 0.521199 0.385173 0.409237 0.567727