0 0.511780 0.397891 0.346893 0.512049
0 0.517393 0.398170 0.352653 0.508918
0 0.520462 0.391851 0.353613 0.513733
0 0.515416 0.393121 0.359403 0.520834
0 0.516976 0.400243 0.354133 0.510256
0 0.516619 0.396535 0.358094 0.509468
0 0.519637 0.391333 0.365642 0.498867
0 0.519328 0.384427 0.354605 0.508058
0 0.513891 0.399221 0.362265 0.526099
0 0.519416 0.398473 0.360956 0.520026
0 0.519202 0.402323 0.360072 0.516766
0 0.516790 0.402150 0.363598 0.521883
0 0.520346 0.396508 0.366961 0.517229
0 0.521707 0.395290 0.362170 0.518110
0 0.514027 0.408119 0.363999 0.518153
0 0.516774 0.405346 0.365358 0.525377
0 0.517327 0.403453 0.360113 0.532786
0 0.516673 0.401569 0.367100 0.535108
0 0.518943 0.399200 0.367947 0.523734
0 0.518047 0.393020 0.359810 0.514572
0 0.524004 0.397375 0.353748 0.507095
0 0.513207 0.404566 0.360594 0.520153
0 0.514336 0.402184 0.363712 0.519807
0 0.513834 0.403335 0.359236 0.534458
0 0.511942 0.402854 0.363576 0.534286
0 0.520163 0.399488 0.367963 0.532333
0 0.519930 0.396175 0.357155 0.535397
0 0.509553 0.413861 0.367663 0.517437
0 0.514899 0.402087 0.366363 0.535132
0 0.518737 0.401425 0.361536 0.538212
0 0.512823 0.397594 0.365478 0.536564
0 0.518723 0.395447 0.370221 0.548169
0 0.517509 0.393788 0.361537 0.546732
0 0.516692 0.406174 0.371504 0.545281
0 0.518827 0.399087 0.361236 0.544942
0 0.514993 0.396903 0.366127 0.542816
0 0.517508 0.395967 0.372025 0.556578
0 0.521457 0.405506 0.357422 0.545129
0 0.517146 0.409381 0.358168 0.535835
0 0.511931 0.402096 0.360479 0.535244
0 0.516816 0.411541 0.359457 0.550996