0 0.518398 0.389190 0.315701 0.422025
0 0.511889 0.391358 0.309356 0.430875
0 0.517584 0.399241 0.308386 0.421599
0 0.517612 0.398883 0.309049 0.423527
0 0.521426 0.394780 0.308133 0.427323
0 0.518255 0.391223 0.306830 0.409181
0 0.519315 0.392227 0.305384 0.402866
0 0.521378 0.389801 0.306048 0.414552
0 0.517799 0.388453 0.304097 0.411916
0 0.518698 0.384969 0.308905 0.417003
0 0.513912 0.389032 0.309497 0.409726
0 0.519002 0.387417 0.298598 0.406004
0 0.516454 0.388688 0.301179 0.408644
0 0.517728 0.385918 0.308017 0.412916
0 0.516018 0.390877 0.301404 0.408026
0 0.517415 0.388965 0.303366 0.410961
0 0.522472 0.386501 0.299272 0.420714
0 0.514163 0.391630 0.308105 0.404301
0 0.517154 0.388867 0.299072 0.405185
0 0.516933 0.389005 0.305624 0.404709
0 0.515449 0.388386 0.310477 0.413972
0 0.516540 0.384133 0.309039 0.417251
0 0.521238 0.386159 0.308029 0.416470
0 0.525814 0.389819 0.296085 0.412089
0 0.516932 0.389864 0.298750 0.404354
0 0.516702 0.388248 0.305171 0.406890
0 0.516296 0.383633 0.309750 0.408824
0 0.516486 0.386565 0.306130 0.406217
0 0.521000 0.387298 0.308520 0.418069
0 0.520679 0.387819 0.308421 0.404421
0 0.520721 0.389082 0.316579 0.406183
0 0.523993 0.389598 0.307231 0.404550