0 0.078120 0.367735 0.039507 0.050765
0 0.077961 0.367755 0.038559 0.049906
0 0.192258 0.356377 0.014690 0.018329
0 0.078074 0.368375 0.038652 0.049974
0 0.078048 0.368007 0.038701 0.051774
0 0.078488 0.368453 0.038839 0.051338
0 0.078762 0.368788 0.039589 0.051545
0 0.078463 0.367980 0.039218 0.052058
0 0.470715 0.335394 0.273697 0.389863
0 0.473483 0.334631 0.273084 0.383605
0 0.473113 0.334771 0.274191 0.381899
0 0.473861 0.333709 0.274573 0.374828
0 0.472010 0.335395 0.275729 0.372858
0 0.472732 0.334106 0.279001 0.377711
0 0.473474 0.336145 0.278404 0.382311
0 0.473624 0.336506 0.278626 0.378240
0 0.471074 0.335581 0.277010 0.379235
0 0.472341 0.335101 0.279365 0.388524
0 0.473816 0.337047 0.280147 0.392924
0 0.470439 0.336276 0.274564 0.388240
0 0.473154 0.337561 0.279828 0.393129
0 0.473321 0.335833 0.279366 0.397539
0 0.474043 0.339177 0.281936 0.395149
0 0.471240 0.338653 0.271319 0.383805
0 0.473168 0.336846 0.275590 0.386733
0 0.472670 0.335273 0.274675 0.386886
0 0.470295 0.338541 0.268528 0.384199
0 0.474173 0.336711 0.272565 0.387537
0 0.473954 0.334588 0.274937 0.384100
0 0.478135 0.340188 0.278792 0.381890
0 0.474466 0.341015 0.280723 0.387825
0 0.472375 0.338017 0.285069 0.386154
0 0.474685 0.339458 0.277755 0.393562
0 0.477843 0.338708 0.282961 0.383794
0 0.478102 0.340314 0.281851 0.388480
0 0.476999 0.338309 0.282843 0.382570
0 0.475982 0.336670 0.280161 0.389419
0 0.471278 0.338794 0.286252 0.398327
0 0.473632 0.338617 0.283671 0.395083
0 0.473659 0.339252 0.286975 0.390972
0 0.475032 0.340554 0.281760 0.390070
0 0.472603 0.340269 0.282028 0.394350
0 0.476073 0.336581 0.284485 0.391256
0 0.475717 0.339622 0.290899 0.402329
0 0.470570 0.338822 0.279869 0.386032
0 0.474709 0.338920 0.281522 0.394693
0 0.478066 0.341223 0.282818 0.395615
0 0.472412 0.339487 0.286186 0.396113
0 0.474660 0.336219 0.289073 0.398223
0 0.470345 0.340662 0.281280 0.385215
0 0.469347 0.340992 0.284352 0.393867
0 0.472545 0.340108 0.280776 0.392132
0 0.472469 0.339825 0.282241 0.396689
0 0.473494 0.340189 0.282342 0.402590
0 0.472308 0.341720 0.280380 0.394585
0 0.477598 0.342103 0.287184 0.392299
0 0.477610 0.342974 0.286699 0.394732