0 0.513615 0.382549 0.334941 0.447339
0 0.514875 0.384883 0.338884 0.446935
0 0.514998 0.379419 0.343855 0.457629
0 0.512463 0.383055 0.347929 0.456583
0 0.514016 0.389362 0.348643 0.455225
0 0.513857 0.390124 0.348738 0.462296
0 0.516140 0.386240 0.352286 0.462702
0 0.514120 0.380378 0.347555 0.476838
0 0.511536 0.380679 0.344996 0.453411
0 0.516700 0.380816 0.346157 0.450476
0 0.518211 0.385125 0.346455 0.447874
0 0.515074 0.382327 0.346118 0.447293
0 0.516299 0.382835 0.344807 0.445933
0 0.516610 0.380933 0.347902 0.453591
0 0.513145 0.383596 0.347695 0.446045
0 0.515633 0.382017 0.350551 0.455389
0 0.513867 0.385594 0.344954 0.449050
0 0.513273 0.384572 0.352429 0.452721
0 0.512375 0.384404 0.345587 0.451162
0 0.513916 0.381102 0.349543 0.455913
0 0.520104 0.382365 0.346531 0.458981
0 0.511170 0.386448 0.344283 0.451228
0 0.514190 0.384327 0.355059 0.450464
0 0.514358 0.389061 0.348749 0.448326
0 0.513812 0.389019 0.350356 0.448581
0 0.516975 0.385623 0.351933 0.452974
0 0.517190 0.381286 0.349029 0.454463
0 0.520863 0.385829 0.346061 0.451991
0 0.517355 0.386438 0.350625 0.457511
0 0.516281 0.386165 0.343901 0.457749
0 0.516032 0.382574 0.345168 0.450234
0 0.516053 0.383995 0.350625 0.454419
0 0.516414 0.382352 0.349608 0.467964
0 0.518695 0.383206 0.342706 0.453232
0 0.516977 0.385536 0.343685 0.459258
0 0.517757 0.383278 0.346336 0.458670
0 0.516993 0.391105 0.340616 0.459422