0 0.331619 0.299612 0.044073 0.069633
0 0.331223 0.299756 0.042151 0.068141
0 0.331775 0.299163 0.043497 0.068555
0 0.331038 0.299427 0.043645 0.069491
0 0.330904 0.300218 0.043204 0.066863
0 0.330568 0.299398 0.042198 0.067132
0 0.330918 0.299731 0.043609 0.067740
0 0.331166 0.299543 0.043100 0.065055
0 0.416283 0.167593 0.075721 0.098948
0 0.417277 0.166449 0.077300 0.101882
0 0.417325 0.168183 0.072454 0.099961
0 0.416218 0.167288 0.072771 0.100347
0 0.415239 0.169433 0.071397 0.100213
0 0.415477 0.168692 0.071287 0.098037
0 0.416238 0.167528 0.072603 0.102538
0 0.416275 0.168835 0.072454 0.101785