0 0.217004 0.484040 0.014891 0.018128
0 0.931021 0.499775 0.034572 0.052078
0 0.930767 0.499720 0.033181 0.052075
0 0.931808 0.499828 0.033356 0.053162
0 0.930507 0.499454 0.034944 0.052094
0 0.931645 0.499806 0.034701 0.053332
0 0.931217 0.500106 0.033915 0.051092
0 0.930797 0.500650 0.037956 0.053899
0 0.479185 0.260864 0.215576 0.309159
0 0.482034 0.262677 0.217025 0.305830
0 0.481572 0.261558 0.219502 0.306801
0 0.481630 0.265812 0.221337 0.300643
0 0.480691 0.266504 0.224253 0.303102
0 0.481332 0.265670 0.224893 0.303813
0 0.481612 0.264665 0.219126 0.297533
0 0.480914 0.264805 0.219346 0.299321
0 0.481639 0.265429 0.226583 0.302857
0 0.481936 0.266501 0.224272 0.304053
0 0.482952 0.267590 0.225466 0.301164
0 0.479324 0.265153 0.221016 0.293490
0 0.480616 0.265264 0.223586 0.299669
0 0.481724 0.266053 0.224945 0.305316
0 0.481559 0.265123 0.225920 0.308598
0 0.480721 0.267140 0.225444 0.304030
0 0.481612 0.265775 0.224868 0.301587
0 0.480321 0.265961 0.222514 0.290347
0 0.481660 0.264287 0.224096 0.297061
0 0.481690 0.267144 0.227586 0.305828
0 0.482019 0.266161 0.225639 0.305223
0 0.481250 0.266456 0.229850 0.306647
0 0.481712 0.265997 0.225875 0.306234
0 0.480306 0.265717 0.226432 0.290571
0 0.480854 0.265602 0.226386 0.296381
0 0.482739 0.267068 0.228713 0.298627
0 0.482363 0.266642 0.227260 0.303839
0 0.481694 0.267377 0.228818 0.306432
0 0.482734 0.266928 0.226554 0.303665
0 0.480215 0.268405 0.230025 0.287859
0 0.480595 0.266724 0.226380 0.300818
0 0.481003 0.267846 0.227463 0.301552
0 0.482069 0.266500 0.227133 0.301669
0 0.482734 0.266276 0.232528 0.310388
0 0.482751 0.266596 0.227935 0.305311
0 0.480588 0.268369 0.230592 0.301807
0 0.480859 0.268092 0.227945 0.301774
0 0.481922 0.266385 0.225076 0.301389
0 0.482806 0.265853 0.230640 0.314554
0 0.484477 0.269016 0.228396 0.304007
0 0.481013 0.269662 0.229234 0.305611
0 0.482465 0.268756 0.226303 0.306456
0 0.485397 0.270462 0.230968 0.309041
0 0.486801 0.261908 0.239305 0.316025
0 0.481591 0.259113 0.236753 0.316840
0 0.476650 0.262219 0.236789 0.312497
0 0.485625 0.263814 0.226167 0.309073
0 0.483939 0.263367 0.228153 0.300056
0 0.484719 0.264589 0.224320 0.304944
0 0.480140 0.267250 0.225111 0.307734
0 0.478528 0.263433 0.221634 0.309160
0 0.483614 0.263179 0.226231 0.309645
0 0.484018 0.266750 0.229311 0.304910
0 0.485283 0.267637 0.223241 0.301035
0 0.482114 0.265821 0.228116 0.307598
0 0.481066 0.267640 0.228419 0.304439
0 0.481493 0.266623 0.231305 0.303310
0 0.486704 0.265588 0.227098 0.300285
0 0.483163 0.265666 0.226495 0.300504
0 0.483110 0.263974 0.223122 0.309726
0 0.480408 0.268894 0.219465 0.306857