0 0.504176 0.435729 0.344900 0.452773
0 0.506162 0.435853 0.348268 0.456640
0 0.505367 0.433686 0.353426 0.443120
0 0.501439 0.437300 0.353714 0.446692
0 0.504678 0.438651 0.353793 0.452816
0 0.505917 0.436006 0.351036 0.454028
0 0.505405 0.432693 0.357620 0.440783
0 0.504492 0.437572 0.344169 0.436836
0 0.505474 0.439659 0.353223 0.440102
0 0.504756 0.438909 0.350303 0.435730
0 0.503518 0.439175 0.346184 0.438593
0 0.506326 0.433021 0.350867 0.449848
0 0.506461 0.437330 0.363659 0.437259
0 0.503271 0.442145 0.345166 0.436935
0 0.507684 0.440059 0.348770 0.439673
0 0.499910 0.439487 0.352145 0.443652
0 0.498529 0.438409 0.346704 0.450469
0 0.503115 0.438756 0.349393 0.461434
0 0.507269 0.436698 0.360798 0.441477
0 0.508049 0.439394 0.350051 0.434390
0 0.504155 0.442667 0.346241 0.432169
0 0.498720 0.443730 0.344383 0.427350
0 0.502364 0.440494 0.345396 0.432734
0 0.502954 0.438045 0.349562 0.451727
0 0.504865 0.438627 0.357767 0.435562
0 0.502767 0.439968 0.346634 0.440505
0 0.499646 0.441466 0.344586 0.443116
0 0.501769 0.435721 0.341422 0.449094
0 0.510872 0.437628 0.349505 0.462472
0 0.505440 0.442541 0.350199 0.443325
0 0.504567 0.442821 0.343185 0.435312
0 0.505085 0.441586 0.339719 0.446001
0 0.506716 0.443665 0.344325 0.451642