0 0.154305 0.263456 0.247175 0.362747
0 0.155125 0.264955 0.241539 0.364102
0 0.150175 0.265766 0.252086 0.358065
0 0.154436 0.267950 0.252075 0.356949
0 0.152972 0.267964 0.248947 0.358129
0 0.153825 0.266678 0.251545 0.357542
0 0.152591 0.273052 0.256828 0.364249
0 0.155479 0.273023 0.257676 0.366597
0 0.154813 0.273024 0.257676 0.371700
0 0.154681 0.272198 0.256168 0.368172
0 0.153068 0.274918 0.259635 0.364676
0 0.154654 0.273317 0.259655 0.369742
0 0.154695 0.274150 0.257488 0.374664
0 0.154519 0.274245 0.256833 0.371630
0 0.153682 0.274733 0.263458 0.359105
0 0.156376 0.271799 0.255703 0.360102
0 0.153390 0.271996 0.254953 0.361829
0 0.153966 0.271307 0.255396 0.364199
0 0.154500 0.274372 0.263042 0.358992
0 0.157347 0.270502 0.256123 0.362949
0 0.154942 0.269854 0.256262 0.369492
0 0.154697 0.270994 0.257644 0.365255
0 0.154270 0.272693 0.258936 0.360748
0 0.155923 0.269613 0.258069 0.370312
0 0.154782 0.269328 0.257694 0.381305
0 0.155313 0.272282 0.255202 0.369133
0 0.153577 0.273011 0.258549 0.359502
0 0.155058 0.269674 0.253431 0.367557
0 0.154423 0.270552 0.253506 0.372632
0 0.156213 0.270588 0.250254 0.369127
0 0.152648 0.278435 0.263768 0.360086
0 0.155354 0.271464 0.254915 0.370647
0 0.154932 0.272880 0.252854 0.372534
0 0.155805 0.273990 0.247879 0.370149
0 0.158737 0.281279 0.248387 0.367446
0 0.150633 0.277441 0.264031 0.377627
0 0.157818 0.276733 0.263135 0.372986
0 0.156361 0.277667 0.258671 0.375095
0 0.151603 0.273354 0.260854 0.378696
0 0.151170 0.273178 0.275808 0.377519
0 0.155743 0.279983 0.261416 0.367817
0 0.156801 0.274425 0.259186 0.364514
0 0.156632 0.274278 0.258840 0.367400
0 0.154829 0.272807 0.254828 0.366441
0 0.161090 0.267964 0.253377 0.367525
0 0.682719 0.383814 0.330006 0.402302
0 0.684407 0.379480 0.335767 0.408443
0 0.149455 0.277740 0.270918 0.379711
0 0.153403 0.276126 0.259692 0.372328
0 0.153588 0.272835 0.262016 0.371928
0 0.154326 0.274579 0.258624 0.369730
0 0.155157 0.275366 0.256421 0.366015
0 0.161498 0.271341 0.250723 0.367692
0 0.684722 0.371128 0.328247 0.404044
0 0.685559 0.382489 0.326425 0.394616
0 0.685202 0.391917 0.326861 0.386706
0 0.684460 0.393064 0.327976 0.385433
0 0.684160 0.388948 0.331153 0.398606
0 0.149159 0.277114 0.269991 0.371123
0 0.155252 0.277380 0.254062 0.366556
0 0.154650 0.272110 0.258570 0.367750
0 0.158350 0.273640 0.250642 0.369574
0 0.156260 0.272862 0.252247 0.371693
0 0.161061 0.271997 0.250196 0.384273
0 0.687087 0.384631 0.328095 0.399297
0 0.686095 0.386335 0.326207 0.398996
0 0.687758 0.390008 0.333107 0.401961
0 0.684892 0.388254 0.327774 0.398807
0 0.685266 0.387914 0.328318 0.396223
0 0.689184 0.382060 0.325411 0.402633
0 0.153164 0.279561 0.254366 0.372697
0 0.154901 0.275172 0.258900 0.384985
0 0.156929 0.272194 0.251682 0.376288
0 0.157560 0.273341 0.251201 0.374752
0 0.676686 0.383682 0.326192 0.398575
0 0.685868 0.385857 0.336025 0.409947
0 0.682341 0.390673 0.333269 0.405717
0 0.684335 0.391278 0.333276 0.406516
0 0.685840 0.391013 0.324802 0.406157
0 0.683087 0.387111 0.322003 0.399850
0 0.685524 0.384380 0.322916 0.406851
0 0.686612 0.388264 0.332651 0.401786
0 0.685595 0.387276 0.332198 0.411800
0 0.686616 0.394449 0.325944 0.407882
0 0.686197 0.390731 0.323086 0.408060
0 0.685216 0.387002 0.331096 0.406632
0 0.684248 0.385743 0.332172 0.412465
0 0.689211 0.390561 0.326498 0.404970
0 0.683781 0.391862 0.326668 0.407769
0 0.683492 0.389521 0.321671 0.405547
0 0.687802 0.390251 0.320329 0.406165
0 0.687291 0.391841 0.322734 0.411749
0 0.688443 0.391827 0.319223 0.413361
0 0.688482 0.391941 0.316754 0.418495
0 0.688414 0.393326 0.318916 0.419717
0 0.692516 0.401558 0.324078 0.419707