0 0.561938 0.216724 0.172145 0.257178
0 0.562036 0.218750 0.169908 0.252683
0 0.562531 0.216743 0.170715 0.258968
0 0.562679 0.216406 0.176172 0.264649
0 0.561898 0.220054 0.171370 0.259693
0 0.563005 0.220507 0.172549 0.260618
0 0.563084 0.219389 0.172867 0.261076
0 0.563206 0.218510 0.170118 0.261947
0 0.563409 0.218139 0.170247 0.263743
0 0.563452 0.220130 0.172082 0.263288
0 0.563559 0.221625 0.169177 0.263990
0 0.563388 0.221128 0.171593 0.262870
0 0.563741 0.221051 0.170397 0.263046
0 0.560318 0.217382 0.173207 0.251186
0 0.562531 0.219102 0.167083 0.258586
0 0.563478 0.219282 0.168510 0.258076
0 0.563640 0.220522 0.170206 0.262494
0 0.564270 0.220753 0.169255 0.265164
0 0.563492 0.220434 0.168338 0.263437
0 0.567250 0.221162 0.167143 0.253485
0 0.562162 0.218181 0.168075 0.258150
0 0.563335 0.219953 0.168850 0.256700
0 0.562434 0.222011 0.169447 0.259663
0 0.564969 0.219777 0.168512 0.264068
0 0.563567 0.219052 0.168102 0.264457
0 0.566875 0.222478 0.164614 0.251204
0 0.563245 0.219836 0.167475 0.257809
0 0.563104 0.220819 0.168363 0.255198
0 0.561736 0.222593 0.167934 0.254816
0 0.562233 0.221018 0.168203 0.262052
0 0.562905 0.220379 0.166177 0.269160
0 0.562375 0.223611 0.168770 0.260565
0 0.562149 0.219716 0.165898 0.258680
0 0.560218 0.220815 0.169110 0.260713
0 0.562852 0.221079 0.166288 0.264050
0 0.566178 0.225066 0.163694 0.266020
0 0.561515 0.223767 0.165776 0.263615
0 0.562233 0.222385 0.166425 0.266533
0 0.567492 0.226664 0.163889 0.270890