0 0.441924 0.415608 0.327728 0.446610
0 0.439041 0.418149 0.324408 0.435126
0 0.442430 0.415394 0.323958 0.432485
0 0.444070 0.402742 0.330629 0.440235
0 0.440853 0.406126 0.330076 0.440638
0 0.442211 0.415308 0.337011 0.438972
0 0.441622 0.410837 0.335396 0.445892
0 0.444299 0.412055 0.338095 0.443214
0 0.445803 0.413703 0.330235 0.439751
0 0.446014 0.418573 0.331895 0.443983
0 0.441114 0.418961 0.329692 0.447827
0 0.442689 0.420613 0.330508 0.453669
0 0.447113 0.416997 0.330380 0.440518
0 0.446458 0.413040 0.326561 0.438330
0 0.444153 0.415283 0.327239 0.441291
0 0.448102 0.419738 0.330581 0.436656
0 0.444713 0.419024 0.331012 0.443642
0 0.445793 0.418133 0.331989 0.449149
0 0.443787 0.419738 0.330508 0.440897
0 0.442350 0.419777 0.329170 0.442849
0 0.442947 0.418795 0.326223 0.445752
0 0.446375 0.419371 0.332005 0.446380
0 0.443993 0.417239 0.331818 0.455808
0 0.448037 0.416501 0.332912 0.460908
0 0.443006 0.417390 0.332831 0.450593
0 0.443739 0.416947 0.330072 0.453578
0 0.446436 0.423099 0.324208 0.447415
0 0.443846 0.417421 0.334390 0.458951
0 0.445665 0.418730 0.330964 0.455179
0 0.442452 0.417653 0.326135 0.452068
0 0.443436 0.419193 0.329427 0.459632
0 0.443484 0.430034 0.327901 0.445623
0 0.446175 0.425099 0.321883 0.450255
0 0.445815 0.424114 0.322394 0.449769