0 0.840815 0.214716 0.058097 0.078558
0 0.842463 0.215588 0.056331 0.077869
0 0.841682 0.217125 0.056964 0.078981
0 0.841703 0.216856 0.056365 0.078701
0 0.842069 0.216883 0.057082 0.076315
0 0.104837 0.229447 0.034862 0.051766
0 0.105685 0.230226 0.034050 0.049370
0 0.283609 0.227308 0.023453 0.027926
0 0.841326 0.216258 0.057713 0.078687
0 0.841814 0.216288 0.057622 0.077545
0 0.842388 0.216662 0.057272 0.074156
0 0.106560 0.229527 0.033439 0.050989
0 0.105597 0.230320 0.033650 0.050803
0 0.106400 0.230680 0.032389 0.050716
0 0.283694 0.228879 0.021948 0.025359
0 0.634815 0.232698 0.021749 0.025089
0 0.636774 0.231923 0.022341 0.025572
0 0.841077 0.215707 0.057265 0.079572
0 0.841579 0.214116 0.058628 0.079976
0 0.843540 0.216842 0.057982 0.076991
0 0.106258 0.230583 0.034557 0.052574
0 0.704498 0.259396 0.017536 0.023930
0 0.747804 0.256379 0.016911 0.024696
0 0.923280 0.262699 0.029550 0.033405
0 0.923806 0.262110 0.030766 0.034441
0 0.924039 0.261620 0.028666 0.033431
0 0.923540 0.262634 0.030368 0.035338
0 0.922892 0.262995 0.029491 0.032655
0 0.923655 0.262207 0.030264 0.035198
0 0.924046 0.262991 0.028841 0.032368
0 0.923387 0.262776 0.030336 0.035171
0 0.436284 0.217826 0.177700 0.242200
0 0.437768 0.218952 0.181568 0.238572
0 0.439029 0.217371 0.181607 0.237982
0 0.438041 0.214378 0.177458 0.242296
0 0.437374 0.217541 0.177746 0.242209
0 0.438409 0.218034 0.180640 0.242934
0 0.437675 0.218757 0.178731 0.235944
0 0.438076 0.216893 0.180360 0.233626
0 0.438974 0.216475 0.176504 0.243141
0 0.436571 0.217417 0.175896 0.243036
0 0.438500 0.218727 0.178047 0.243311
0 0.437750 0.218723 0.175084 0.238106
0 0.437408 0.218540 0.180131 0.234994
0 0.440357 0.216177 0.179627 0.234901
0 0.437132 0.215144 0.171000 0.236609
0 0.437371 0.216072 0.173846 0.241896
0 0.438326 0.217023 0.175023 0.239995
0 0.437851 0.219597 0.178006 0.240981
0 0.437948 0.220191 0.177095 0.238728
0 0.437671 0.218247 0.180492 0.239735
0 0.439160 0.217942 0.178361 0.232867
0 0.840331 0.214357 0.057911 0.084427
0 0.840445 0.214695 0.055780 0.079578
0 0.839281 0.214930 0.055497 0.079712
0 0.435822 0.217651 0.172249 0.236948
0 0.436632 0.215696 0.175566 0.242537
0 0.437844 0.217448 0.173799 0.238237
0 0.437809 0.219065 0.177870 0.239304
0 0.439246 0.219241 0.174300 0.236451
0 0.437872 0.218415 0.177781 0.239295
0 0.440831 0.219392 0.173407 0.229849
0 0.437254 0.217238 0.171223 0.239449
0 0.437806 0.218585 0.172758 0.239631
0 0.437036 0.220134 0.174575 0.233730
0 0.438155 0.219779 0.175943 0.236473
0 0.438198 0.219208 0.172634 0.235446
0 0.436502 0.219831 0.169592 0.235220
0 0.437681 0.220438 0.172333 0.235310
0 0.437031 0.220499 0.170827 0.235121
0 0.437668 0.222724 0.171059 0.239238