0 0.487455 0.350156 0.243473 0.326155
0 0.489340 0.352134 0.237439 0.323276
0 0.489766 0.352981 0.238121 0.328896
0 0.486348 0.352023 0.243115 0.325930
0 0.488595 0.355248 0.243579 0.329984
0 0.488727 0.355589 0.244299 0.332788
0 0.489694 0.356808 0.243888 0.329911
0 0.492322 0.356822 0.238939 0.331302
0 0.488210 0.354014 0.245640 0.327367
0 0.487811 0.356966 0.247667 0.333903
0 0.489237 0.356421 0.244701 0.336483
0 0.489686 0.357942 0.244027 0.335177
0 0.490564 0.357860 0.243317 0.334777
0 0.487390 0.354776 0.245053 0.327184
0 0.489059 0.355940 0.247009 0.335544
0 0.490509 0.356627 0.245896 0.332575
0 0.489035 0.357437 0.245737 0.330207
0 0.490629 0.358047 0.245194 0.335219
0 0.488261 0.355927 0.247767 0.324688
0 0.489439 0.357641 0.246195 0.332136
0 0.489772 0.357820 0.243599 0.333268
0 0.488067 0.356472 0.246265 0.331573
0 0.489234 0.357251 0.244078 0.334890
0 0.489156 0.356528 0.247898 0.322919
0 0.490627 0.356767 0.248742 0.326769
0 0.490452 0.357269 0.247389 0.324718
0 0.488782 0.358165 0.247829 0.333049
0 0.491114 0.358602 0.245342 0.333556
0 0.488923 0.356580 0.248459 0.329058
0 0.489001 0.356752 0.246808 0.333324
0 0.489389 0.357744 0.245076 0.333472
0 0.487996 0.356781 0.245213 0.341049
0 0.491107 0.358662 0.242304 0.338617
0 0.488552 0.362720 0.250222 0.328463
0 0.490604 0.358117 0.246339 0.335254
0 0.490544 0.358196 0.242812 0.331091
0 0.490149 0.356188 0.244795 0.340718
0 0.493390 0.359229 0.243490 0.336126
0 0.491923 0.360350 0.237472 0.337957
0 0.493954 0.361480 0.240433 0.338873
0 0.490700 0.360501 0.254092 0.330440
0 0.487311 0.358293 0.248976 0.330768
0 0.490472 0.358723 0.249798 0.331312
0 0.489563 0.358834 0.247096 0.335267
0 0.489339 0.357648 0.247056 0.331846
0 0.488436 0.361183 0.250571 0.332127
0 0.489283 0.362358 0.244472 0.331987
0 0.486717 0.363031 0.242344 0.335725
0 0.491195 0.361780 0.245041 0.333076
0 0.491104 0.360244 0.250007 0.330752
0 0.491124 0.358298 0.248985 0.339982
0 0.491116 0.359405 0.243377 0.337840
0 0.488378 0.360068 0.243687 0.336841
0 0.487884 0.360219 0.240702 0.330211
0 0.492296 0.358706 0.244927 0.347034
0 0.489022 0.357366 0.248213 0.333671
0 0.489244 0.360133 0.242420 0.334952
0 0.489548 0.359220 0.238345 0.332041
0 0.489461 0.356583 0.241046 0.341196