0 0.442785 0.165347 0.135036 0.185109
0 0.442516 0.164507 0.132438 0.184586
0 0.441402 0.164235 0.135126 0.183734
0 0.442670 0.161621 0.135361 0.188395
0 0.442408 0.166335 0.132450 0.188312
0 0.442552 0.165692 0.134030 0.185935
0 0.443743 0.165175 0.132055 0.181393
0 0.442648 0.164416 0.134258 0.185323
0 0.442933 0.165601 0.133720 0.179294
0 0.441719 0.165610 0.135267 0.183669
0 0.442056 0.165932 0.134704 0.183844
0 0.442593 0.166227 0.131732 0.187223
0 0.443702 0.166371 0.134017 0.187348
0 0.443078 0.166233 0.131905 0.181780
0 0.442192 0.166215 0.133905 0.185812
0 0.444054 0.165684 0.132762 0.179005
0 0.442755 0.166569 0.132696 0.182552
0 0.441925 0.165342 0.133533 0.183680
0 0.443226 0.163756 0.135651 0.188347
0 0.443172 0.167507 0.130922 0.185868
0 0.443294 0.165094 0.133836 0.185165
0 0.443417 0.164798 0.132391 0.181262
0 0.442541 0.165802 0.133550 0.183447
0 0.444194 0.164839 0.132116 0.179634
0 0.442799 0.165621 0.132097 0.182824
0 0.441942 0.165125 0.133899 0.180893
0 0.443214 0.165034 0.130590 0.182280
0 0.442926 0.166471 0.128975 0.179246
0 0.442791 0.166447 0.132051 0.182837
0 0.443228 0.167727 0.130983 0.181706
0 0.443479 0.167066 0.133357 0.182177