0 0.819883 0.461813 0.028008 0.029139
0 0.819844 0.462170 0.028125 0.029207
0 0.962920 0.509062 0.037654 0.043144
0 0.963994 0.511064 0.035643 0.040058
0 0.962686 0.511346 0.036057 0.038690
0 0.963023 0.510726 0.036112 0.041192
0 0.145673 0.541724 0.047781 0.063504
0 0.963834 0.511161 0.035447 0.040715
0 0.962981 0.512508 0.036938 0.039072
0 0.963230 0.511089 0.035764 0.039806
0 0.145225 0.541540 0.046380 0.061348
0 0.145968 0.541832 0.047594 0.061892
0 0.146550 0.541573 0.049075 0.062918
0 0.145274 0.542039 0.047719 0.060301
0 0.145499 0.541666 0.048073 0.062745
0 0.146521 0.541428 0.047553 0.061915
0 0.144253 0.541777 0.045752 0.060197
0 0.145445 0.541677 0.047622 0.061903
0 0.146359 0.541368 0.046494 0.061401
0 0.448973 0.347633 0.314209 0.416557
0 0.455408 0.356383 0.313836 0.411459
0 0.454248 0.354905 0.316086 0.416644
0 0.455298 0.350882 0.316536 0.419776
0 0.449873 0.340005 0.319336 0.399820
0 0.449692 0.349201 0.308483 0.398569
0 0.453493 0.348940 0.306756 0.394488
0 0.453188 0.348004 0.308710 0.395147
0 0.454285 0.345781 0.310146 0.392952
0 0.454649 0.342447 0.303239 0.399464
0 0.449850 0.344899 0.310121 0.387616
0 0.449102 0.348913 0.304565 0.400370
0 0.448485 0.347120 0.306591 0.396406
0 0.449788 0.347929 0.311684 0.392531
0 0.448885 0.350592 0.303730 0.389479
0 0.450188 0.349644 0.310086 0.396291
0 0.448850 0.345334 0.304394 0.390262
0 0.451246 0.346400 0.306489 0.389957
0 0.448625 0.351996 0.313093 0.394770
0 0.449209 0.352247 0.313812 0.391157
0 0.452973 0.350100 0.310416 0.392716
0 0.449904 0.350039 0.304345 0.391028
0 0.452307 0.350800 0.301493 0.392647
0 0.447849 0.348698 0.304852 0.394010
0 0.447834 0.348236 0.311278 0.394626
0 0.449350 0.351890 0.313593 0.403332
0 0.458044 0.353028 0.314321 0.407904
0 0.453095 0.355411 0.307398 0.403356
0 0.453352 0.349701 0.308996 0.395090
0 0.449305 0.348821 0.309937 0.399155
0 0.450357 0.353227 0.320626 0.396395