0 0.526706 0.177216 0.130153 0.183188
0 0.525851 0.179104 0.124585 0.176043
0 0.526904 0.179219 0.126271 0.175860
0 0.527102 0.179577 0.123245 0.174981
0 0.525900 0.178866 0.126780 0.178222
0 0.525903 0.179951 0.125016 0.179580
0 0.526153 0.178161 0.130472 0.186459
0 0.527873 0.180684 0.128061 0.174938
0 0.527473 0.181219 0.128601 0.169656
0 0.526976 0.180719 0.128411 0.172778
0 0.527470 0.182177 0.127689 0.171061
0 0.526889 0.180801 0.129014 0.174123
0 0.526402 0.181808 0.128162 0.174526
0 0.527762 0.180341 0.126229 0.180541
0 0.525866 0.180850 0.132739 0.185471
0 0.527364 0.181391 0.129703 0.176491
0 0.527949 0.181651 0.130750 0.171707
0 0.526587 0.182370 0.131290 0.176519
0 0.527764 0.181566 0.130380 0.173526
0 0.527099 0.181024 0.130228 0.174635
0 0.526523 0.181871 0.129923 0.174560
0 0.527908 0.182111 0.127094 0.177024
0 0.527145 0.181302 0.130807 0.177152
0 0.526883 0.181809 0.130105 0.174671
0 0.526121 0.182124 0.129542 0.176647
0 0.527208 0.181384 0.129673 0.172971
0 0.525598 0.181586 0.129408 0.174767
0 0.527031 0.182101 0.131814 0.174297
0 0.529178 0.185582 0.128932 0.172991
0 0.527848 0.183242 0.131576 0.177318
0 0.527762 0.183166 0.132837 0.177426
0 0.527376 0.183767 0.132523 0.173934
0 0.527878 0.185455 0.129605 0.175685