0 0.458680 0.288953 0.221435 0.357966
0 0.460753 0.298847 0.237976 0.369630
0 0.461687 0.302244 0.237712 0.373530
0 0.463575 0.300431 0.239743 0.376403
0 0.457923 0.303362 0.231325 0.364904
0 0.462544 0.306716 0.237643 0.366336
0 0.463155 0.308341 0.240253 0.364833
0 0.464034 0.307585 0.239533 0.360728
0 0.458854 0.307922 0.231572 0.354019
0 0.462351 0.307692 0.234227 0.356080
0 0.463076 0.307568 0.234687 0.350813
0 0.463951 0.307507 0.238524 0.352031
0 0.465470 0.311190 0.238285 0.342711
0 0.460011 0.307578 0.232725 0.351896
0 0.462891 0.308265 0.232974 0.357336
0 0.463014 0.307631 0.234851 0.355973
0 0.462643 0.308088 0.239899 0.348320
0 0.463780 0.312727 0.239843 0.338772
0 0.460494 0.312384 0.233641 0.354279
0 0.465066 0.312547 0.236609 0.361226
0 0.464891 0.310680 0.240030 0.356624
0 0.461939 0.312238 0.239176 0.346200
0 0.463797 0.316152 0.236169 0.341159
0 0.460433 0.314496 0.232018 0.346134
0 0.464259 0.315213 0.232991 0.347189
0 0.463841 0.314329 0.238721 0.345949
0 0.462493 0.315464 0.239285 0.342563
0 0.464278 0.317665 0.236280 0.331414
0 0.458643 0.317840 0.232212 0.336698
0 0.463404 0.316140 0.233702 0.340020
0 0.463840 0.316655 0.237853 0.336921
0 0.464832 0.316338 0.234671 0.336091
0 0.467374 0.317879 0.237310 0.330830
0 0.455338 0.322284 0.228755 0.338431
0 0.461687 0.318213 0.231832 0.342049
0 0.464796 0.317690 0.233777 0.338973
0 0.464682 0.316837 0.234907 0.337608
0 0.467464 0.321410 0.235887 0.332330
0 0.461567 0.322192 0.225262 0.350861
0 0.465954 0.320146 0.230280 0.343466
0 0.465477 0.322169 0.236194 0.341877
0 0.459950 0.299643 0.239985 0.364175
0 0.467457 0.303625 0.235356 0.352339
0 0.466749 0.304147 0.239994 0.351741
0 0.463539 0.302276 0.238823 0.358190
0 0.460592 0.307495 0.241868 0.356491
0 0.466131 0.305398 0.233651 0.360795
0 0.465397 0.303746 0.229517 0.342877
0 0.464513 0.304908 0.238339 0.357270
0 0.465147 0.305438 0.239186 0.361206
0 0.462203 0.308120 0.245475 0.354522
0 0.464860 0.308662 0.239534 0.350768
0 0.465067 0.313843 0.231925 0.338077
0 0.466961 0.308292 0.237425 0.338727
0 0.465975 0.311593 0.238040 0.347665
0 0.461582 0.314383 0.236315 0.345358
0 0.464586 0.313747 0.241727 0.337584
0 0.467971 0.319265 0.240299 0.337716
0 0.465753 0.315119 0.237605 0.337116
0 0.471990 0.317751 0.239864 0.348449
0 0.466174 0.323448 0.241745 0.333661