0 0.518734 0.308176 0.258696 0.355546
0 0.519901 0.307272 0.260354 0.356178
0 0.519851 0.309563 0.266200 0.350457
0 0.519184 0.310998 0.266509 0.346692
0 0.519015 0.312934 0.264441 0.349801
0 0.520443 0.310937 0.265285 0.348271
0 0.519144 0.311783 0.262527 0.344253
0 0.521068 0.314332 0.268452 0.350150
0 0.519922 0.314444 0.268984 0.357505
0 0.520940 0.315056 0.267159 0.358253
0 0.519634 0.314523 0.265304 0.350771
0 0.518964 0.316889 0.263195 0.344153
0 0.521916 0.316859 0.268625 0.357122
0 0.521207 0.317136 0.267457 0.362711
0 0.522451 0.317102 0.263612 0.363142
0 0.521016 0.317663 0.267772 0.361221
0 0.518964 0.319535 0.264884 0.340858
0 0.522156 0.317411 0.264337 0.354588
0 0.522387 0.317128 0.262739 0.351836
0 0.521455 0.316127 0.259058 0.353130
0 0.521083 0.317310 0.268324 0.358996
0 0.522109 0.316622 0.264438 0.351040
0 0.522585 0.317606 0.262326 0.352824
0 0.522155 0.315341 0.261926 0.355478
0 0.522542 0.318116 0.265604 0.357004
0 0.521297 0.316683 0.263048 0.357252
0 0.522422 0.316993 0.265342 0.355696
0 0.522071 0.316290 0.263234 0.355829
0 0.523129 0.318244 0.265247 0.357217
0 0.521832 0.318710 0.261382 0.350169
0 0.521905 0.318204 0.259924 0.346302
0 0.521764 0.317637 0.258276 0.355721
0 0.524236 0.318236 0.264199 0.357742
0 0.521487 0.324222 0.264093 0.346109
0 0.523026 0.321770 0.255546 0.350126
0 0.521678 0.321716 0.256622 0.350839
0 0.525632 0.324259 0.263167 0.356367
0 0.523322 0.311790 0.267917 0.368830
0 0.525793 0.316767 0.268576 0.351788
0 0.524822 0.320249 0.267487 0.354386
0 0.522698 0.318019 0.266927 0.357846
0 0.524266 0.310175 0.269632 0.369217
0 0.523141 0.321236 0.267429 0.358411
0 0.524384 0.318138 0.265478 0.351455
0 0.524356 0.319808 0.264790 0.358482
0 0.521116 0.317871 0.267515 0.364209
0 0.520055 0.312694 0.263762 0.355251
0 0.521225 0.318943 0.267778 0.358594
0 0.520920 0.318180 0.266860 0.359846
0 0.523852 0.318452 0.266514 0.367020
0 0.521173 0.318050 0.269697 0.365472
0 0.520795 0.315696 0.267888 0.362706
0 0.519941 0.322766 0.262422 0.348036
0 0.522892 0.318434 0.264437 0.357190
0 0.522935 0.319483 0.257855 0.354361
0 0.521824 0.318541 0.260594 0.360558
0 0.520319 0.314787 0.265582 0.372379
0 0.520834 0.322551 0.262802 0.363441
0 0.522411 0.320272 0.259268 0.359984
0 0.522207 0.323110 0.261853 0.359898