0 0.421451 0.465155 0.359281 0.489169
0 0.419296 0.474186 0.368079 0.485552
0 0.417365 0.479312 0.369360 0.481029
0 0.423903 0.477108 0.373087 0.480111
0 0.423870 0.469459 0.375022 0.487667
0 0.419494 0.475465 0.376864 0.492024
0 0.419138 0.479027 0.380134 0.484506
0 0.421885 0.479970 0.378529 0.486774
0 0.422808 0.470024 0.373306 0.482818
0 0.410721 0.471359 0.357523 0.481924
0 0.423484 0.469041 0.375397 0.487123
0 0.422471 0.472645 0.377678 0.471184
0 0.421053 0.472452 0.372660 0.467668
0 0.419162 0.470660 0.372930 0.469284
0 0.417610 0.469950 0.366470 0.463366
0 0.423521 0.465619 0.380813 0.472668
0 0.411203 0.474544 0.359919 0.478097
0 0.420984 0.470230 0.370003 0.489376
0 0.424334 0.470775 0.372206 0.481392
0 0.419877 0.471755 0.370323 0.477335
0 0.415595 0.469642 0.364241 0.476177
0 0.417578 0.467717 0.367408 0.472139
0 0.422187 0.469945 0.378146 0.467577
0 0.408618 0.472149 0.351436 0.478836
0 0.421200 0.470805 0.368784 0.482962
0 0.423157 0.471908 0.377929 0.473854
0 0.415230 0.472060 0.365887 0.466642
0 0.416720 0.473340 0.369163 0.469736
0 0.418307 0.470616 0.370060 0.472183
0 0.424005 0.474097 0.376052 0.462028
0 0.415883 0.475640 0.357713 0.475123
0 0.420785 0.473485 0.368461 0.477577
0 0.417652 0.471367 0.360236 0.471502
0 0.415354 0.470335 0.361852 0.476497
0 0.419851 0.471587 0.359073 0.484594
0 0.417717 0.477217 0.359587 0.481528
0 0.414811 0.472042 0.358873 0.481989
0 0.416669 0.474622 0.365379 0.472555