0 0.458583 0.379878 0.265093 0.346531
0 0.463562 0.382011 0.272771 0.342290
0 0.464512 0.382013 0.278935 0.342199
0 0.463180 0.383744 0.273601 0.337751
0 0.464917 0.383550 0.274864 0.339987
0 0.461133 0.386050 0.271191 0.343980
0 0.462995 0.386889 0.276403 0.349757
0 0.462865 0.386640 0.279242 0.350662
0 0.464238 0.386550 0.276930 0.341568
0 0.462290 0.387544 0.280812 0.338685
0 0.462737 0.385118 0.271586 0.338246
0 0.462671 0.384471 0.272746 0.352553
0 0.463461 0.385635 0.277173 0.348941
0 0.463034 0.384289 0.279453 0.346974
0 0.461343 0.386410 0.281992 0.339057
0 0.462413 0.383836 0.271019 0.337888
0 0.462476 0.384187 0.272811 0.349646
0 0.463438 0.384676 0.274468 0.348262
0 0.460966 0.384072 0.276437 0.347610
0 0.461365 0.386947 0.281564 0.337958
0 0.462638 0.383457 0.270544 0.343657
0 0.462219 0.385153 0.272831 0.344295
0 0.462502 0.386831 0.274512 0.348096
0 0.460408 0.387016 0.275304 0.347941
0 0.460563 0.388296 0.278257 0.338362
0 0.460642 0.385481 0.266047 0.346134
0 0.461526 0.385442 0.268344 0.341305
0 0.461241 0.384773 0.266836 0.344837
0 0.461650 0.386920 0.270915 0.346027
0 0.461268 0.390333 0.275566 0.336689
0 0.458163 0.388631 0.268352 0.345034
0 0.461210 0.385466 0.269700 0.348887
0 0.461224 0.386022 0.270006 0.349183
0 0.460552 0.386601 0.268453 0.346049
0 0.463343 0.389706 0.276378 0.346372
0 0.462907 0.392371 0.267049 0.341589
0 0.466567 0.386166 0.277669 0.349087
0 0.465305 0.386899 0.277629 0.348547
0 0.466677 0.386035 0.279496 0.346358
0 0.464081 0.384600 0.275052 0.348542
0 0.465539 0.386571 0.275932 0.337582
0 0.467390 0.390459 0.275269 0.337246
0 0.465624 0.386910 0.273542 0.337619
0 0.467486 0.388181 0.282593 0.349382
0 0.464348 0.382815 0.275574 0.353545
0 0.465490 0.388925 0.278150 0.350083
0 0.464285 0.388864 0.274328 0.342157
0 0.465483 0.388599 0.272468 0.338857
0 0.467653 0.384678 0.279213 0.347774
0 0.466368 0.390672 0.281343 0.344523
0 0.465131 0.384895 0.275576 0.351415
0 0.466766 0.385148 0.273911 0.340421
0 0.463268 0.388129 0.272473 0.345200
0 0.465571 0.388214 0.277149 0.339884
0 0.462205 0.389532 0.272635 0.349031
0 0.461006 0.392147 0.275667 0.352049
0 0.463595 0.387946 0.277963 0.345709
0 0.463099 0.390285 0.274005 0.348302
0 0.464575 0.393661 0.271692 0.346123