0 0.376853 0.456785 0.257834 0.397063
0 0.376570 0.457558 0.256943 0.395427
0 0.383049 0.427552 0.292826 0.469482
0 0.382878 0.457806 0.294431 0.501471
0 0.384547 0.455537 0.298328 0.500661
0 0.388149 0.451825 0.296224 0.496411
0 0.399759 0.444684 0.293509 0.521733
0 0.380040 0.448588 0.289426 0.475109
0 0.384125 0.451436 0.279963 0.467867
0 0.385300 0.452413 0.287226 0.463574
0 0.383951 0.446658 0.283890 0.460797
0 0.387565 0.447277 0.281092 0.463372
0 0.384535 0.453270 0.286490 0.469918
0 0.384258 0.449189 0.279412 0.458157
0 0.383858 0.450014 0.285550 0.443027
0 0.382621 0.449179 0.281073 0.448736
0 0.388008 0.447215 0.282873 0.453559
0 0.392043 0.444871 0.298046 0.471132
0 0.383972 0.450067 0.288014 0.456059
0 0.378687 0.450258 0.286897 0.448169
0 0.376357 0.453917 0.285057 0.439263
0 0.385301 0.450824 0.282591 0.448077
0 0.384666 0.448138 0.276188 0.455314
0 0.389065 0.444848 0.284508 0.465377
0 0.380591 0.452437 0.281245 0.458738
0 0.376649 0.451409 0.291752 0.443322
0 0.379021 0.451266 0.282182 0.443365
0 0.382971 0.451828 0.280359 0.436280
0 0.384414 0.447461 0.277400 0.444337
0 0.379179 0.460423 0.291163 0.449238
0 0.379042 0.460015 0.285495 0.437727
0 0.378291 0.457487 0.279166 0.438697
0 0.384373 0.461970 0.289399 0.449520