0 0.557540 0.533365 0.502799 0.684385
0 0.550823 0.516768 0.482266 0.669779
0 0.554641 0.534954 0.503972 0.693239
0 0.558300 0.514780 0.483574 0.659810
0 0.557396 0.531276 0.507177 0.683835
0 0.560672 0.533726 0.508567 0.682397
0 0.565851 0.529634 0.498551 0.678691
0 0.555138 0.529475 0.504258 0.665537
0 0.553814 0.529566 0.495843 0.662089
0 0.552627 0.527816 0.498406 0.674772
0 0.562558 0.533072 0.500849 0.673065
0 0.550586 0.531837 0.507466 0.679257
0 0.551368 0.536684 0.504488 0.672530
0 0.551020 0.527318 0.505947 0.665236
0 0.550442 0.536471 0.507463 0.661060
0 0.555879 0.526324 0.499373 0.652051
0 0.553807 0.539803 0.503343 0.648980
0 0.559787 0.536895 0.483252 0.661657
0 0.569758 0.533555 0.495090 0.664367
0 0.554688 0.535498 0.508643 0.659762
0 0.541048 0.525560 0.479069 0.634190
0 0.553732 0.532925 0.491363 0.656747
0 0.552123 0.528009 0.503448 0.659940
0 0.560412 0.530904 0.503209 0.664230
0 0.553906 0.526683 0.516371 0.660001
0 0.553102 0.535454 0.498522 0.655589
0 0.554144 0.517590 0.512002 0.646793
0 0.554870 0.526156 0.497531 0.648295
0 0.553622 0.514314 0.503089 0.633500
0 0.552862 0.523010 0.498597 0.639248
0 0.564729 0.517420 0.488589 0.636605
0 0.556537 0.526193 0.491148 0.646688
0 0.562966 0.528567 0.494975 0.648088
0 0.557460 0.533802 0.508077 0.678210
0 0.572536 0.526735 0.551070 0.671735
0 0.558022 0.533450 0.518843 0.666846
0 0.543855 0.522217 0.483475 0.628631
0 0.552966 0.522886 0.488507 0.650331
0 0.552215 0.522414 0.500457 0.648356
0 0.554777 0.530153 0.493793 0.654457
0 0.555494 0.519033 0.508570 0.646649
0 0.553585 0.529066 0.496788 0.645113
0 0.552636 0.513216 0.498288 0.635411
0 0.554431 0.523506 0.490972 0.640985
0 0.553709 0.509791 0.503572 0.632940
0 0.553443 0.519507 0.493773 0.634052
0 0.562966 0.514371 0.491129 0.622092
0 0.557244 0.518047 0.490499 0.640797
0 0.556420 0.518543 0.497363 0.618771
0 0.546772 0.524170 0.515098 0.650834
0 0.573202 0.515595 0.556982 0.678837
0 0.561532 0.526404 0.518269 0.676133
0 0.541215 0.522828 0.485424 0.639860
0 0.550858 0.523225 0.482534 0.649088
0 0.554331 0.515452 0.506010 0.649603
0 0.561594 0.520974 0.507315 0.665246
0 0.555630 0.509429 0.502837 0.647977
0 0.556664 0.512044 0.503070 0.654180
0 0.556240 0.509706 0.495017 0.643176
0 0.555827 0.513398 0.493431 0.647999
0 0.557828 0.502838 0.489651 0.649853
0 0.555192 0.508410 0.472626 0.637541
0 0.562861 0.509325 0.494429 0.628414
0 0.558569 0.513408 0.490658 0.646125
0 0.550677 0.518642 0.494899 0.623802
0 0.543390 0.520069 0.517941 0.651358
0 0.571688 0.515083 0.547587 0.650364
0 0.569898 0.517590 0.519257 0.640468
0 0.542547 0.520399 0.479221 0.605942
0 0.554053 0.522780 0.482011 0.630663
0 0.556582 0.514462 0.498889 0.622301
0 0.567422 0.518865 0.514882 0.653954
0 0.556226 0.511661 0.485891 0.632988
0 0.557786 0.514628 0.497743 0.648554
0 0.557468 0.508474 0.477930 0.632516
0 0.557080 0.506660 0.489418 0.651065
0 0.553448 0.512643 0.484989 0.637326
0 0.549934 0.515098 0.482704 0.641446
0 0.560978 0.518622 0.496385 0.628737
0 0.559748 0.522845 0.490200 0.647865
0 0.551932 0.525785 0.508183 0.633571
0 0.535448 0.518857 0.517251 0.665703
0 0.575750 0.514385 0.524375 0.690618
0 0.547538 0.502369 0.481707 0.683507
0 0.556546 0.499342 0.470641 0.679264
0 0.564536 0.502812 0.492327 0.720171
0 0.562558 0.495234 0.481628 0.696243
0 0.565340 0.498210 0.496704 0.713592
0 0.564536 0.489159 0.483736 0.712767
0 0.561392 0.481103 0.480040 0.713531
0 0.563805 0.497520 0.491372 0.710647
0 0.559201 0.488090 0.487517 0.716037
0 0.557521 0.498995 0.501546 0.699030
0 0.548305 0.513187 0.512470 0.683002
0 0.539334 0.519437 0.509097 0.684477
0 0.560162 0.509834 0.489690 0.670030
0 0.555686 0.515374 0.475496 0.645681
0 0.565835 0.508040 0.497053 0.682730
0 0.563735 0.509105 0.486051 0.653035
0 0.567324 0.509067 0.505922 0.671242
0 0.565935 0.508764 0.485707 0.675240
0 0.569536 0.503127 0.494589 0.674989
0 0.565017 0.513503 0.495222 0.650433
0 0.565576 0.503319 0.505103 0.668662
0 0.553293 0.511082 0.513797 0.676756
0 0.549939 0.521989 0.522201 0.683364
0 0.570079 0.501344 0.508061 0.664219
0 0.563901 0.529408 0.478458 0.620966
0 0.563750 0.532109 0.478932 0.644870
0 0.552397 0.513232 0.531193 0.653546
0 0.544558 0.520468 0.546269 0.664801