0 0.605904 0.473834 0.441840 0.578239
0 0.608981 0.476839 0.437281 0.587545
0 0.605337 0.479978 0.443777 0.595952
0 0.609335 0.489653 0.443339 0.614240
0 0.608791 0.493336 0.448899 0.621314
0 0.606268 0.495055 0.457299 0.623492
0 0.610989 0.489431 0.448346 0.622743
0 0.607023 0.489671 0.455654 0.624687
0 0.607071 0.491232 0.455955 0.636002
0 0.616358 0.488455 0.440839 0.601058
0 0.614107 0.481274 0.449330 0.592840
0 0.617503 0.483830 0.447847 0.598278
0 0.615237 0.487363 0.447142 0.584677
0 0.615826 0.486792 0.455571 0.598824
0 0.612493 0.486842 0.450118 0.586729
0 0.610089 0.488598 0.454157 0.596568
0 0.608372 0.479010 0.448587 0.579506
0 0.608323 0.482705 0.457562 0.594776
0 0.612600 0.476194 0.443604 0.582546
0 0.610349 0.481646 0.457300 0.602583
0 0.615230 0.482045 0.445900 0.605737
0 0.623289 0.486847 0.463608 0.609452
0 0.607631 0.489897 0.438499 0.592924
0 0.619011 0.494726 0.437085 0.616271
0 0.616975 0.488832 0.449988 0.587274
0 0.621318 0.493002 0.445973 0.595426
0 0.616387 0.491102 0.455055 0.592480
0 0.614381 0.493964 0.454188 0.601423
0 0.616622 0.486730 0.452936 0.598160
0 0.617389 0.492888 0.447845 0.598474
0 0.613090 0.481723 0.452988 0.593643
0 0.615791 0.487800 0.445821 0.598591
0 0.612282 0.483071 0.452393 0.592842
0 0.611137 0.485590 0.451067 0.602244
0 0.610658 0.487406 0.455372 0.616794
0 0.608933 0.493854 0.446696 0.627259
0 0.627102 0.488348 0.467856 0.618693
0 0.613221 0.497185 0.444920 0.598104
0 0.621918 0.499732 0.440369 0.620814
0 0.617329 0.488356 0.448580 0.597883
0 0.617477 0.491745 0.449055 0.615067
0 0.615765 0.490541 0.458293 0.610578
0 0.612127 0.494895 0.461588 0.626035
0 0.619159 0.488549 0.457891 0.611623
0 0.621289 0.493861 0.451358 0.611322
0 0.615883 0.484569 0.457143 0.623673
0 0.618405 0.491084 0.448709 0.617680
0 0.612310 0.476851 0.456278 0.607923
0 0.608499 0.481435 0.450376 0.607924
0 0.608776 0.483693 0.451177 0.602564
0 0.611011 0.495076 0.445445 0.616448
0 0.629289 0.482302 0.476144 0.615229
0 0.616996 0.489577 0.458321 0.581970
0 0.626058 0.486720 0.453743 0.602480
0 0.619554 0.481819 0.452969 0.586526
0 0.619334 0.484272 0.453105 0.604600
0 0.616162 0.482524 0.456092 0.601596
0 0.615249 0.487254 0.462386 0.621475
0 0.617759 0.481972 0.457313 0.608412
0 0.619118 0.490350 0.443712 0.599232
0 0.618261 0.483929 0.457024 0.612204
0 0.617804 0.491078 0.455437 0.617610
0 0.615575 0.480157 0.450742 0.598263
0 0.611374 0.483430 0.449312 0.608187
0 0.610031 0.482057 0.445307 0.609523
0 0.611660 0.490475 0.454927 0.619481
0 0.627057 0.495052 0.480718 0.637005
0 0.633322 0.482263 0.468747 0.605008
0 0.620327 0.485912 0.454378 0.595017
0 0.622999 0.486919 0.448686 0.596036
0 0.617273 0.482262 0.452936 0.603673
0 0.616352 0.486962 0.458928 0.617385
0 0.615291 0.480665 0.459916 0.605824
0 0.615714 0.487464 0.449972 0.599603
0 0.615597 0.482599 0.472216 0.625444
0 0.613954 0.490396 0.463730 0.615697
0 0.619495 0.483467 0.455669 0.610217
0 0.618760 0.483314 0.445673 0.601729
0 0.615867 0.481621 0.441653 0.610192
0 0.615281 0.491447 0.457514 0.616759
0 0.637728 0.495504 0.481123 0.613990
0 0.617599 0.490905 0.445117 0.582260
0 0.627286 0.487713 0.449066 0.605906
0 0.621979 0.481492 0.448255 0.605750
0 0.620653 0.486346 0.457512 0.626761
0 0.616826 0.479204 0.454299 0.611673
0 0.614697 0.485067 0.466486 0.627985
0 0.618451 0.483494 0.467799 0.623570
0 0.614507 0.488413 0.476142 0.628423
0 0.627538 0.492272 0.457345 0.602230
0 0.619155 0.481087 0.469374 0.621968
0 0.623191 0.486447 0.457884 0.629880
0 0.621888 0.494859 0.436147 0.590329
0 0.622795 0.491584 0.444478 0.598681
0 0.625023 0.499869 0.455823 0.593661