0 0.505252 0.433952 0.318717 0.405999
0 0.501838 0.433723 0.315964 0.391688
0 0.504422 0.435280 0.316981 0.387919
0 0.503832 0.435453 0.320246 0.382419
0 0.503871 0.433241 0.321540 0.382797
0 0.502533 0.432326 0.314548 0.394683
0 0.504999 0.437196 0.314609 0.392001
0 0.504111 0.435316 0.309958 0.387178
0 0.505555 0.436234 0.311818 0.382871
0 0.503634 0.432235 0.315516 0.381730
0 0.503076 0.430985 0.317005 0.386698
0 0.503837 0.434357 0.317980 0.387263
0 0.502954 0.439064 0.321368 0.394800
0 0.503676 0.437867 0.311250 0.384935
0 0.502243 0.440404 0.312028 0.386493
0 0.501062 0.436460 0.314101 0.389942
0 0.503233 0.433473 0.320933 0.392147
0 0.501873 0.438669 0.317353 0.388053
0 0.502102 0.434398 0.318314 0.394534
0 0.505440 0.436676 0.312777 0.394408
0 0.499052 0.436108 0.317487 0.391366
0 0.502834 0.436633 0.316907 0.389212
0 0.501801 0.432718 0.318227 0.382829
0 0.499056 0.441397 0.311149 0.385792
0 0.499692 0.437683 0.305508 0.385874
0 0.499243 0.439531 0.308981 0.390694
0 0.501190 0.438932 0.311463 0.391385
0 0.503129 0.438365 0.311071 0.385948
0 0.501079 0.438203 0.308072 0.389613