0 0.451323 0.208478 0.136951 0.188332
0 0.451783 0.207863 0.134584 0.187608
0 0.451475 0.209436 0.134679 0.185280
0 0.452178 0.208210 0.130693 0.184969
0 0.450279 0.208175 0.133034 0.183994
0 0.450129 0.209878 0.134394 0.184693
0 0.451993 0.205394 0.137176 0.191970
0 0.451448 0.208245 0.135701 0.188588
0 0.453312 0.208207 0.134730 0.181395
0 0.452206 0.208905 0.135199 0.184940
0 0.452211 0.209607 0.133593 0.180894
0 0.451566 0.209240 0.137481 0.187042
0 0.450463 0.210400 0.135219 0.185756
0 0.451620 0.207522 0.134602 0.188967
0 0.452345 0.206271 0.136874 0.193953
0 0.451889 0.208613 0.133595 0.188257
0 0.452593 0.208999 0.134721 0.182130
0 0.451001 0.209184 0.135748 0.188801
0 0.453499 0.208679 0.133538 0.183198
0 0.452608 0.209051 0.133994 0.184924
0 0.452072 0.208598 0.135428 0.186017
0 0.451939 0.209692 0.135422 0.188934
0 0.450200 0.208804 0.137473 0.191352
0 0.451744 0.207960 0.134346 0.190836
0 0.452131 0.208389 0.135434 0.186089
0 0.451430 0.208611 0.135508 0.188957
0 0.452495 0.209168 0.133404 0.186547
0 0.451411 0.210178 0.133679 0.187931
0 0.452195 0.209542 0.137032 0.186199
0 0.454325 0.211884 0.134366 0.184573
0 0.452613 0.210837 0.134029 0.189989
0 0.453206 0.210259 0.134393 0.189770
0 0.452348 0.211942 0.135484 0.186700
0 0.451706 0.212828 0.134607 0.184716