0 0.556735 0.485317 0.353952 0.456962
0 0.554483 0.487092 0.352821 0.452851
0 0.557167 0.486063 0.360765 0.448671
0 0.555008 0.490526 0.363216 0.453872
0 0.553287 0.490080 0.359264 0.448228
0 0.554734 0.485589 0.362318 0.456283
0 0.552210 0.492670 0.355625 0.456629
0 0.557426 0.495182 0.367126 0.463808
0 0.554330 0.495428 0.358149 0.465107
0 0.554588 0.496814 0.353106 0.461924
0 0.552103 0.493490 0.360104 0.454746
0 0.552296 0.489325 0.365777 0.470130
0 0.554269 0.493751 0.356030 0.448733
0 0.554294 0.494567 0.364226 0.449089
0 0.554179 0.493990 0.361264 0.449165
0 0.552708 0.495522 0.364773 0.455621
0 0.549740 0.492702 0.362411 0.461631
0 0.547525 0.491318 0.368465 0.469237
0 0.552643 0.491906 0.354467 0.443839
0 0.554796 0.491370 0.364770 0.456383
0 0.552517 0.495323 0.358187 0.457361
0 0.550164 0.491138 0.360720 0.457273
0 0.550903 0.496290 0.367292 0.459816
0 0.548609 0.492126 0.371068 0.465184
0 0.551380 0.495632 0.362239 0.455383
0 0.553701 0.496076 0.368816 0.457788
0 0.552362 0.493427 0.364927 0.453035
0 0.550393 0.492993 0.368061 0.457884
0 0.547470 0.491957 0.366746 0.467826
0 0.551367 0.491782 0.366482 0.476771
0 0.559712 0.498236 0.362922 0.457826
0 0.557931 0.494621 0.368268 0.449292
0 0.548879 0.494612 0.371726 0.454546
0 0.550965 0.494892 0.375319 0.473452
0 0.561570 0.504710 0.363489 0.467861
0 0.551920 0.503722 0.359992 0.488744