0 0.382598 0.289411 0.187501 0.317540
0 0.379118 0.284637 0.186264 0.312930
0 0.383439 0.287153 0.186057 0.304126
0 0.383102 0.289022 0.186365 0.297075
0 0.384532 0.288658 0.187764 0.297206
0 0.380448 0.290342 0.184980 0.304201
0 0.382237 0.291988 0.187716 0.302689
0 0.383729 0.291144 0.187987 0.297711
0 0.382357 0.290576 0.189728 0.297162
0 0.384363 0.290719 0.189637 0.295976
0 0.380872 0.290630 0.186450 0.304598
0 0.381690 0.290251 0.188525 0.307474
0 0.383257 0.290339 0.191928 0.307651
0 0.382617 0.290761 0.191346 0.307846
0 0.382995 0.295313 0.190281 0.297220
0 0.381081 0.288036 0.187248 0.305230
0 0.383091 0.289419 0.187415 0.311242
0 0.382715 0.290357 0.189467 0.310844
0 0.383533 0.290212 0.190888 0.305211
0 0.383749 0.294469 0.191232 0.297611
0 0.381035 0.288589 0.193730 0.303078
0 0.383507 0.290670 0.188852 0.301394
0 0.384264 0.291992 0.188292 0.303233
0 0.384003 0.291220 0.191592 0.301719
0 0.384916 0.293060 0.187767 0.296459
0 0.380337 0.289400 0.194478 0.301203
0 0.382957 0.290683 0.189816 0.300840
0 0.383025 0.291855 0.189851 0.301404
0 0.383043 0.292060 0.187899 0.300185
0 0.384768 0.294994 0.184647 0.291538
0 0.377479 0.291481 0.190079 0.299037
0 0.381030 0.290122 0.189788 0.302018
0 0.383010 0.291957 0.187274 0.298000
0 0.382804 0.293594 0.186529 0.297370
0 0.387961 0.300266 0.186735 0.291502
0 0.380576 0.291834 0.189152 0.296746
0 0.384966 0.291828 0.189582 0.299246
0 0.387352 0.295716 0.190189 0.295730
0 0.384643 0.284717 0.197619 0.315078
0 0.386582 0.286554 0.197033 0.320421
0 0.382620 0.285433 0.198520 0.315652
0 0.385985 0.288826 0.196578 0.314724
0 0.380255 0.290005 0.201913 0.314481
0 0.381878 0.289788 0.204617 0.317833
0 0.384362 0.291090 0.204584 0.322208
0 0.383328 0.289130 0.198296 0.315107