0 0.685365 0.308882 0.383905 0.483721
0 0.692720 0.309541 0.388535 0.493637
0 0.689683 0.308269 0.392339 0.494517
0 0.688681 0.310929 0.388890 0.493533
0 0.690721 0.307959 0.393129 0.488921
0 0.692298 0.303197 0.389214 0.491966
0 0.687122 0.315195 0.397326 0.514519
0 0.692507 0.314279 0.403793 0.510538
0 0.688052 0.316753 0.402004 0.505423
0 0.686580 0.312938 0.410966 0.505081
0 0.692019 0.311386 0.399046 0.500485
0 0.694397 0.303717 0.388845 0.498198
0 0.671094 0.330668 0.400050 0.531019
0 0.689669 0.326312 0.410223 0.531807
0 0.688079 0.324528 0.406825 0.540391
0 0.688072 0.327123 0.401169 0.548267
0 0.693814 0.326424 0.416445 0.560161
0 0.691918 0.325377 0.410502 0.542437
0 0.693393 0.320138 0.399004 0.525754
0 0.674540 0.332780 0.397767 0.514855
0 0.688006 0.327360 0.406142 0.527058
0 0.684995 0.324773 0.406221 0.535319
0 0.686979 0.327253 0.401560 0.535263
0 0.689839 0.324551 0.411506 0.538545
0 0.689790 0.318814 0.402274 0.545088
0 0.690059 0.319674 0.393861 0.530799
0 0.687679 0.324565 0.410024 0.534031
0 0.688408 0.325236 0.410038 0.535572
0 0.688837 0.325702 0.423779 0.560928
0 0.687535 0.322553 0.401604 0.533057
0 0.687927 0.326187 0.406961 0.536035
0 0.690923 0.320803 0.402576 0.541776
0 0.690796 0.323376 0.393045 0.544813
0 0.686888 0.327850 0.413597 0.542823
0 0.691615 0.325486 0.413971 0.545952
0 0.689679 0.323934 0.409924 0.549264
0 0.686210 0.325467 0.412563 0.540094
0 0.688812 0.324975 0.409189 0.549806
0 0.692673 0.328997 0.399933 0.552559
0 0.691496 0.325279 0.404087 0.551494
0 0.690467 0.321301 0.401387 0.558042
0 0.686051 0.324056 0.403154 0.563327
0 0.692381 0.326607 0.403183 0.550304
0 0.688871 0.337512 0.392923 0.544565
0 0.688476 0.338576 0.388395 0.531728