0 0.511461 0.326226 0.257147 0.368921
0 0.512452 0.327066 0.259160 0.370323
0 0.511084 0.325938 0.257827 0.366948
0 0.510231 0.327370 0.255207 0.365574
0 0.513255 0.329505 0.260878 0.366371
0 0.513647 0.329618 0.264816 0.369623
0 0.511304 0.330460 0.260586 0.360339
0 0.513485 0.328407 0.261707 0.353674
0 0.511096 0.330504 0.257435 0.362073
0 0.513003 0.331401 0.260748 0.368896
0 0.511795 0.331145 0.265600 0.374114
0 0.512135 0.332658 0.262887 0.368640
0 0.511648 0.332073 0.263908 0.357935
0 0.510763 0.332930 0.260399 0.361708
0 0.511981 0.332532 0.260508 0.376818
0 0.512633 0.332565 0.265715 0.379339
0 0.511556 0.331548 0.266189 0.381840
0 0.512033 0.333154 0.268857 0.366974
0 0.509908 0.333332 0.258414 0.360610
0 0.512910 0.332231 0.261774 0.377044
0 0.512889 0.331572 0.267703 0.381732
0 0.511322 0.331191 0.266619 0.382801
0 0.510689 0.334381 0.258800 0.361746
0 0.512873 0.331686 0.261051 0.374257
0 0.512201 0.331869 0.267184 0.379766
0 0.511308 0.332158 0.265977 0.375000
0 0.508852 0.333728 0.251777 0.368110
0 0.511436 0.330824 0.257827 0.381268
0 0.510813 0.330019 0.262441 0.383216
0 0.511695 0.330800 0.262164 0.375974
0 0.507285 0.336804 0.255163 0.366901
0 0.511660 0.329911 0.256850 0.379219
0 0.510903 0.330818 0.261142 0.378619
0 0.511627 0.331066 0.260628 0.377585
0 0.512389 0.338765 0.259287 0.375766
0 0.513281 0.337633 0.255478 0.370501
0 0.514417 0.340182 0.260575 0.366871
0 0.509401 0.327663 0.265919 0.391408
0 0.515549 0.331967 0.266536 0.374891
0 0.515101 0.329889 0.267160 0.377900
0 0.512313 0.327131 0.265785 0.379297
0 0.511514 0.332091 0.259511 0.381218
0 0.516237 0.332710 0.268302 0.373170
0 0.515605 0.333576 0.270997 0.369678
0 0.513117 0.330531 0.264267 0.370416
0 0.516959 0.330717 0.261333 0.372033
0 0.509706 0.331240 0.272214 0.386031
0 0.512180 0.334836 0.270054 0.379459
0 0.513748 0.332648 0.268817 0.372521
0 0.512543 0.333364 0.268476 0.372285
0 0.513192 0.330258 0.266555 0.373268
0 0.514868 0.332167 0.263472 0.370945
0 0.510747 0.332792 0.259851 0.376685
0 0.514254 0.329450 0.268277 0.376110
0 0.513323 0.327562 0.268785 0.375513
0 0.514390 0.330776 0.269958 0.380768
0 0.510780 0.330789 0.258896 0.379303
0 0.510466 0.332394 0.264366 0.381167
0 0.510019 0.332347 0.271978 0.382322
0 0.510458 0.331276 0.267358 0.369715
0 0.511892 0.331278 0.260148 0.377710