0 0.519058 0.231430 0.180630 0.237091
0 0.519404 0.235087 0.179683 0.235855
0 0.519770 0.236037 0.178264 0.238217
0 0.519602 0.230405 0.183765 0.243570
0 0.520864 0.236807 0.180700 0.238616
0 0.520311 0.237893 0.180602 0.241536
0 0.520080 0.237137 0.182231 0.243214
0 0.520023 0.236449 0.181211 0.247153
0 0.519567 0.236490 0.180196 0.238842
0 0.520603 0.237958 0.182422 0.242486
0 0.519837 0.239102 0.180271 0.248365
0 0.518769 0.238709 0.180969 0.244858
0 0.519619 0.238405 0.181698 0.249143
0 0.521527 0.237073 0.182394 0.245447
0 0.519193 0.236825 0.179750 0.242579
0 0.519476 0.237708 0.180070 0.243044
0 0.519389 0.240759 0.181080 0.247351
0 0.519653 0.239121 0.181251 0.246067
0 0.519582 0.239213 0.182044 0.250373
0 0.520009 0.237745 0.183488 0.245217
0 0.518463 0.237284 0.182446 0.238215
0 0.520114 0.237445 0.180631 0.243853
0 0.519108 0.239404 0.180708 0.247038
0 0.519958 0.239927 0.180441 0.243364
0 0.519575 0.237200 0.182213 0.247876
0 0.520162 0.239780 0.180864 0.242788
0 0.518022 0.242847 0.182488 0.238043
0 0.519982 0.238770 0.178680 0.240839
0 0.520979 0.237867 0.179514 0.242754
0 0.518590 0.236207 0.181588 0.242893
0 0.518931 0.236917 0.182286 0.249593
0 0.519195 0.242847 0.178905 0.233773
0 0.519366 0.238981 0.180854 0.236676
0 0.518424 0.239102 0.177627 0.241751