0 0.487507 0.443200 0.305025 0.414330
0 0.489387 0.444528 0.298455 0.403258
0 0.485779 0.445211 0.301282 0.409758
0 0.483749 0.437666 0.304713 0.419850
0 0.491458 0.433111 0.307651 0.399353
0 0.492595 0.436099 0.299720 0.396166
0 0.492472 0.435774 0.295491 0.392790
0 0.487671 0.432282 0.299217 0.395300
0 0.487084 0.433496 0.296082 0.390797
0 0.490045 0.432767 0.290428 0.408476
0 0.494953 0.434116 0.306272 0.390736
0 0.490223 0.437080 0.298764 0.401041
0 0.490845 0.435915 0.295554 0.395248
0 0.486121 0.435466 0.297870 0.394494
0 0.489508 0.434492 0.293447 0.395493
0 0.490574 0.434040 0.296712 0.401472
0 0.491238 0.434403 0.304419 0.384702
0 0.489996 0.433253 0.300865 0.396071
0 0.488507 0.435990 0.302120 0.399972
0 0.488487 0.433721 0.303864 0.401847
0 0.493713 0.433523 0.300373 0.398751
0 0.491072 0.433148 0.305455 0.402821
0 0.488260 0.434442 0.313765 0.389647
0 0.485247 0.435250 0.299428 0.397301
0 0.487925 0.432763 0.297687 0.403810
0 0.490936 0.434610 0.298836 0.392689
0 0.491747 0.430232 0.304824 0.405262
0 0.485602 0.439677 0.310485 0.382302
0 0.487885 0.438424 0.307187 0.390069
0 0.492077 0.439440 0.304836 0.383078