0 0.036468 0.203147 0.022657 0.027254
0 0.499758 0.149342 0.149833 0.206444
0 0.501964 0.151706 0.151496 0.201477
0 0.501157 0.151731 0.150466 0.198410
0 0.501733 0.149744 0.151950 0.197957
0 0.501178 0.152128 0.149222 0.202426
0 0.500915 0.152948 0.149167 0.204005
0 0.500510 0.150974 0.147758 0.199380
0 0.500443 0.151286 0.148414 0.195970
0 0.501844 0.152667 0.150566 0.211973
0 0.499483 0.152982 0.148540 0.205976
0 0.502076 0.153527 0.146454 0.202387
0 0.500773 0.152985 0.147881 0.199320
0 0.501115 0.153312 0.145892 0.198285
0 0.499539 0.150999 0.145825 0.195887
0 0.501730 0.153956 0.149228 0.213828
0 0.499574 0.153369 0.145937 0.203466
0 0.501362 0.152588 0.143894 0.202749
0 0.501568 0.153695 0.143869 0.200745
0 0.502047 0.152217 0.146915 0.199430
0 0.499318 0.153735 0.142659 0.196367
0 0.499770 0.156909 0.147289 0.217431
0 0.501431 0.152443 0.143170 0.208436
0 0.501625 0.153751 0.146089 0.204963
0 0.502060 0.155738 0.143854 0.202535
0 0.499792 0.154703 0.145349 0.200176
0 0.502653 0.158747 0.141629 0.196823
0 0.501913 0.157203 0.141329 0.209849
0 0.502669 0.155010 0.141280 0.202234
0 0.501190 0.156971 0.139885 0.200462
0 0.499279 0.157805 0.140340 0.204382