0 0.506336 0.415340 0.370338 0.529733
0 0.510892 0.421113 0.375993 0.531840
0 0.511685 0.420998 0.378670 0.544231
0 0.510532 0.431491 0.379370 0.549506
0 0.508423 0.430589 0.385081 0.544633
0 0.512945 0.425424 0.383117 0.542934
0 0.516554 0.426285 0.390772 0.542828
0 0.514341 0.432119 0.386041 0.540101
0 0.510407 0.434335 0.393308 0.541523
0 0.513135 0.428208 0.386617 0.529101
0 0.513043 0.426742 0.381739 0.531888
0 0.515248 0.422430 0.388896 0.523441
0 0.516378 0.424929 0.395202 0.539007
0 0.517558 0.427675 0.387069 0.535369
0 0.512668 0.426841 0.389280 0.535483
0 0.511051 0.424829 0.385185 0.524467
0 0.514167 0.426755 0.382894 0.529142
0 0.514146 0.421991 0.385440 0.522386
0 0.514499 0.421100 0.394060 0.534390
0 0.513229 0.423569 0.385293 0.537722
0 0.510015 0.425379 0.389536 0.529541
0 0.510384 0.424832 0.390373 0.532923
0 0.509746 0.423197 0.383720 0.530302
0 0.510410 0.421507 0.388001 0.524920
0 0.512604 0.418742 0.394566 0.523737
0 0.515944 0.420737 0.383750 0.536465
0 0.509467 0.422880 0.384363 0.530299
0 0.514153 0.422332 0.387080 0.531925
0 0.515643 0.419860 0.381007 0.537046
0 0.514951 0.423187 0.386416 0.535608
0 0.518157 0.424235 0.378360 0.531076
0 0.512890 0.423289 0.383857 0.519827
0 0.512200 0.426157 0.383194 0.530378
0 0.515450 0.428990 0.378951 0.538855
0 0.516629 0.427769 0.384273 0.534171
0 0.518363 0.421429 0.385359 0.540284
0 0.512003 0.422915 0.386100 0.539912
0 0.512352 0.423349 0.383998 0.531350
0 0.511613 0.431086 0.381804 0.530408