0 0.513281 0.455755 0.368719 0.469728
0 0.517731 0.463998 0.377259 0.450222
0 0.518604 0.467101 0.382500 0.443162
0 0.513874 0.462392 0.378460 0.441017
0 0.519404 0.473927 0.388818 0.487072
0 0.519417 0.477803 0.398530 0.484979
0 0.519139 0.480306 0.405410 0.487585
0 0.519309 0.476177 0.400006 0.480729
0 0.520553 0.474504 0.392888 0.475978
0 0.510503 0.478692 0.372043 0.482804
0 0.518353 0.473996 0.399698 0.493191
0 0.518318 0.478557 0.408740 0.488022
0 0.517087 0.481066 0.404586 0.487715
0 0.517807 0.478982 0.406073 0.486061
0 0.518414 0.479725 0.405002 0.479174
0 0.521653 0.474120 0.390731 0.464129
0 0.511002 0.489380 0.378576 0.481190
0 0.521790 0.480666 0.406577 0.495559
0 0.520637 0.481396 0.398533 0.493471
0 0.514632 0.481306 0.394959 0.489554
0 0.512754 0.482898 0.401180 0.492030
0 0.513017 0.483883 0.403202 0.487978
0 0.516467 0.485275 0.397901 0.470785
0 0.505267 0.486750 0.380031 0.489578
0 0.517091 0.479428 0.404975 0.501155
0 0.521479 0.480520 0.407701 0.506861
0 0.516705 0.483966 0.400847 0.490183
0 0.515240 0.484290 0.402318 0.496473
0 0.519293 0.484741 0.401831 0.491666
0 0.515582 0.495056 0.399710 0.475211
0 0.520655 0.486713 0.400138 0.504865
0 0.525749 0.486387 0.395583 0.500421
0 0.520102 0.486355 0.399351 0.501311
0 0.515726 0.493456 0.403916 0.502029
0 0.517802 0.495937 0.402494 0.503327
0 0.521035 0.494167 0.401110 0.504108
0 0.526644 0.492827 0.408415 0.510699
0 0.519656 0.495223 0.409467 0.506621
0 0.519553 0.497227 0.408187 0.502697
0 0.523940 0.507651 0.396411 0.487919
0 0.532100 0.504817 0.415155 0.495172
0 0.521816 0.498543 0.401626 0.499461
0 0.520188 0.509467 0.412611 0.511648