0 0.516770 0.262981 0.362961 0.501037
0 0.516304 0.269902 0.362814 0.511511
0 0.514460 0.283460 0.361485 0.515218
0 0.513577 0.282129 0.368190 0.520024
0 0.518404 0.278572 0.371425 0.515945
0 0.518459 0.263714 0.371747 0.486957
0 0.517303 0.273614 0.380647 0.500293
0 0.514053 0.275842 0.376764 0.502370
0 0.513195 0.278115 0.378479 0.507148
0 0.516418 0.274872 0.365925 0.507863
0 0.515742 0.269564 0.371680 0.488075
0 0.518880 0.275844 0.373492 0.510959
0 0.518389 0.279649 0.373973 0.512074
0 0.514836 0.279166 0.374303 0.511270
0 0.515677 0.279565 0.373939 0.508694
0 0.514775 0.282314 0.365255 0.508187
0 0.515767 0.275355 0.375605 0.489520
0 0.518987 0.275109 0.374343 0.505223
0 0.520295 0.278501 0.370319 0.507805
0 0.520194 0.275639 0.368275 0.504308
0 0.514821 0.276849 0.372434 0.508737
0 0.513907 0.274141 0.366786 0.509946
0 0.519645 0.277886 0.371593 0.500687
0 0.517392 0.277043 0.374422 0.495393
0 0.517349 0.275587 0.377557 0.498986
0 0.520820 0.276430 0.375129 0.509332
0 0.519926 0.276544 0.372900 0.498256
0 0.520774 0.276913 0.378744 0.498309
0 0.519049 0.271138 0.374125 0.514291
0 0.526970 0.276713 0.380987 0.504858
0 0.520337 0.281617 0.371658 0.506579
0 0.522155 0.276159 0.376962 0.524695
0 0.523712 0.272166 0.376581 0.519879
0 0.520684 0.273152 0.377286 0.517258
0 0.523459 0.272722 0.371730 0.523616
0 0.522528 0.272555 0.371598 0.541485
0 0.521198 0.269116 0.377886 0.547931
0 0.525176 0.272585 0.384925 0.549946
0 0.529768 0.286511 0.367711 0.531125