0 0.527501 0.253554 0.178528 0.239481
0 0.529576 0.257157 0.175963 0.228386
0 0.529699 0.259391 0.177862 0.226650
0 0.528506 0.257135 0.177832 0.229231
0 0.529613 0.255927 0.177208 0.233700
0 0.528445 0.257177 0.170896 0.233050
0 0.530035 0.257067 0.173998 0.234856
0 0.529090 0.258957 0.172560 0.232391
0 0.529328 0.258151 0.172686 0.233183
0 0.529134 0.254372 0.178992 0.235525
0 0.528257 0.255941 0.175291 0.235171
0 0.528593 0.258514 0.170533 0.236713
0 0.528964 0.258720 0.173738 0.236185
0 0.530291 0.258820 0.171250 0.231863
0 0.528089 0.260100 0.172730 0.230100
0 0.529441 0.255878 0.175825 0.236178
0 0.527355 0.257683 0.172107 0.236891
0 0.529660 0.259206 0.170511 0.235387
0 0.528897 0.259500 0.170505 0.234361
0 0.529828 0.260350 0.171760 0.231424
0 0.528908 0.259760 0.172131 0.229544
0 0.531531 0.265899 0.175719 0.225087
0 0.528402 0.257734 0.177272 0.240067
0 0.527778 0.258568 0.171415 0.237368
0 0.529058 0.257475 0.170976 0.234709
0 0.528845 0.259993 0.173496 0.233636
0 0.528197 0.261045 0.170930 0.230727
0 0.529167 0.261974 0.171366 0.230713
0 0.528628 0.258133 0.170181 0.234305
0 0.529618 0.258669 0.170660 0.232188
0 0.528732 0.259937 0.173709 0.232421
0 0.527194 0.261448 0.172784 0.231086
0 0.530888 0.265361 0.168805 0.225936
0 0.528617 0.259501 0.172592 0.228526
0 0.528086 0.260061 0.174589 0.230885
0 0.529240 0.264051 0.174228 0.228086