0 0.409189 0.364049 0.258072 0.380537
0 0.406748 0.364393 0.260369 0.380548
0 0.409684 0.364380 0.269762 0.380956
0 0.408292 0.360040 0.264532 0.391010
0 0.407092 0.361202 0.262237 0.385798
0 0.408259 0.363111 0.265885 0.383873
0 0.409609 0.357543 0.268399 0.395167
0 0.408169 0.360058 0.265501 0.387841
0 0.406779 0.363295 0.264505 0.383099
0 0.409492 0.357066 0.269414 0.384385
0 0.408473 0.359844 0.264968 0.376139
0 0.406155 0.361625 0.266900 0.374712
0 0.409964 0.357806 0.266246 0.374030
0 0.408084 0.358531 0.264108 0.376165
0 0.408309 0.359388 0.265908 0.377917
0 0.409162 0.357403 0.267975 0.385086
0 0.406354 0.358696 0.265513 0.381568
0 0.408672 0.360739 0.265110 0.379727
0 0.414110 0.356327 0.277956 0.422374
0 0.417460 0.359096 0.285577 0.421071
0 0.414579 0.350787 0.280287 0.401122
0 0.413546 0.353783 0.270494 0.395858
0 0.412585 0.356230 0.274820 0.394838
0 0.413764 0.355654 0.275036 0.390373
0 0.413964 0.345486 0.281909 0.408616
0 0.416507 0.356619 0.271431 0.396380
0 0.415013 0.356207 0.266652 0.387454
0 0.409596 0.355320 0.266594 0.378640
0 0.410056 0.359556 0.272862 0.386844
0 0.411301 0.362015 0.269512 0.385765
0 0.413690 0.355705 0.278389 0.400475
0 0.411503 0.354184 0.273252 0.385755
0 0.408670 0.360785 0.268076 0.387991
0 0.409504 0.362829 0.272515 0.374698
0 0.411456 0.361884 0.268821 0.381606
0 0.410337 0.361883 0.273630 0.385231
0 0.409351 0.358719 0.264849 0.379074
0 0.407412 0.361049 0.269822 0.380861
0 0.410592 0.367114 0.266044 0.362641
0 0.412439 0.363720 0.262666 0.376869
0 0.417375 0.364102 0.273486 0.376931
0 0.409037 0.359627 0.266998 0.385504
0 0.410849 0.362009 0.270242 0.374628
0 0.410853 0.360829 0.266988 0.374653
0 0.415670 0.358408 0.268245 0.383560