0 0.469916 0.437297 0.301034 0.423563
0 0.468742 0.447173 0.299515 0.416870
0 0.470381 0.447582 0.295702 0.415395
0 0.472917 0.447818 0.303943 0.420683
0 0.470888 0.437927 0.302047 0.409827
0 0.469202 0.439913 0.297487 0.399569
0 0.469547 0.443493 0.295627 0.397554
0 0.468831 0.439150 0.297859 0.397368
0 0.471959 0.439518 0.295731 0.399333
0 0.472107 0.437341 0.305208 0.409226
0 0.472501 0.441405 0.303281 0.414994
0 0.473261 0.441007 0.294184 0.406506
0 0.473964 0.442569 0.294156 0.398055
0 0.466432 0.441006 0.293036 0.405881
0 0.470714 0.444210 0.296246 0.398980
0 0.473231 0.443921 0.308914 0.410261
0 0.473506 0.440589 0.304317 0.408629
0 0.471649 0.443332 0.299827 0.402669
0 0.468253 0.442132 0.295260 0.400231
0 0.469015 0.444211 0.298481 0.398951
0 0.469330 0.442092 0.295961 0.406951
0 0.472964 0.444076 0.303585 0.401666
0 0.470206 0.444515 0.302302 0.400957
0 0.469790 0.444107 0.299861 0.407056
0 0.471399 0.447436 0.300527 0.395372
0 0.474620 0.443321 0.303174 0.410212
0 0.473833 0.443080 0.299161 0.394365
0 0.475485 0.448562 0.294346 0.393256
0 0.474218 0.448075 0.296927 0.393002