0 0.545438 0.287258 0.213401 0.333482
0 0.545930 0.286746 0.207950 0.331892
0 0.544279 0.295287 0.213416 0.332042
0 0.544155 0.297368 0.211183 0.331517
0 0.545084 0.295857 0.210498 0.326680
0 0.547634 0.292122 0.211638 0.324040
0 0.539982 0.293993 0.207636 0.321743
0 0.543311 0.294679 0.213009 0.322302
0 0.543039 0.296535 0.212016 0.324407
0 0.543130 0.296468 0.210653 0.327054
0 0.546505 0.296406 0.207830 0.321257
0 0.543539 0.295648 0.211318 0.313270
0 0.543636 0.293657 0.214397 0.319426
0 0.543661 0.294376 0.210820 0.314622
0 0.543173 0.296469 0.207483 0.313734
0 0.545849 0.295879 0.208852 0.313905
0 0.549207 0.296885 0.204648 0.302907
0 0.545652 0.293684 0.209263 0.301321
0 0.543755 0.292421 0.212254 0.310233
0 0.545470 0.293357 0.210026 0.305521
0 0.543134 0.293961 0.208030 0.308436
0 0.544930 0.295009 0.208514 0.300138
0 0.547726 0.294964 0.206138 0.288886
0 0.546542 0.290301 0.208012 0.300334
0 0.545426 0.289949 0.212234 0.303639
0 0.544679 0.291658 0.211422 0.299553
0 0.544599 0.292047 0.209733 0.302206
0 0.545116 0.292228 0.208693 0.298454
0 0.548345 0.295076 0.205874 0.291085
0 0.545735 0.291068 0.207556 0.288513
0 0.545274 0.290161 0.211414 0.295837
0 0.543661 0.290000 0.212515 0.294835
0 0.544368 0.291245 0.209181 0.292407
0 0.545719 0.292072 0.208637 0.299486
0 0.550511 0.296801 0.204014 0.294196
0 0.543588 0.291567 0.216872 0.295182
0 0.545200 0.290599 0.213991 0.294114
0 0.545093 0.292338 0.211752 0.292310
0 0.548779 0.294795 0.207832 0.296411
0 0.545043 0.290347 0.208487 0.294921
0 0.548574 0.292380 0.209979 0.295163
0 0.542528 0.290244 0.219232 0.316307
0 0.542833 0.288692 0.217740 0.315098
0 0.544950 0.287713 0.218712 0.316677
0 0.547688 0.291689 0.211977 0.315264
0 0.543845 0.295636 0.207920 0.307247
0 0.545220 0.292322 0.208683 0.307006
0 0.550095 0.288727 0.209809 0.312541
0 0.547356 0.293513 0.204012 0.306427
0 0.545253 0.290489 0.211810 0.305995
0 0.546988 0.291950 0.208371 0.304626
0 0.550931 0.289593 0.213970 0.314237
0 0.550393 0.290554 0.213182 0.309357