0 0.394005 0.376120 0.250479 0.344149
0 0.398555 0.378203 0.251098 0.333741
0 0.397893 0.378960 0.250731 0.337329
0 0.398691 0.379219 0.256129 0.335416
0 0.399102 0.380238 0.257306 0.331964
0 0.398605 0.382595 0.255510 0.337769
0 0.398869 0.381006 0.257954 0.336174
0 0.397470 0.379195 0.257158 0.324525
0 0.399238 0.380799 0.260663 0.334910
0 0.398103 0.381649 0.257475 0.335264
0 0.398039 0.383671 0.255210 0.332323
0 0.399072 0.383226 0.259577 0.329645
0 0.398866 0.382057 0.256493 0.321894
0 0.396947 0.379709 0.256248 0.319613
0 0.399058 0.379434 0.257861 0.331342
0 0.399145 0.381876 0.257267 0.332492
0 0.398083 0.382477 0.254364 0.328987
0 0.398046 0.382642 0.259165 0.329037
0 0.398723 0.382254 0.258306 0.325328
0 0.396707 0.379741 0.252945 0.318876
0 0.399623 0.378536 0.254711 0.325674
0 0.399422 0.380864 0.257604 0.327362
0 0.397274 0.380507 0.256431 0.330181
0 0.397627 0.380634 0.260670 0.327238
0 0.400066 0.382081 0.258717 0.320144
0 0.397326 0.379275 0.253709 0.314406
0 0.399902 0.378987 0.251275 0.325782
0 0.399732 0.379950 0.257358 0.324992
0 0.397532 0.379352 0.255848 0.325691
0 0.397064 0.380642 0.259775 0.321065
0 0.398979 0.382911 0.251092 0.317191
0 0.396561 0.381576 0.251774 0.311323
0 0.398381 0.378506 0.250976 0.323467
0 0.399087 0.379552 0.252635 0.322062
0 0.398499 0.379568 0.253042 0.326568
0 0.398216 0.381252 0.257283 0.324511
0 0.400145 0.385632 0.252331 0.316665
0 0.398693 0.382014 0.251943 0.321385
0 0.399458 0.379076 0.248362 0.319558
0 0.397766 0.379538 0.252409 0.328500
0 0.399189 0.383015 0.252244 0.324077
0 0.401265 0.385115 0.244755 0.318103
0 0.402479 0.386307 0.244551 0.319401
0 0.399205 0.379393 0.258745 0.338956
0 0.400865 0.379637 0.262472 0.340402
0 0.398492 0.377151 0.265083 0.340551
0 0.401425 0.385227 0.254312 0.329151
0 0.401357 0.382365 0.257601 0.329024
0 0.399301 0.384669 0.255950 0.326897
0 0.398360 0.384906 0.255240 0.328488
0 0.400726 0.378199 0.256533 0.326897
0 0.399724 0.388749 0.256322 0.326190
0 0.400788 0.383821 0.251765 0.325654
0 0.398968 0.380688 0.254648 0.322124
0 0.403778 0.380095 0.259252 0.327686
0 0.401439 0.384568 0.258096 0.337467
0 0.402893 0.382591 0.248644 0.325583
0 0.403842 0.381116 0.246263 0.324368
0 0.398005 0.379554 0.253567 0.326243
0 0.401718 0.382511 0.249650 0.326661
0 0.402392 0.385200 0.254066 0.331315
0 0.396806 0.381988 0.255310 0.330797
0 0.400280 0.382418 0.249480 0.325908
0 0.401502 0.384359 0.254293 0.326426
0 0.401261 0.385760 0.253428 0.327807