0 0.500662 0.364914 0.294340 0.323295
0 0.502206 0.366026 0.301385 0.328415
0 0.500252 0.368390 0.302807 0.330592
0 0.500727 0.367339 0.301834 0.323407
0 0.502014 0.370023 0.301186 0.327525
0 0.503129 0.374745 0.301111 0.326918
0 0.501829 0.377287 0.300359 0.328021
0 0.501712 0.369353 0.301207 0.329574
0 0.502693 0.374454 0.298890 0.335821
0 0.503845 0.377372 0.299000 0.338296
0 0.502452 0.372078 0.296464 0.333062
0 0.504616 0.376456 0.291238 0.339196
0 0.504197 0.379088 0.292799 0.338416
0 0.502827 0.383571 0.298252 0.342198
0 0.503527 0.380402 0.286555 0.337014
0 0.509422 0.373596 0.295812 0.346174
0 0.507582 0.382629 0.301825 0.347109
0 0.509126 0.387306 0.308111 0.350556
0 0.505567 0.383545 0.313515 0.360601
0 0.502615 0.372993 0.288901 0.352169
0 0.502493 0.377858 0.298579 0.349672
0 0.503995 0.379762 0.300341 0.343094
0 0.505926 0.385788 0.307867 0.343684
0 0.506672 0.384094 0.305775 0.349179
0 0.503563 0.386432 0.309411 0.364824
0 0.508859 0.380795 0.287921 0.357061
0 0.502594 0.383007 0.294858 0.360153
0 0.504976 0.383545 0.298815 0.349599
0 0.509028 0.385562 0.298527 0.359240
0 0.505540 0.388741 0.305016 0.363292
0 0.505659 0.387539 0.309279 0.372350
0 0.508870 0.387453 0.292022 0.358505
0 0.504483 0.378945 0.301231 0.370106
0 0.507806 0.386415 0.296870 0.351616
0 0.505880 0.387605 0.300155 0.360753
0 0.507299 0.387743 0.304441 0.366922
0 0.505357 0.389470 0.309469 0.382180
0 0.508458 0.389042 0.300666 0.358383
0 0.510332 0.387111 0.292525 0.352995
0 0.509063 0.389909 0.299087 0.379120
0 0.506434 0.394988 0.304712 0.390170
0 0.508141 0.404507 0.307998 0.392347
0 0.510126 0.391082 0.301818 0.385080
0 0.510336 0.395174 0.305096 0.401166
0 0.510376 0.400723 0.318855 0.405833