0 0.493422 0.348857 0.279004 0.381464
0 0.493026 0.351961 0.278803 0.388144
0 0.493271 0.354780 0.279999 0.385925
0 0.495379 0.354012 0.283869 0.381713
0 0.493491 0.355759 0.281159 0.384369
0 0.493174 0.356243 0.279213 0.381151
0 0.493849 0.355410 0.283420 0.376085
0 0.495580 0.351382 0.279481 0.371312
0 0.495477 0.353905 0.279566 0.375379
0 0.493432 0.352951 0.276032 0.376224
0 0.495143 0.352851 0.278794 0.375905
0 0.495354 0.354291 0.281172 0.379003
0 0.495411 0.353394 0.275701 0.379005
0 0.493378 0.355797 0.281821 0.374040
0 0.492741 0.352123 0.276189 0.372260
0 0.494796 0.353646 0.283327 0.381721
0 0.494175 0.352488 0.277248 0.379710
0 0.495654 0.355654 0.281846 0.373798
0 0.494392 0.352372 0.278982 0.375128
0 0.493366 0.354612 0.281016 0.377419
0 0.492564 0.353686 0.277200 0.378248
0 0.495592 0.355423 0.278809 0.372910
0 0.494457 0.355707 0.277051 0.369280
0 0.495039 0.355392 0.274245 0.371509
0 0.494126 0.356455 0.276127 0.371375
0 0.496570 0.357457 0.280197 0.368689
0 0.499492 0.347184 0.286792 0.392058
0 0.497747 0.351903 0.281827 0.391097
0 0.494716 0.354626 0.288870 0.398075
0 0.497006 0.344350 0.284581 0.392054
0 0.495806 0.352710 0.287115 0.385326
0 0.496821 0.351244 0.284249 0.386811
0 0.495066 0.350370 0.285252 0.383151
0 0.493670 0.350829 0.283194 0.385982
0 0.498260 0.347929 0.286900 0.381693
0 0.494732 0.354396 0.290341 0.387524
0 0.495847 0.352842 0.284917 0.391069
0 0.493181 0.352088 0.281878 0.385254
0 0.493032 0.350345 0.287151 0.390443
0 0.495252 0.350662 0.280138 0.388169
0 0.494254 0.353303 0.289814 0.376708
0 0.496571 0.351237 0.287440 0.387188
0 0.494369 0.354328 0.283180 0.388324
0 0.492639 0.352146 0.290160 0.386033
0 0.493486 0.350137 0.288624 0.392266
0 0.491914 0.351963 0.283860 0.392144
0 0.494283 0.351382 0.293569 0.374671
0 0.491556 0.352080 0.284808 0.380857
0 0.492694 0.352719 0.284715 0.382964
0 0.492064 0.353144 0.286070 0.385300
0 0.491716 0.350138 0.284963 0.389866
0 0.491286 0.352629 0.286581 0.380247
0 0.497624 0.352908 0.279404 0.382403
0 0.495796 0.354594 0.279211 0.388266
0 0.497454 0.353771 0.285008 0.382076