0 0.558875 0.529138 0.422810 0.588780
0 0.555395 0.536215 0.447964 0.602289
0 0.561351 0.534697 0.448455 0.594617
0 0.553091 0.531216 0.446749 0.587729
0 0.563696 0.516146 0.443897 0.538665
0 0.567180 0.539913 0.486226 0.637042
0 0.547232 0.533195 0.449914 0.576069
0 0.561857 0.540000 0.456559 0.597469
0 0.561699 0.529420 0.453392 0.578225
0 0.567906 0.527570 0.455876 0.592752
0 0.565667 0.532251 0.455454 0.575339
0 0.561597 0.535458 0.461844 0.580317
0 0.560089 0.528984 0.454290 0.579362
0 0.556828 0.534415 0.460615 0.581088
0 0.565381 0.521086 0.456650 0.552257
0 0.561718 0.532347 0.463825 0.559833
0 0.573185 0.520212 0.444836 0.527643
0 0.569759 0.529546 0.466416 0.551313
0 0.568753 0.552718 0.497886 0.637290
0 0.547046 0.544046 0.440520 0.589263
0 0.553332 0.549918 0.442550 0.602784
0 0.559582 0.541219 0.449195 0.590640
0 0.558526 0.546085 0.451781 0.601946
0 0.562710 0.535354 0.462317 0.608497
0 0.556274 0.543536 0.464341 0.612003
0 0.561006 0.536359 0.460762 0.614792
0 0.556416 0.542311 0.452082 0.606300
0 0.565614 0.533559 0.461762 0.587086
0 0.557482 0.534396 0.444371 0.582798
0 0.564658 0.530804 0.448832 0.554374
0 0.556543 0.528125 0.449796 0.562220
0 0.569858 0.517853 0.457703 0.551050
0 0.575638 0.538393 0.518721 0.649773
0 0.577169 0.556296 0.506830 0.645283
0 0.542853 0.543405 0.442101 0.597966
0 0.546519 0.546011 0.435355 0.606266
0 0.553858 0.540233 0.454334 0.595557
0 0.555219 0.544642 0.459657 0.614022
0 0.564868 0.534729 0.464275 0.603263
0 0.564777 0.539994 0.468831 0.617937
0 0.559812 0.537605 0.460079 0.602562
0 0.560374 0.545859 0.461373 0.607838
0 0.558694 0.535954 0.459379 0.594093
0 0.559878 0.543969 0.453283 0.597827
0 0.564034 0.531498 0.455996 0.571032
0 0.560299 0.535831 0.456975 0.576852
0 0.578567 0.531292 0.443470 0.504884
0 0.577473 0.531969 0.456227 0.539184
0 0.579624 0.543814 0.532095 0.655391
0 0.574744 0.553165 0.521018 0.657656
0 0.538936 0.543840 0.445904 0.606694
0 0.542541 0.541922 0.436864 0.609987
0 0.555626 0.533939 0.458343 0.601133
0 0.556811 0.539963 0.454661 0.602545
0 0.558642 0.529364 0.454283 0.598563
0 0.563352 0.534278 0.459455 0.609296
0 0.557831 0.524961 0.448790 0.598030
0 0.560723 0.529396 0.447272 0.596592
0 0.558512 0.528617 0.451488 0.593251
0 0.555777 0.531345 0.449808 0.593165
0 0.562936 0.535136 0.458040 0.572946
0 0.558529 0.540355 0.452895 0.572226
0 0.568356 0.534336 0.455054 0.555768
0 0.576711 0.555122 0.534374 0.664907
0 0.539399 0.547388 0.453192 0.599359
0 0.543126 0.541496 0.443154 0.603410
0 0.559058 0.536465 0.461460 0.624310
0 0.561368 0.546436 0.443073 0.602169
0 0.559557 0.524331 0.465139 0.614292
0 0.565310 0.538513 0.457097 0.605688
0 0.558706 0.524917 0.464147 0.615175
0 0.558918 0.531077 0.458379 0.604966
0 0.560688 0.525438 0.454832 0.601046
0 0.559571 0.530080 0.456505 0.599167
0 0.570266 0.531853 0.465398 0.578894
0 0.567444 0.532413 0.462247 0.591943
0 0.566695 0.537225 0.445826 0.560112
0 0.579077 0.533810 0.523044 0.677803
0 0.532266 0.552703 0.454468 0.618751
0 0.546207 0.526165 0.455245 0.650333
0 0.550156 0.531588 0.458634 0.670326
0 0.552962 0.528629 0.441808 0.654463
0 0.552148 0.516565 0.462246 0.652322
0 0.551000 0.526882 0.465683 0.655545
0 0.555398 0.507789 0.463860 0.663996
0 0.549578 0.515164 0.450805 0.645618
0 0.564014 0.511928 0.452359 0.653996
0 0.558847 0.511529 0.457023 0.649477
0 0.562171 0.511204 0.445300 0.657885
0 0.551370 0.539942 0.453182 0.611327
0 0.550791 0.539494 0.455606 0.618046