0 0.521520 0.221836 0.173484 0.251289
0 0.523497 0.221285 0.173963 0.252996
0 0.523042 0.218421 0.173107 0.247742
0 0.523180 0.219459 0.171292 0.249073
0 0.524145 0.218907 0.170572 0.247057
0 0.524576 0.217350 0.170732 0.250480
0 0.522478 0.215625 0.176107 0.252757
0 0.524416 0.218390 0.176324 0.247629
0 0.524256 0.220008 0.173671 0.251406
0 0.522902 0.217446 0.170684 0.248521
0 0.523883 0.217876 0.173994 0.249433
0 0.523450 0.217631 0.173821 0.249411
0 0.522230 0.215220 0.173255 0.245300
0 0.523750 0.216292 0.175660 0.249028
0 0.524169 0.218220 0.172309 0.252403
0 0.523348 0.217802 0.172896 0.250641
0 0.522911 0.217172 0.171434 0.248820
0 0.522518 0.217693 0.172218 0.247034
0 0.521199 0.215229 0.174568 0.246839
0 0.522054 0.216649 0.175828 0.247514
0 0.523830 0.217976 0.174687 0.246839
0 0.524190 0.217305 0.173863 0.243435
0 0.524059 0.216508 0.172430 0.249963
0 0.523715 0.217099 0.172942 0.248002
0 0.520556 0.218534 0.174869 0.244360
0 0.522104 0.216792 0.174005 0.246918
0 0.524175 0.217266 0.174520 0.248081
0 0.523172 0.217067 0.175103 0.244018
0 0.523636 0.215351 0.174010 0.253775
0 0.525089 0.219369 0.170983 0.244164
0 0.522307 0.218292 0.174385 0.247646
0 0.522888 0.216444 0.171306 0.244099
0 0.522852 0.214892 0.174248 0.243883
0 0.524331 0.217667 0.171818 0.242980
0 0.521562 0.219136 0.177296 0.247626
0 0.524713 0.219747 0.175630 0.247752