0 0.535954 0.451160 0.288326 0.362903
0 0.535096 0.453595 0.286446 0.368748
0 0.534979 0.454647 0.288015 0.364590
0 0.536822 0.452775 0.287010 0.359857
0 0.533959 0.453794 0.295372 0.356064
0 0.536471 0.454506 0.292504 0.368694
0 0.536023 0.457522 0.288584 0.373115
0 0.535806 0.458405 0.291940 0.370135
0 0.536174 0.456878 0.293014 0.364967
0 0.533844 0.455677 0.297727 0.361665
0 0.537829 0.456534 0.293161 0.372431
0 0.538557 0.459721 0.286841 0.376111
0 0.535676 0.459644 0.288477 0.371227
0 0.536784 0.460810 0.293628 0.366544
0 0.538770 0.456593 0.288788 0.365005
0 0.537671 0.458606 0.283558 0.368795
0 0.535504 0.457757 0.283670 0.370408
0 0.536660 0.453642 0.289709 0.365956
0 0.536941 0.454866 0.285529 0.368001
0 0.536031 0.455548 0.283319 0.366514
0 0.536476 0.454865 0.289037 0.371013
0 0.535941 0.457030 0.287198 0.373203
0 0.535111 0.456363 0.282565 0.371871
0 0.537269 0.456506 0.285076 0.372096
0 0.537698 0.458203 0.284248 0.369681
0 0.536645 0.459325 0.283263 0.373390
0 0.532791 0.453910 0.290122 0.378033
0 0.533961 0.459959 0.293307 0.376697
0 0.535647 0.460866 0.296525 0.376876
0 0.534204 0.453532 0.290278 0.375523
0 0.534654 0.461724 0.291100 0.365371
0 0.536303 0.459702 0.294474 0.370613
0 0.534804 0.460777 0.293570 0.369351
0 0.536888 0.459236 0.292281 0.374444
0 0.535799 0.458693 0.294676 0.369798
0 0.534963 0.458588 0.292105 0.376770
0 0.538247 0.460524 0.292837 0.374502
0 0.534675 0.461169 0.291951 0.379877
0 0.538153 0.458458 0.288445 0.370369
0 0.535871 0.455481 0.292775 0.379904
0 0.535593 0.457155 0.292681 0.366217
0 0.535458 0.458453 0.293436 0.379985
0 0.535661 0.461112 0.296918 0.381906
0 0.534371 0.460410 0.291878 0.379811
0 0.533991 0.459381 0.292302 0.377368
0 0.535119 0.458926 0.289291 0.382347
0 0.533613 0.457768 0.289982 0.367414
0 0.530981 0.456235 0.293581 0.381208
0 0.536748 0.456854 0.292958 0.384915
0 0.534935 0.456752 0.296992 0.382485
0 0.537096 0.453861 0.299997 0.390001
0 0.530594 0.456693 0.288508 0.379831
0 0.536631 0.455663 0.289495 0.381422
0 0.538884 0.460632 0.293187 0.385082
0 0.536933 0.461291 0.302448 0.392421