0 0.554305 0.425115 0.325682 0.434728
0 0.553499 0.427685 0.326151 0.432729
0 0.550496 0.435063 0.333342 0.437279
0 0.548959 0.437288 0.331782 0.437406
0 0.549466 0.437275 0.331771 0.432295
0 0.552464 0.435596 0.325981 0.437899
0 0.549967 0.427435 0.329491 0.425627
0 0.552161 0.432160 0.332377 0.423009
0 0.553184 0.434459 0.331070 0.422314
0 0.551153 0.432192 0.330325 0.421518
0 0.551169 0.429395 0.328686 0.420322
0 0.551080 0.427521 0.323806 0.425754
0 0.551291 0.432372 0.336258 0.423767
0 0.548642 0.434311 0.333243 0.428766
0 0.551315 0.434984 0.329043 0.421209
0 0.547100 0.434804 0.333920 0.424521
0 0.545669 0.433303 0.329055 0.425095
0 0.548034 0.431238 0.328639 0.431441
0 0.551702 0.436107 0.329135 0.421223
0 0.551838 0.431106 0.338292 0.419115
0 0.549259 0.434114 0.333060 0.417364
0 0.546476 0.431564 0.332396 0.417126
0 0.549913 0.433943 0.329987 0.413402
0 0.548724 0.431504 0.329702 0.419903
0 0.551877 0.437508 0.334068 0.411225
0 0.549233 0.436618 0.332953 0.415978
0 0.546958 0.436504 0.328387 0.420208
0 0.549692 0.432248 0.334381 0.427842
0 0.549892 0.436160 0.326652 0.421310
0 0.549987 0.434095 0.332060 0.430515
0 0.553622 0.438695 0.339813 0.428517