0 0.498624 0.331331 0.250200 0.393043
0 0.502199 0.333311 0.247918 0.393013
0 0.495806 0.342366 0.261017 0.408422
0 0.498921 0.346076 0.255184 0.425715
0 0.500231 0.347747 0.252545 0.413351
0 0.501930 0.345872 0.252991 0.402324
0 0.493667 0.351100 0.259079 0.421776
0 0.498211 0.351608 0.254814 0.423854
0 0.498494 0.351332 0.255899 0.415309
0 0.499050 0.350827 0.254097 0.404294
0 0.495379 0.347884 0.257013 0.395755
0 0.498125 0.345960 0.247824 0.389812
0 0.495890 0.346269 0.253329 0.391724
0 0.498240 0.347277 0.250181 0.386766
0 0.496783 0.343255 0.253804 0.382121
0 0.498905 0.340600 0.247955 0.378121
0 0.496093 0.340886 0.252604 0.378158
0 0.498628 0.344446 0.248278 0.373279
0 0.496169 0.339255 0.249566 0.380441
0 0.496686 0.335024 0.247987 0.389496
0 0.496528 0.337741 0.250705 0.387077
0 0.499044 0.342061 0.244691 0.376719
0 0.496173 0.335704 0.250076 0.374835
0 0.496185 0.336032 0.248240 0.384288
0 0.496340 0.338787 0.246747 0.379541
0 0.499821 0.341678 0.243309 0.375415
0 0.496111 0.336176 0.251695 0.380030
0 0.497217 0.337551 0.246301 0.383115
0 0.497609 0.339557 0.244793 0.381547
0 0.499096 0.341509 0.242068 0.373624
0 0.496730 0.342542 0.254584 0.384476
0 0.499725 0.338643 0.242641 0.382715
0 0.500632 0.339902 0.242690 0.386838
0 0.503398 0.342278 0.243271 0.377578
0 0.494629 0.348005 0.265668 0.429853
0 0.496570 0.352692 0.260981 0.422173
0 0.497898 0.351955 0.262304 0.424651
0 0.502737 0.345604 0.261485 0.423340
0 0.497356 0.335998 0.266783 0.414326
0 0.503463 0.344082 0.252933 0.390767
0 0.501986 0.342762 0.252166 0.386702
0 0.501101 0.339930 0.254214 0.391674
0 0.500878 0.337603 0.250514 0.386003
0 0.506494 0.332248 0.249968 0.399263
0 0.500357 0.341558 0.248909 0.398265
0 0.502366 0.344588 0.248599 0.394539
0 0.497694 0.338912 0.245879 0.394842
0 0.493733 0.338376 0.253141 0.387553
0 0.497652 0.339480 0.245894 0.390554
0 0.501193 0.337317 0.244678 0.394190
0 0.501475 0.339713 0.245958 0.385154
0 0.501388 0.340730 0.248537 0.387493
0 0.495092 0.338243 0.255560 0.387881
0 0.495338 0.335796 0.253353 0.396657
0 0.499386 0.338186 0.250755 0.396219
0 0.506920 0.341037 0.248207 0.402580
0 0.500998 0.342812 0.243913 0.391624
0 0.496538 0.339909 0.251933 0.389474
0 0.496741 0.334500 0.249960 0.391879
0 0.498049 0.336430 0.255547 0.392053
0 0.498517 0.338203 0.266711 0.396646
0 0.500450 0.344579 0.266601 0.397515