0 0.529007 0.394628 0.364241 0.516172
0 0.529800 0.403648 0.364896 0.517342
0 0.533893 0.400522 0.363677 0.529084
0 0.524821 0.392751 0.360697 0.522268
0 0.530208 0.399320 0.363599 0.513569
0 0.532464 0.401123 0.354655 0.513791
0 0.532321 0.397447 0.365281 0.508313
0 0.536861 0.392203 0.362843 0.513341
0 0.533089 0.401371 0.361832 0.522491
0 0.537112 0.403309 0.369425 0.522749
0 0.535637 0.405180 0.364059 0.528566
0 0.536848 0.402876 0.371637 0.530710
0 0.540263 0.403352 0.369758 0.521770
0 0.546826 0.402336 0.363275 0.528526
0 0.534822 0.405174 0.359592 0.519223
0 0.537793 0.404918 0.375244 0.519429
0 0.537326 0.400820 0.373068 0.529279
0 0.541143 0.400049 0.373717 0.523736
0 0.539132 0.396682 0.367872 0.517210
0 0.543976 0.396326 0.357602 0.516059
0 0.536052 0.397599 0.354478 0.510155
0 0.539554 0.403543 0.370645 0.510596
0 0.536798 0.398442 0.367363 0.522195
0 0.539593 0.401823 0.367548 0.519880
0 0.540970 0.397675 0.363314 0.517718
0 0.545399 0.399947 0.356675 0.518870
0 0.534778 0.398434 0.351353 0.520349
0 0.542684 0.399556 0.371931 0.518864
0 0.542932 0.393121 0.368450 0.529667
0 0.541922 0.394304 0.371572 0.529227
0 0.541376 0.392249 0.374921 0.540626
0 0.548152 0.398598 0.358019 0.530949
0 0.533223 0.410242 0.360689 0.507541
0 0.544968 0.396765 0.365690 0.517173
0 0.546277 0.392834 0.369576 0.525739
0 0.542987 0.393251 0.370885 0.520422
0 0.542337 0.398252 0.369932 0.522955
0 0.549706 0.403519 0.361859 0.509949
0 0.547979 0.407229 0.351653 0.497864