0 0.435821 0.422605 0.315806 0.434572
0 0.432791 0.435425 0.317029 0.434886
0 0.435994 0.435684 0.319926 0.435171
0 0.435905 0.427632 0.324472 0.442894
0 0.436345 0.438143 0.326357 0.438512
0 0.434502 0.440543 0.326857 0.439646
0 0.438066 0.441233 0.334426 0.431314
0 0.437220 0.440314 0.326123 0.433972
0 0.440253 0.433531 0.324039 0.437994
0 0.439677 0.437626 0.326476 0.435135
0 0.437977 0.438061 0.325934 0.434811
0 0.435580 0.436112 0.326441 0.428824
0 0.435976 0.438033 0.322052 0.427575
0 0.439080 0.429044 0.324173 0.432523
0 0.426215 0.432979 0.317987 0.435772
0 0.439660 0.432704 0.328912 0.441732
0 0.439701 0.438721 0.324692 0.438489
0 0.439974 0.437879 0.327613 0.436495
0 0.434844 0.438567 0.325298 0.431692
0 0.432764 0.436362 0.322113 0.430898
0 0.436398 0.438340 0.323729 0.425955
0 0.437734 0.434449 0.330530 0.441056
0 0.441570 0.433722 0.329361 0.446589
0 0.436298 0.436873 0.328256 0.440136
0 0.436391 0.434710 0.328579 0.437923
0 0.435896 0.436354 0.325910 0.435682
0 0.436897 0.437144 0.318488 0.427394
0 0.434653 0.435760 0.331913 0.450637
0 0.437289 0.436413 0.330874 0.443405
0 0.436816 0.435682 0.328697 0.439694
0 0.434583 0.436200 0.320910 0.441103
0 0.435395 0.434397 0.328334 0.445040
0 0.434735 0.435011 0.319158 0.449368
0 0.435824 0.436197 0.320158 0.444894
0 0.435565 0.435603 0.321318 0.448534