0 0.463754 0.331679 0.308739 0.416246
0 0.463539 0.333709 0.304362 0.415851
0 0.462091 0.329649 0.305337 0.408796
0 0.465288 0.337806 0.305967 0.407184
0 0.463010 0.337098 0.308282 0.409414
0 0.466249 0.334837 0.305625 0.408363
0 0.462559 0.321430 0.306259 0.401844
0 0.462209 0.328545 0.304893 0.399935
0 0.467896 0.335016 0.306173 0.397475
0 0.469225 0.333589 0.305122 0.409218
0 0.465725 0.333869 0.301472 0.408043
0 0.466405 0.332237 0.301212 0.407621
0 0.465971 0.327260 0.308564 0.397801
0 0.465285 0.329736 0.304603 0.407015
0 0.466722 0.334309 0.305523 0.412872
0 0.466473 0.334555 0.306462 0.409894
0 0.466181 0.334423 0.299040 0.405405
0 0.468529 0.334137 0.302798 0.407044
0 0.469628 0.336935 0.303223 0.424373
0 0.464232 0.330246 0.307021 0.389322
0 0.467428 0.331931 0.298404 0.399951
0 0.468595 0.334439 0.306047 0.415996
0 0.468716 0.331895 0.302251 0.417534
0 0.469635 0.331164 0.304571 0.426815
0 0.469564 0.335415 0.299839 0.419519
0 0.463674 0.332961 0.301187 0.402475
0 0.467427 0.334741 0.301612 0.416662
0 0.469356 0.330340 0.298160 0.408547
0 0.467833 0.333717 0.293387 0.413876
0 0.472133 0.334901 0.298379 0.431405
0 0.470678 0.339146 0.300199 0.407967
0 0.477910 0.337583 0.305120 0.408961
0 0.478106 0.338460 0.298136 0.413666