0 0.548483 0.300756 0.273604 0.397812
0 0.546689 0.300824 0.270364 0.389483
0 0.548262 0.300799 0.273676 0.375962
0 0.547559 0.299117 0.272459 0.377718
0 0.546457 0.297914 0.267665 0.369103
0 0.547001 0.299023 0.272002 0.369557
0 0.550530 0.296059 0.272007 0.372488
0 0.547799 0.294437 0.270180 0.384129
0 0.547380 0.293910 0.269491 0.377243
0 0.545898 0.297116 0.271421 0.368147
0 0.548680 0.294615 0.269540 0.380182
0 0.548536 0.293404 0.271662 0.384268
0 0.547341 0.292816 0.270109 0.382335
0 0.546653 0.296650 0.277662 0.376224
0 0.548089 0.294480 0.268945 0.375977
0 0.548105 0.294469 0.269888 0.381077
0 0.547012 0.292418 0.269169 0.377322
0 0.547281 0.294579 0.276980 0.375603
0 0.548234 0.296805 0.268023 0.370844
0 0.545564 0.294196 0.265544 0.369867
0 0.545419 0.293007 0.265952 0.370488
0 0.547241 0.294977 0.275118 0.370278
0 0.545052 0.299265 0.264801 0.368037
0 0.546164 0.297144 0.263744 0.370907
0 0.545465 0.295754 0.265657 0.366421
0 0.550120 0.294347 0.273169 0.426967
0 0.552559 0.301884 0.276800 0.416928
0 0.552345 0.307759 0.281439 0.416048
0 0.558099 0.300787 0.280725 0.423048
0 0.552745 0.286573 0.272797 0.394097
0 0.552948 0.292959 0.275903 0.392563
0 0.551297 0.293047 0.275193 0.388630
0 0.550004 0.292629 0.278791 0.383179
0 0.549201 0.293932 0.271251 0.387651
0 0.555413 0.290516 0.279361 0.399516
0 0.553682 0.291886 0.276047 0.390099
0 0.550939 0.295970 0.273820 0.395900
0 0.555268 0.295977 0.269746 0.390336
0 0.551015 0.291300 0.272044 0.386310
0 0.550227 0.289808 0.270274 0.392169
0 0.552074 0.295015 0.271264 0.384095
0 0.553361 0.296799 0.274168 0.386589
0 0.550639 0.293222 0.273594 0.390382
0 0.549532 0.292142 0.274606 0.385124
0 0.550293 0.291119 0.274740 0.393128
0 0.551662 0.292219 0.276124 0.391984
0 0.548304 0.291265 0.270754 0.392282
0 0.548109 0.291653 0.275276 0.388449
0 0.550314 0.292838 0.277650 0.388212
0 0.552019 0.291599 0.274196 0.389662
0 0.552662 0.291381 0.275699 0.379510
0 0.552947 0.293426 0.276260 0.374903
0 0.554757 0.295455 0.268371 0.381019