0 0.722140 0.423097 0.032977 0.053174
0 0.722595 0.423951 0.030633 0.052052
0 0.722210 0.423856 0.032411 0.054226
0 0.722263 0.424868 0.031326 0.051298
0 0.515677 0.328752 0.176528 0.242245
0 0.516380 0.330925 0.172268 0.239980
0 0.515075 0.331801 0.173022 0.237801
0 0.514080 0.330607 0.171079 0.235704
0 0.517253 0.326061 0.172661 0.241538
0 0.514994 0.328315 0.175063 0.248463
0 0.515134 0.330809 0.175187 0.245486
0 0.515832 0.330580 0.171364 0.242238
0 0.514879 0.329802 0.173170 0.242094
0 0.515722 0.329760 0.171023 0.239041
0 0.511774 0.326931 0.172127 0.241562
0 0.515963 0.328756 0.173570 0.244438
0 0.516715 0.327946 0.173949 0.243505
0 0.515578 0.330409 0.175310 0.245962
0 0.515773 0.330244 0.171610 0.244136
0 0.515526 0.329752 0.171926 0.243875
0 0.516467 0.330356 0.170114 0.241311
0 0.511867 0.329473 0.170459 0.243897
0 0.514673 0.326913 0.171733 0.241761
0 0.515677 0.328062 0.173051 0.242676
0 0.514546 0.330157 0.172110 0.243219
0 0.516434 0.331111 0.170196 0.245013
0 0.515731 0.329868 0.173114 0.246674
0 0.517757 0.333190 0.169896 0.236855
0 0.514896 0.327646 0.169792 0.244121
0 0.515420 0.327830 0.171793 0.243679
0 0.515517 0.329036 0.169738 0.242964
0 0.515496 0.331430 0.170019 0.241912
0 0.515519 0.330650 0.170858 0.240565
0 0.519104 0.335997 0.167534 0.233660
0 0.512741 0.331504 0.167171 0.244514
0 0.515408 0.327681 0.168158 0.241991
0 0.514717 0.328535 0.170698 0.242621
0 0.514997 0.328497 0.167872 0.246230
0 0.517993 0.332716 0.169133 0.240394
0 0.513597 0.332697 0.164499 0.244745
0 0.514957 0.332291 0.166975 0.241236
0 0.515549 0.333985 0.164500 0.239057