0 0.606671 0.203623 0.154953 0.215963
0 0.606277 0.205321 0.156490 0.213516
0 0.608130 0.203212 0.153142 0.215697
0 0.605776 0.204782 0.155248 0.217721
0 0.605107 0.204670 0.152436 0.214533
0 0.606277 0.204292 0.156437 0.214888
0 0.606407 0.204856 0.155928 0.213608
0 0.607417 0.202934 0.156814 0.216632
0 0.603556 0.202672 0.151491 0.216881
0 0.605978 0.203918 0.155474 0.219664
0 0.606955 0.205166 0.153565 0.214020
0 0.605974 0.205719 0.155898 0.213282
0 0.605922 0.205604 0.157374 0.214942
0 0.606154 0.205143 0.154247 0.216179
0 0.603568 0.204484 0.150792 0.213638
0 0.604390 0.205111 0.151102 0.213673
0 0.605941 0.205461 0.154871 0.216052
0 0.606068 0.204782 0.156994 0.217110
0 0.607261 0.205038 0.156395 0.214521
0 0.606838 0.204683 0.153692 0.219069
0 0.602709 0.208276 0.149990 0.211385
0 0.605809 0.205664 0.151295 0.216520
0 0.605342 0.205797 0.154048 0.216541
0 0.606215 0.205577 0.154468 0.217303
0 0.606592 0.206166 0.154578 0.217200
0 0.607168 0.206245 0.153411 0.220318
0 0.605935 0.208771 0.151909 0.215022
0 0.606412 0.207608 0.151650 0.213539
0 0.606359 0.205843 0.154124 0.217694
0 0.605049 0.207063 0.154530 0.215916
0 0.605695 0.212127 0.154656 0.215431
0 0.605500 0.209171 0.155114 0.218251