0 0.554994 0.253952 0.216271 0.293270
0 0.554779 0.254483 0.213742 0.292988
0 0.555507 0.252376 0.217273 0.300371
0 0.554563 0.252507 0.215593 0.295321
0 0.555016 0.255828 0.215238 0.300488
0 0.554550 0.254854 0.220135 0.303455
0 0.555157 0.254865 0.218890 0.303505
0 0.557992 0.252628 0.216918 0.304548
0 0.551781 0.254555 0.217369 0.293417
0 0.555889 0.255437 0.217379 0.301100
0 0.553861 0.255580 0.217029 0.300133
0 0.553575 0.255147 0.217912 0.298144
0 0.554468 0.254789 0.219349 0.297017
0 0.555381 0.255232 0.218777 0.297169
0 0.554140 0.254010 0.217155 0.293784
0 0.555374 0.252553 0.221783 0.303001
0 0.554569 0.254365 0.219907 0.302405
0 0.554600 0.253290 0.217656 0.303404
0 0.554842 0.255035 0.221849 0.296093
0 0.555715 0.254668 0.220075 0.302727
0 0.554793 0.252389 0.219715 0.292726
0 0.554908 0.252499 0.221332 0.298920
0 0.555745 0.254327 0.220078 0.295890
0 0.556487 0.255424 0.219043 0.301560
0 0.556226 0.255700 0.217881 0.297301
0 0.555904 0.254591 0.218304 0.298936
0 0.553615 0.252046 0.219573 0.291231
0 0.554552 0.251399 0.217506 0.298322
0 0.555555 0.253511 0.218209 0.293644
0 0.556692 0.253645 0.219305 0.300510
0 0.555942 0.253167 0.222247 0.303501
0 0.558093 0.252192 0.216706 0.300445
0 0.554375 0.251037 0.216328 0.297939
0 0.553870 0.252258 0.215691 0.299553
0 0.554408 0.253260 0.217080 0.300006
0 0.555228 0.252506 0.215049 0.301929
0 0.559699 0.254315 0.208352 0.302609
0 0.553503 0.252403 0.216608 0.302023
0 0.555916 0.251093 0.211708 0.301880
0 0.554627 0.252923 0.212938 0.300665
0 0.557483 0.253542 0.210309 0.298034
0 0.557627 0.250777 0.204952 0.308495
0 0.553637 0.251724 0.231448 0.299484
0 0.552297 0.251336 0.224431 0.304013
0 0.549858 0.251196 0.220866 0.299783
0 0.555611 0.258334 0.213996 0.298143
0 0.557667 0.255043 0.214088 0.300086
0 0.555404 0.254599 0.210767 0.301239
0 0.551776 0.252865 0.215739 0.300740
0 0.554570 0.256616 0.216733 0.302927
0 0.553502 0.252255 0.215247 0.301032
0 0.555321 0.255783 0.214746 0.298134
0 0.550346 0.254801 0.216009 0.298919
0 0.553361 0.258756 0.218671 0.306078
0 0.553395 0.258026 0.213396 0.307530
0 0.553691 0.256568 0.214719 0.301213
0 0.552394 0.252874 0.214506 0.304261