0 0.040092 0.409550 0.014851 0.018152
0 0.833171 0.406678 0.013556 0.016720
0 0.691034 0.403567 0.075916 0.107029
0 0.691451 0.404088 0.073006 0.108345
0 0.690837 0.403293 0.071783 0.105334
0 0.691957 0.405152 0.074810 0.105541
0 0.691518 0.403488 0.072244 0.106158
0 0.691810 0.403801 0.071509 0.105532
0 0.691066 0.404635 0.073838 0.104568
0 0.407072 0.466415 0.312003 0.387218
0 0.407953 0.465368 0.313857 0.386644
0 0.407621 0.468365 0.317589 0.384209
0 0.409289 0.466891 0.314352 0.378339
0 0.409865 0.467782 0.320216 0.383245
0 0.411935 0.466431 0.321534 0.384846
0 0.406237 0.463444 0.303718 0.386940
0 0.406582 0.468053 0.312735 0.389443
0 0.407002 0.468307 0.307953 0.379054
0 0.408037 0.468305 0.315040 0.388372
0 0.405502 0.465682 0.309700 0.383546
0 0.410723 0.464810 0.315087 0.386713
0 0.408290 0.467120 0.309666 0.382492
0 0.407515 0.463780 0.315153 0.394732
0 0.407372 0.468178 0.312550 0.388080
0 0.408396 0.468972 0.314719 0.386617
0 0.403840 0.467750 0.311195 0.386513
0 0.409063 0.467846 0.317937 0.395256
0 0.404332 0.468268 0.310811 0.383669
0 0.406184 0.468239 0.306973 0.392175
0 0.408416 0.463065 0.312077 0.398712
0 0.405740 0.462839 0.312718 0.395830
0 0.409690 0.465571 0.314519 0.400142
0 0.409686 0.467617 0.313718 0.402131
0 0.407776 0.471490 0.310494 0.399997
0 0.407954 0.468169 0.307116 0.400392
0 0.406617 0.465373 0.310552 0.404039
0 0.406393 0.468843 0.309277 0.402438
0 0.410540 0.469380 0.314231 0.408889
0 0.414420 0.468942 0.316627 0.420790