0 0.491998 0.440107 0.438346 0.553947
0 0.491322 0.445807 0.430443 0.542472
0 0.490454 0.438836 0.429300 0.541739
0 0.489485 0.447693 0.463238 0.573762
0 0.487165 0.440661 0.451144 0.552251
0 0.493579 0.451983 0.454894 0.559006
0 0.494122 0.447030 0.451911 0.547568
0 0.494864 0.444575 0.456928 0.549571
0 0.486293 0.446739 0.447171 0.543500
0 0.483815 0.445952 0.455454 0.550517
0 0.487653 0.442444 0.440823 0.531607
0 0.490459 0.446631 0.455279 0.550475
0 0.491309 0.441587 0.442754 0.521768
0 0.491492 0.441172 0.456952 0.543673
0 0.493340 0.441175 0.453600 0.530078
0 0.495727 0.443164 0.451858 0.542031
0 0.499499 0.443300 0.456770 0.530520
0 0.497575 0.442764 0.460070 0.540139
0 0.491466 0.443763 0.452472 0.535056
0 0.490391 0.447393 0.454813 0.544491
0 0.488343 0.443983 0.444371 0.532369
0 0.489259 0.452259 0.445867 0.540337
0 0.492076 0.443918 0.448296 0.526174
0 0.497698 0.445513 0.454050 0.539433
0 0.495449 0.440344 0.433292 0.524512
0 0.497984 0.438662 0.435754 0.538106
0 0.492770 0.434078 0.465116 0.542469
0 0.494137 0.443080 0.454502 0.521209
0 0.493165 0.441065 0.466245 0.543496
0 0.499046 0.445082 0.453274 0.521862
0 0.493668 0.446900 0.459251 0.528528
0 0.493564 0.440805 0.449292 0.528052
0 0.490462 0.444242 0.454616 0.538985
0 0.484798 0.444800 0.443161 0.520444
0 0.487249 0.450315 0.448785 0.529687
0 0.488153 0.443931 0.448084 0.522060
0 0.496749 0.443578 0.452171 0.537023
0 0.490709 0.444425 0.434047 0.518874
0 0.498053 0.440486 0.434412 0.531144
0 0.493624 0.448440 0.433069 0.534001
0 0.491587 0.435197 0.469964 0.544005
0 0.498970 0.440896 0.458775 0.528458
0 0.500078 0.439569 0.461709 0.540066
0 0.502360 0.439485 0.461642 0.529543
0 0.502007 0.439872 0.466685 0.535915
0 0.495645 0.442384 0.449431 0.520200
0 0.497210 0.447359 0.456972 0.531236
0 0.491312 0.445510 0.438531 0.513462
0 0.497932 0.452690 0.450314 0.525880
0 0.492460 0.447396 0.442779 0.520882
0 0.500313 0.447774 0.445943 0.528693
0 0.495728 0.445275 0.431984 0.528313
0 0.506658 0.440514 0.426620 0.537313
0 0.492765 0.449981 0.442421 0.537986
0 0.494350 0.433211 0.475738 0.526517
0 0.496761 0.449721 0.450642 0.512933
0 0.503313 0.449574 0.467545 0.544117
0 0.503026 0.441385 0.448700 0.526489
0 0.503185 0.440526 0.466886 0.545460
0 0.498764 0.446336 0.441648 0.516331
0 0.498504 0.446213 0.458290 0.530334
0 0.497463 0.452534 0.441492 0.519815
0 0.498508 0.457652 0.451338 0.523241
0 0.494969 0.453286 0.437338 0.517226
0 0.501861 0.456442 0.447845 0.530080
0 0.500267 0.450413 0.434689 0.522469
0 0.507525 0.451576 0.430990 0.531798
0 0.490530 0.456316 0.448061 0.529810
0 0.514931 0.449587 0.467653 0.522421
0 0.504369 0.444354 0.441831 0.514348
0 0.512470 0.447539 0.463962 0.537423
0 0.500814 0.449492 0.444611 0.520563
0 0.499022 0.452046 0.468382 0.540268
0 0.499192 0.447675 0.444215 0.526732
0 0.497150 0.451543 0.454224 0.530289
0 0.497965 0.447826 0.431297 0.532649
0 0.504972 0.458929 0.434812 0.528976
0 0.490393 0.472199 0.459647 0.543407
0 0.506080 0.443997 0.447987 0.551290
0 0.503474 0.444858 0.426259 0.564179