0 0.057887 0.507344 0.020132 0.026648
0 0.450320 0.441940 0.343488 0.417453
0 0.445755 0.449652 0.343797 0.413663
0 0.447715 0.454233 0.338458 0.407809
0 0.448252 0.445235 0.346024 0.402247
0 0.447441 0.436385 0.342484 0.416252
0 0.449095 0.444968 0.337290 0.408149
0 0.448246 0.447872 0.340330 0.402937
0 0.445209 0.451311 0.340511 0.400349
0 0.446699 0.452461 0.342387 0.392613
0 0.453633 0.443521 0.345003 0.391841
0 0.451797 0.446234 0.354924 0.421844
0 0.448573 0.453118 0.340109 0.416093
0 0.454487 0.453350 0.339375 0.405810
0 0.445916 0.456668 0.331479 0.398059
0 0.446810 0.450142 0.335320 0.395882
0 0.451041 0.452988 0.333404 0.394795
0 0.452743 0.452878 0.349574 0.418904
0 0.453956 0.452583 0.338479 0.411348
0 0.451725 0.456953 0.334616 0.400570
0 0.445998 0.454744 0.338550 0.394544
0 0.449847 0.453030 0.329947 0.389372
0 0.448500 0.451862 0.325272 0.392336
0 0.449004 0.458141 0.343864 0.431507
0 0.452441 0.457580 0.342306 0.417029
0 0.450779 0.458208 0.338268 0.409663
0 0.449248 0.458150 0.337643 0.406724
0 0.449298 0.457155 0.331004 0.394507
0 0.455753 0.455008 0.331914 0.398757
0 0.449370 0.454218 0.329939 0.432228
0 0.448992 0.457542 0.339724 0.417096
0 0.450731 0.453100 0.335586 0.419943
0 0.450945 0.456533 0.338533 0.411082
0 0.445701 0.465921 0.344008 0.463047
0 0.448696 0.459163 0.345992 0.458474