0 0.443471 0.346293 0.266146 0.392610
0 0.437270 0.344503 0.272748 0.382187
0 0.443164 0.345218 0.270305 0.375847
0 0.442530 0.348051 0.271422 0.377230
0 0.438776 0.341406 0.271585 0.369558
0 0.441956 0.343595 0.270091 0.369832
0 0.442291 0.346787 0.270034 0.370030
0 0.763428 0.387071 0.174853 0.208549
0 0.764833 0.389466 0.178476 0.203020
0 0.765661 0.387769 0.178183 0.206177
0 0.440539 0.341179 0.271702 0.367950
0 0.442302 0.341991 0.269703 0.367586
0 0.442938 0.343920 0.269105 0.369807
0 0.445195 0.347965 0.267652 0.360969
0 0.764847 0.387317 0.175074 0.212774
0 0.766959 0.391101 0.175519 0.203403
0 0.764876 0.391930 0.177440 0.201801
0 0.765072 0.390549 0.175354 0.200160
0 0.764704 0.387844 0.178426 0.203184
0 0.439085 0.338152 0.266490 0.370030
0 0.441479 0.339448 0.266625 0.374459
0 0.443161 0.343504 0.266571 0.379184
0 0.445119 0.348980 0.265283 0.365938
0 0.766875 0.388520 0.178318 0.208278
0 0.765415 0.389649 0.174401 0.206423
0 0.767650 0.390184 0.177169 0.207168
0 0.765599 0.389119 0.175632 0.207363
0 0.766167 0.390335 0.175419 0.206671
0 0.767725 0.388410 0.177465 0.213949
0 0.439875 0.337795 0.263662 0.367887
0 0.442258 0.340671 0.263869 0.364762
0 0.442088 0.343601 0.263954 0.370233
0 0.444433 0.347221 0.262383 0.364171
0 0.762575 0.386369 0.171501 0.208347
0 0.766716 0.388661 0.175513 0.207627
0 0.768106 0.387814 0.173532 0.206715
0 0.766938 0.391085 0.179406 0.210090
0 0.765463 0.391395 0.175114 0.209418
0 0.766396 0.392363 0.175840 0.210442
0 0.767779 0.391899 0.173107 0.211399
0 0.441397 0.337993 0.266468 0.369748
0 0.441760 0.340649 0.260923 0.367820
0 0.441670 0.344480 0.264134 0.371073
0 0.443648 0.347807 0.259138 0.363961
0 0.765949 0.389835 0.176050 0.207374
0 0.766812 0.388713 0.172291 0.208546
0 0.766685 0.390238 0.175978 0.210350
0 0.766563 0.393044 0.173920 0.210402
0 0.766808 0.392017 0.175658 0.210741
0 0.769679 0.393095 0.173445 0.212123
0 0.442029 0.343562 0.262876 0.369676
0 0.444637 0.342160 0.255596 0.371261
0 0.444009 0.345958 0.259357 0.371055
0 0.765487 0.390701 0.171892 0.205209
0 0.765832 0.390601 0.173034 0.209846
0 0.766197 0.391731 0.174503 0.209251
0 0.767772 0.392121 0.172891 0.210574
0 0.768586 0.394153 0.173367 0.208447
0 0.764737 0.394164 0.170552 0.213943
0 0.767087 0.392247 0.172327 0.214939
0 0.767938 0.394031 0.173482 0.211424
0 0.742689 0.713457 0.272178 0.296333
0 0.743783 0.715657 0.276680 0.298167
0 0.743862 0.715120 0.279438 0.298927
0 0.745070 0.715066 0.281870 0.292368
0 0.748447 0.719655 0.277980 0.285390
0 0.748810 0.720056 0.281337 0.293312
0 0.747614 0.720828 0.280455 0.294702
0 0.747265 0.719029 0.285664 0.295874
0 0.748448 0.714883 0.283541 0.291547
0 0.750938 0.719645 0.279911 0.296802
0 0.751384 0.721426 0.278792 0.299691
0 0.750813 0.723294 0.274050 0.302908
0 0.749726 0.721311 0.275413 0.301140
0 0.747814 0.720678 0.286116 0.295142
0 0.750037 0.715009 0.287116 0.290973
0 0.749900 0.720098 0.288482 0.300882
0 0.750154 0.721247 0.283692 0.306649
0 0.749867 0.722840 0.279307 0.309304
0 0.748991 0.723013 0.276982 0.313634
0 0.749437 0.724549 0.283828 0.307342
0 0.750139 0.716530 0.283570 0.295049
0 0.750568 0.719794 0.287701 0.302379
0 0.750016 0.721543 0.278466 0.309398
0 0.748896 0.720687 0.278361 0.310174
0 0.750059 0.722938 0.276256 0.315059
0 0.750930 0.724819 0.282044 0.313685
0 0.747223 0.717520 0.276915 0.295276
0 0.749847 0.720495 0.279263 0.302319
0 0.748238 0.721449 0.270904 0.310456
0 0.748109 0.721159 0.274199 0.317208
0 0.750529 0.722128 0.271963 0.322536
0 0.752399 0.723616 0.278399 0.319475
0 0.746876 0.719383 0.278705 0.310331
0 0.748216 0.721332 0.277050 0.313337
0 0.748033 0.721431 0.276582 0.317851
0 0.749274 0.722263 0.279216 0.324740
0 0.434585 0.347145 0.285663 0.399489
0 0.436638 0.350741 0.278035 0.393076
0 0.438332 0.350050 0.276599 0.400218
0 0.435181 0.344292 0.277262 0.387497
0 0.441708 0.345523 0.277090 0.379108
0 0.444039 0.344266 0.269151 0.374314
0 0.442071 0.344003 0.266945 0.371993
0 0.440584 0.341840 0.271879 0.378054
0 0.436704 0.342173 0.267000 0.379998
0 0.439056 0.346069 0.267234 0.380545
0 0.440348 0.345060 0.270845 0.381104
0 0.440906 0.345708 0.269450 0.374193
0 0.446197 0.347437 0.271682 0.384420
0 0.440707 0.345952 0.273654 0.392504
0 0.437168 0.345951 0.265616 0.377179
0 0.441480 0.344980 0.265616 0.376704
0 0.438168 0.344576 0.267583 0.377728
0 0.443281 0.345002 0.266446 0.383882
0 0.446273 0.346822 0.269525 0.384693
0 0.448497 0.352202 0.263834 0.386676
0 0.436741 0.348742 0.270739 0.376677
0 0.443422 0.346493 0.264290 0.374598
0 0.444606 0.345276 0.264140 0.382752
0 0.443107 0.345554 0.264735 0.377422
0 0.444736 0.349727 0.264547 0.383023
0 0.447012 0.344098 0.278213 0.391264
0 0.447140 0.350897 0.274600 0.388011
0 0.743617 0.717637 0.282689 0.318847
0 0.742253 0.716485 0.279793 0.307632
0 0.746319 0.716672 0.282296 0.314290
0 0.745722 0.717180 0.275528 0.314705
0 0.742807 0.721052 0.269809 0.313961
0 0.739283 0.722771 0.273411 0.315855
0 0.744521 0.723617 0.271794 0.312069
0 0.748713 0.722120 0.274904 0.325559
0 0.750941 0.722860 0.279150 0.320640
0 0.756194 0.716616 0.280692 0.335969
0 0.747527 0.722569 0.275541 0.318902
0 0.745336 0.717651 0.277198 0.318801
0 0.748074 0.725304 0.272059 0.309626
0 0.750899 0.722322 0.280535 0.325965
0 0.747489 0.723786 0.273606 0.324107
0 0.750939 0.720316 0.277894 0.334630
0 0.749133 0.716266 0.279970 0.320240
0 0.747677 0.720631 0.273845 0.321457
0 0.746148 0.721571 0.272942 0.322456
0 0.749423 0.721357 0.274288 0.324079
0 0.744453 0.729584 0.292552 0.324054
0 0.745181 0.725135 0.282051 0.319988
0 0.749563 0.727188 0.277618 0.320082
0 0.749974 0.728811 0.282065 0.335198