0 0.100314 0.598826 0.066987 0.078066
0 0.100037 0.598197 0.065125 0.078811
0 0.100251 0.600093 0.066743 0.080319
0 0.100223 0.600423 0.066845 0.081713
0 0.100064 0.599777 0.066561 0.082216
0 0.100046 0.599571 0.065559 0.081442
0 0.099395 0.600013 0.067210 0.083630
0 0.099632 0.599928 0.066859 0.084198
0 0.619757 0.464965 0.209897 0.318067
0 0.621982 0.463560 0.207456 0.319238
0 0.616365 0.464197 0.206681 0.311978
0 0.618093 0.466331 0.207931 0.313098
0 0.618856 0.468524 0.208179 0.312675
0 0.623645 0.466824 0.207225 0.320945
0 0.614516 0.462059 0.205877 0.310537
0 0.616725 0.464406 0.210279 0.308339
0 0.618041 0.464282 0.208768 0.308300
0 0.617241 0.464765 0.208377 0.309287
0 0.618638 0.467461 0.204685 0.310653
0 0.626177 0.465248 0.212692 0.314406
0 0.615660 0.460377 0.205191 0.305826
0 0.615350 0.460595 0.208136 0.310876
0 0.618401 0.462659 0.208182 0.310067
0 0.616077 0.462186 0.209743 0.307340
0 0.618319 0.463053 0.206659 0.307484
0 0.622387 0.467471 0.208175 0.298644
0 0.614223 0.458072 0.208965 0.303443
0 0.617588 0.460229 0.205868 0.306134
0 0.618189 0.461995 0.205452 0.310886
0 0.617233 0.459936 0.206938 0.306511
0 0.617635 0.460946 0.203360 0.300340
0 0.621956 0.465513 0.201663 0.293857
0 0.613168 0.457628 0.209911 0.300087
0 0.617915 0.460741 0.202761 0.297507
0 0.617622 0.461105 0.203006 0.302003
0 0.619143 0.460201 0.202480 0.303372
0 0.617624 0.459727 0.201679 0.298258
0 0.622509 0.463570 0.201042 0.289715
0 0.610050 0.457518 0.209701 0.299210
0 0.616288 0.460025 0.205958 0.304013
0 0.617274 0.461635 0.206704 0.304075
0 0.618557 0.459568 0.202858 0.305536
0 0.619096 0.460486 0.202950 0.305182
0 0.614703 0.461885 0.204153 0.301942
0 0.617767 0.460589 0.205876 0.301762
0 0.616888 0.460723 0.203146 0.304621
0 0.620958 0.463901 0.205083 0.303881
0 0.618650 0.458747 0.209724 0.313678
0 0.621153 0.460031 0.214285 0.316351
0 0.100353 0.599122 0.066438 0.082505
0 0.099809 0.599552 0.065964 0.082424
0 0.099474 0.599554 0.065013 0.083260
0 0.100232 0.599837 0.064222 0.082120
0 0.313117 0.444651 0.352558 0.478502
0 0.312497 0.447216 0.356264 0.477709
0 0.314638 0.444353 0.366018 0.468746
0 0.312897 0.450063 0.361610 0.468426
0 0.311552 0.449458 0.361240 0.467976
0 0.315686 0.446625 0.362337 0.465836
0 0.308537 0.441890 0.358625 0.453264
0 0.314986 0.445085 0.364552 0.453358
0 0.312805 0.445549 0.360310 0.445608
0 0.311941 0.443790 0.360157 0.443264
0 0.311552 0.442199 0.351784 0.438455
0 0.310117 0.438579 0.352171 0.446729
0 0.312316 0.449122 0.361018 0.445637
0 0.310262 0.446520 0.358643 0.456334
0 0.313027 0.444676 0.356128 0.447969
0 0.311278 0.443457 0.359970 0.446429
0 0.307204 0.442978 0.348049 0.439731
0 0.308286 0.442877 0.345155 0.459250
0 0.351261 0.447602 0.329562 0.435573
0 0.617591 0.468553 0.218773 0.339534
0 0.621731 0.461889 0.207947 0.313130
0 0.619925 0.461817 0.201486 0.302530
0 0.614622 0.458872 0.205548 0.301276
0 0.312474 0.448538 0.350581 0.447296
0 0.315366 0.443554 0.357945 0.448492
0 0.312334 0.447176 0.357017 0.442515
0 0.307344 0.443366 0.351953 0.433803
0 0.313259 0.445516 0.346495 0.435375
0 0.312579 0.443320 0.337442 0.460810
0 0.624686 0.461872 0.223506 0.328657
0 0.616432 0.462639 0.208192 0.310422
0 0.614394 0.461171 0.210651 0.303592
0 0.616245 0.462946 0.210840 0.300344
0 0.623477 0.463818 0.206211 0.306561
0 0.305178 0.449444 0.348185 0.457204
0 0.312232 0.447754 0.356047 0.434039
0 0.313467 0.447381 0.349271 0.432275
0 0.311468 0.449944 0.351796 0.434086
0 0.311504 0.445723 0.340900 0.439256
0 0.315632 0.444667 0.332660 0.458662
0 0.621488 0.459958 0.220634 0.324615
0 0.621869 0.464116 0.205358 0.303383
0 0.616558 0.461258 0.213392 0.311167
0 0.621040 0.463704 0.210460 0.305820
0 0.312060 0.452594 0.345841 0.430486
0 0.314195 0.447965 0.346912 0.431867
0 0.310054 0.444373 0.344664 0.441817
0 0.313043 0.444426 0.342759 0.450463