0 0.487105 0.382787 0.263012 0.383819
0 0.486630 0.384052 0.264914 0.386003
0 0.488660 0.386486 0.263736 0.386239
0 0.487703 0.387549 0.262935 0.391168
0 0.487210 0.387037 0.267386 0.388161
0 0.487300 0.388475 0.272326 0.380406
0 0.488820 0.386758 0.264657 0.393646
0 0.487848 0.387026 0.267444 0.388126
0 0.487168 0.389362 0.274869 0.379083
0 0.488994 0.391887 0.277178 0.359815
0 0.488199 0.387381 0.269675 0.394387
0 0.487526 0.388980 0.271377 0.387391
0 0.486555 0.390946 0.277041 0.383711
0 0.487268 0.393592 0.277256 0.367699
0 0.488409 0.387770 0.272628 0.382422
0 0.488918 0.390125 0.271580 0.372637
0 0.486442 0.391393 0.273006 0.365206
0 0.488902 0.393196 0.273900 0.350655
0 0.489345 0.386494 0.272650 0.374475
0 0.488029 0.387860 0.268908 0.362974
0 0.487433 0.389221 0.273202 0.361943
0 0.491392 0.391254 0.274558 0.347497
0 0.488561 0.391103 0.266051 0.374568
0 0.486306 0.390220 0.262448 0.367221
0 0.488626 0.390748 0.270488 0.367512
0 0.487825 0.382895 0.269631 0.412199
0 0.486256 0.384001 0.271963 0.399957
0 0.483787 0.378359 0.273554 0.401852
0 0.491498 0.380228 0.273474 0.410740
0 0.495710 0.375776 0.282321 0.407022
0 0.491286 0.378705 0.268348 0.395437
0 0.494332 0.384245 0.268661 0.378917
0 0.485503 0.380260 0.270333 0.377338
0 0.488504 0.384359 0.267983 0.379040
0 0.496052 0.387853 0.285344 0.409484
0 0.490297 0.388221 0.273450 0.399324
0 0.489945 0.386330 0.271250 0.382331
0 0.488073 0.383831 0.277030 0.382337
0 0.488678 0.388063 0.271459 0.376346
0 0.493375 0.385882 0.278341 0.388486
0 0.494104 0.390531 0.286923 0.406412
0 0.488088 0.387504 0.279527 0.389637
0 0.484847 0.391580 0.276479 0.386352
0 0.490534 0.392732 0.279311 0.373211
0 0.489651 0.389639 0.267988 0.369033
0 0.494000 0.393638 0.282350 0.386110
0 0.488464 0.390548 0.280308 0.395035
0 0.486461 0.393666 0.279993 0.389023
0 0.486592 0.395238 0.275932 0.372110
0 0.492439 0.395318 0.275508 0.369580
0 0.490945 0.398382 0.282161 0.395577
0 0.493561 0.402600 0.290196 0.378696
0 0.491548 0.403262 0.274057 0.364060