0 0.425780 0.311952 0.294316 0.422983
0 0.423723 0.312282 0.296686 0.427656
0 0.426516 0.311128 0.298251 0.438603
0 0.424602 0.306111 0.292059 0.423176
0 0.426222 0.310721 0.296945 0.413587
0 0.428601 0.308615 0.294792 0.419159
0 0.424903 0.304943 0.296608 0.417412
0 0.425432 0.305031 0.297713 0.420914
0 0.421747 0.303787 0.300639 0.415139
0 0.424070 0.305334 0.290016 0.411510
0 0.424766 0.308637 0.294693 0.418238
0 0.423837 0.304267 0.299065 0.418670
0 0.424248 0.307996 0.292203 0.411551
0 0.425377 0.307445 0.296321 0.417123
0 0.428047 0.306549 0.299793 0.425575
0 0.418721 0.308865 0.301816 0.402013
0 0.425122 0.307128 0.292137 0.408438
0 0.423363 0.309151 0.295155 0.417167
0 0.424001 0.306157 0.302063 0.421951
0 0.424423 0.304504 0.302327 0.420821
0 0.427320 0.306600 0.295591 0.413610
0 0.425943 0.310672 0.299390 0.414531
0 0.424388 0.310031 0.291996 0.414029
0 0.425206 0.307935 0.295843 0.412522
0 0.421794 0.303072 0.301031 0.416589
0 0.424265 0.305482 0.299893 0.416485
0 0.424246 0.308525 0.298845 0.424626
0 0.426514 0.309421 0.291807 0.426931
0 0.424303 0.305478 0.300855 0.419246
0 0.425364 0.306765 0.299411 0.422070
0 0.428438 0.309930 0.301987 0.418651
0 0.426451 0.313204 0.311273 0.408080