0 0.862315 0.471019 0.090129 0.114061
0 0.864586 0.468020 0.090625 0.117204
0 0.861500 0.472348 0.089602 0.113285
0 0.862729 0.469991 0.090202 0.114256
0 0.862296 0.471188 0.090981 0.112826
0 0.861663 0.470814 0.088132 0.114637
0 0.861751 0.471915 0.089158 0.113539
0 0.863960 0.471614 0.089670 0.113837
0 0.864150 0.473528 0.091351 0.117679
0 0.448777 0.347648 0.337545 0.485290
0 0.451620 0.347265 0.332413 0.479607
0 0.447111 0.348883 0.341836 0.481063
0 0.448118 0.349097 0.339381 0.475992
0 0.448449 0.347410 0.340849 0.466871
0 0.450948 0.345889 0.339123 0.469863
0 0.448401 0.337277 0.334960 0.460384
0 0.449814 0.342047 0.335908 0.454006
0 0.454244 0.341729 0.336350 0.454419
0 0.449045 0.340477 0.337787 0.442208
0 0.450539 0.340926 0.331257 0.439217
0 0.451234 0.337998 0.333304 0.446807
0 0.448808 0.338629 0.336487 0.450583
0 0.448652 0.340487 0.337086 0.456616
0 0.453736 0.339363 0.335882 0.456082
0 0.450747 0.340685 0.337411 0.442695
0 0.447622 0.339129 0.335747 0.438839
0 0.449021 0.342140 0.338311 0.441925
0 0.447426 0.339219 0.331515 0.451915
0 0.448494 0.336508 0.342635 0.451019
0 0.449310 0.338754 0.340455 0.457387
0 0.446634 0.338595 0.340781 0.441682
0 0.450915 0.339699 0.337916 0.441942
0 0.452610 0.338622 0.335763 0.445082
0 0.445762 0.343317 0.330433 0.456781
0 0.447463 0.340564 0.337952 0.452414
0 0.451990 0.338522 0.341915 0.457284
0 0.448142 0.337711 0.338936 0.451185
0 0.449677 0.339637 0.341856 0.456594
0 0.456777 0.342646 0.338228 0.456832
0 0.445670 0.341977 0.335661 0.452300
0 0.449990 0.342870 0.331123 0.445241
0 0.450983 0.340668 0.333980 0.451021
0 0.451665 0.344944 0.338257 0.450255