0 0.613918 0.503411 0.378809 0.527321
0 0.615461 0.501836 0.380658 0.523407
0 0.616686 0.493541 0.378715 0.528682
0 0.621019 0.493393 0.391230 0.526835
0 0.620367 0.501531 0.382689 0.522001
0 0.617184 0.499759 0.381707 0.524634
0 0.617832 0.498094 0.384522 0.518007
0 0.613674 0.488465 0.382809 0.530556
0 0.617540 0.505288 0.395206 0.542122
0 0.621296 0.500540 0.391420 0.530368
0 0.617509 0.507280 0.390651 0.543040
0 0.616144 0.504914 0.393760 0.545148
0 0.616148 0.500781 0.395362 0.544188
0 0.614712 0.497160 0.385955 0.546955
0 0.615756 0.507815 0.396887 0.517925
0 0.618353 0.502295 0.396996 0.523407
0 0.614573 0.505863 0.389019 0.529881
0 0.614802 0.504761 0.386022 0.532911
0 0.616340 0.504982 0.394715 0.536616
0 0.612153 0.498935 0.388500 0.535034
0 0.623454 0.499132 0.377012 0.518999
0 0.615168 0.504575 0.396248 0.518222
0 0.615739 0.496229 0.395647 0.533442
0 0.612211 0.502843 0.383707 0.535140
0 0.612790 0.502895 0.384584 0.524674
0 0.615306 0.506414 0.393761 0.530335
0 0.614380 0.496194 0.389232 0.547285
0 0.622342 0.504104 0.375390 0.530227
0 0.612593 0.510378 0.401288 0.506244
0 0.615859 0.505148 0.398836 0.532030
0 0.613146 0.502585 0.384337 0.537115
0 0.614103 0.506418 0.378716 0.525302
0 0.616940 0.506454 0.392589 0.526293
0 0.614020 0.507060 0.385759 0.529770
0 0.618775 0.502311 0.406634 0.529036
0 0.614246 0.495863 0.391446 0.547349
0 0.612884 0.500580 0.386131 0.535155
0 0.614733 0.502293 0.388259 0.544157
0 0.615843 0.507124 0.384345 0.524840
0 0.617385 0.508943 0.387473 0.517765
0 0.612930 0.509510 0.384256 0.520428
0 0.617804 0.512250 0.379723 0.519158