0 0.522861 0.554510 0.597372 0.813454
0 0.526702 0.562741 0.609132 0.817616
0 0.533112 0.559214 0.609986 0.825089
0 0.521672 0.562688 0.613615 0.824352
0 0.513027 0.551008 0.630413 0.829294
0 0.516316 0.550540 0.593371 0.791650
0 0.520104 0.550688 0.595871 0.798184
0 0.526257 0.554984 0.603727 0.804461
0 0.525499 0.549945 0.602078 0.799296
0 0.520087 0.554871 0.585392 0.786758
0 0.514707 0.548981 0.602121 0.796430
0 0.523897 0.540881 0.610874 0.799041
0 0.527935 0.543368 0.625688 0.772386
0 0.530817 0.561286 0.635036 0.806578
0 0.522774 0.556928 0.609836 0.804216
0 0.529212 0.563707 0.607161 0.814903
0 0.525148 0.555745 0.593792 0.788211
0 0.523461 0.554750 0.594809 0.795886
0 0.517010 0.552442 0.629433 0.784853
0 0.525647 0.547057 0.618905 0.784740
0 0.521682 0.531987 0.611573 0.776513
0 0.514643 0.532324 0.613588 0.746933
0 0.525231 0.535238 0.630526 0.746230
0 0.537134 0.556995 0.651769 0.802392
0 0.524861 0.554966 0.620129 0.778782
0 0.528089 0.556440 0.619999 0.781946
0 0.527126 0.548763 0.613013 0.757615
0 0.526332 0.532976 0.582036 0.735622
0 0.526554 0.545859 0.615086 0.779762
0 0.512412 0.545675 0.624563 0.738652
0 0.523510 0.546941 0.607638 0.742640
0 0.521048 0.531027 0.602204 0.729716
0 0.528606 0.528315 0.618685 0.764835
0 0.521162 0.517868 0.629731 0.743561
0 0.531533 0.529166 0.640346 0.740227
0 0.549430 0.546911 0.662824 0.799420
0 0.499657 0.536110 0.574035 0.715313
0 0.521370 0.542821 0.603633 0.755681
0 0.506609 0.531995 0.573181 0.719211
0 0.516090 0.539247 0.596716 0.759718
0 0.523968 0.535051 0.611466 0.745713
0 0.520753 0.518351 0.555322 0.685413
0 0.519798 0.527940 0.599685 0.748448
0 0.528269 0.510541 0.571764 0.665747
0 0.518313 0.524502 0.600773 0.706936
0 0.530998 0.526642 0.588105 0.709641
0 0.516675 0.520358 0.606239 0.713593
0 0.518813 0.525048 0.622453 0.764926
0 0.529070 0.511440 0.643521 0.745497
0 0.535893 0.520038 0.653468 0.743216
0 0.558109 0.545965 0.675541 0.782622
0 0.507504 0.536923 0.582084 0.722972
0 0.525124 0.544196 0.595525 0.747391
0 0.509326 0.541147 0.560650 0.721059
0 0.514454 0.543873 0.594081 0.768729
0 0.523977 0.533702 0.608802 0.766880
0 0.520287 0.525721 0.603839 0.784467
0 0.524331 0.525401 0.587143 0.753785
0 0.532249 0.527996 0.606303 0.744632
0 0.509650 0.520497 0.627711 0.742782
0 0.512616 0.516212 0.622310 0.760947
0 0.526455 0.524433 0.650161 0.738599
0 0.538749 0.524822 0.671208 0.740654
0 0.570648 0.543261 0.722345 0.808476
0 0.535514 0.541631 0.614574 0.767380
0 0.517425 0.529974 0.552968 0.701721
0 0.527850 0.525959 0.605305 0.783092
0 0.527022 0.511380 0.611021 0.799605
0 0.519731 0.510691 0.603920 0.789503
0 0.523337 0.526548 0.601412 0.777785
0 0.531229 0.535045 0.618451 0.772770
0 0.512393 0.527929 0.636013 0.758525
0 0.514597 0.528383 0.625612 0.761890
0 0.523907 0.514510 0.638523 0.746526
0 0.563164 0.535979 0.702651 0.801951
0 0.532182 0.522534 0.622042 0.785345
0 0.523726 0.512109 0.593438 0.783527
0 0.523931 0.505010 0.612934 0.825032
0 0.530013 0.510672 0.595894 0.819209
0 0.522079 0.523406 0.611089 0.787852
0 0.521323 0.531054 0.628825 0.781100
0 0.509111 0.535161 0.643174 0.768223
0 0.528858 0.546868 0.636341 0.733612
0 0.521223 0.499914 0.621738 0.795261
0 0.554274 0.493952 0.664401 0.819657
0 0.535370 0.499193 0.617003 0.802713
0 0.534937 0.502026 0.610140 0.798922
0 0.531705 0.509927 0.620372 0.809359
0 0.546408 0.510932 0.604359 0.819191
0 0.540105 0.523755 0.624705 0.793909
0 0.528111 0.526710 0.664994 0.778457
0 0.514958 0.543971 0.681487 0.754254
0 0.536441 0.512996 0.634402 0.778060
0 0.531264 0.498918 0.597388 0.749182
0 0.520783 0.500831 0.623863 0.742828
0 0.520510 0.508392 0.629966 0.734159
0 0.539075 0.520136 0.646354 0.732183
0 0.535137 0.528687 0.662391 0.699874
0 0.529232 0.539617 0.668364 0.677071
0 0.538186 0.529387 0.666347 0.680801