0 0.438988 0.480007 0.357702 0.550892
0 0.441999 0.483221 0.361062 0.558746
0 0.441310 0.483300 0.355063 0.553210
0 0.450621 0.476433 0.365530 0.571354
0 0.430883 0.489708 0.366336 0.582648
0 0.439860 0.497421 0.371504 0.573348
0 0.439210 0.499031 0.369098 0.574430
0 0.440497 0.496621 0.363161 0.559685
0 0.447663 0.490604 0.365265 0.569164
0 0.434372 0.490449 0.363811 0.574422
0 0.434526 0.497035 0.366857 0.580255
0 0.438191 0.497181 0.371157 0.572917
0 0.435835 0.495679 0.366101 0.570572
0 0.442937 0.496362 0.367537 0.562685
0 0.448969 0.492507 0.375831 0.573829
0 0.436291 0.490805 0.355113 0.554427
0 0.441438 0.489212 0.364289 0.563571
0 0.441567 0.489012 0.363800 0.554661
0 0.441744 0.488033 0.365159 0.552594
0 0.438019 0.486414 0.361916 0.549596
0 0.442358 0.486792 0.378619 0.542177
0 0.432416 0.483830 0.361996 0.555205
0 0.437799 0.483907 0.368876 0.555738
0 0.438440 0.482596 0.370017 0.542336
0 0.440474 0.485856 0.369702 0.533565
0 0.439170 0.482548 0.367129 0.548754
0 0.448684 0.484186 0.377067 0.540154
0 0.433931 0.491589 0.363715 0.548579
0 0.438192 0.488862 0.374735 0.552144
0 0.441329 0.485757 0.369772 0.545308
0 0.442269 0.480641 0.367698 0.547376
0 0.442466 0.475803 0.361979 0.549626
0 0.452885 0.485928 0.377742 0.544113
0 0.435553 0.482316 0.373018 0.561937
0 0.438568 0.480712 0.373111 0.554905
0 0.442590 0.478276 0.372011 0.556356
0 0.445271 0.486462 0.365273 0.544539
0 0.442979 0.487390 0.367691 0.554218
0 0.444561 0.492670 0.365930 0.534610