0 0.811790 0.217740 0.165318 0.255587
0 0.814172 0.220642 0.160300 0.245810
0 0.816789 0.218186 0.159875 0.245023
0 0.810915 0.219316 0.163220 0.259888
0 0.813656 0.224452 0.160943 0.260086
0 0.815255 0.224948 0.159768 0.252910
0 0.816642 0.223351 0.159633 0.247559
0 0.817604 0.221300 0.156288 0.249250
0 0.814563 0.222932 0.162928 0.266382
0 0.815275 0.223963 0.160460 0.261539
0 0.815300 0.225491 0.157301 0.254235
0 0.816705 0.224084 0.158005 0.250595
0 0.817989 0.222797 0.156605 0.250971
0 0.821605 0.220526 0.151432 0.247728
0 0.816118 0.222030 0.162146 0.265478
0 0.816627 0.222019 0.158804 0.256530
0 0.815813 0.223441 0.158958 0.253301
0 0.816871 0.222856 0.157711 0.253495
0 0.817653 0.222668 0.159971 0.256082
0 0.820785 0.222794 0.152492 0.246621
0 0.817198 0.220816 0.162916 0.265707
0 0.815936 0.220268 0.158906 0.257459
0 0.815621 0.221660 0.159049 0.253569
0 0.816962 0.221934 0.156136 0.255981
0 0.817707 0.221673 0.156691 0.254849
0 0.821332 0.222105 0.149329 0.246378
0 0.817105 0.221950 0.162928 0.260338
0 0.816495 0.220474 0.155807 0.256598
0 0.815678 0.220688 0.158906 0.251065
0 0.818058 0.222750 0.158096 0.250546
0 0.816264 0.221555 0.156415 0.256679
0 0.816669 0.218811 0.159168 0.257024
0 0.815888 0.219544 0.158793 0.251518
0 0.817420 0.222296 0.157796 0.249256
0 0.818718 0.224542 0.156868 0.251064
0 0.815243 0.221118 0.163513 0.250590