0 0.512383 0.422666 0.389873 0.543405
0 0.512113 0.415309 0.392940 0.532022
0 0.517245 0.425568 0.399015 0.517023
0 0.511579 0.426388 0.400435 0.508776
0 0.513697 0.422447 0.396333 0.505458
0 0.518572 0.424642 0.404875 0.521813
0 0.516771 0.429954 0.413362 0.514990
0 0.514076 0.429781 0.416549 0.516216
0 0.516036 0.426708 0.405086 0.511085
0 0.516724 0.423184 0.405054 0.509097
0 0.513777 0.434190 0.397798 0.530492
0 0.520512 0.433064 0.413223 0.539130
0 0.519467 0.434289 0.420232 0.539214
0 0.515318 0.433575 0.414231 0.538743
0 0.517806 0.434168 0.412259 0.534011
0 0.515365 0.432980 0.414101 0.523688
0 0.512364 0.438261 0.399571 0.522229
0 0.517981 0.437448 0.412719 0.534383
0 0.515400 0.434934 0.427611 0.560889
0 0.518078 0.434077 0.411578 0.538704
0 0.512831 0.436791 0.410436 0.530259
0 0.514994 0.435500 0.412487 0.529929
0 0.513736 0.432560 0.406031 0.520510
0 0.519365 0.434260 0.401773 0.502200
0 0.512691 0.440164 0.398931 0.524178
0 0.517396 0.432702 0.410577 0.526581
0 0.520586 0.437800 0.406798 0.534702
0 0.512551 0.442261 0.407233 0.534146
0 0.516405 0.441912 0.407531 0.529908
0 0.516955 0.441130 0.406502 0.532474
0 0.522102 0.443368 0.392942 0.510556
0 0.516461 0.440221 0.407558 0.524615
0 0.522910 0.442464 0.405634 0.522642
0 0.516054 0.441650 0.408666 0.522170
0 0.515572 0.447198 0.409298 0.526233
0 0.516065 0.444061 0.400769 0.527162
0 0.520026 0.442836 0.406665 0.537948
0 0.523533 0.442514 0.409316 0.534558
0 0.513873 0.445877 0.406156 0.535115
0 0.516696 0.444500 0.404994 0.526866
0 0.525674 0.453994 0.397064 0.526005
0 0.522358 0.444550 0.403301 0.558301
0 0.514040 0.442985 0.390720 0.558159
0 0.515862 0.452246 0.387820 0.552521