0 0.377468 0.241874 0.169249 0.230760
0 0.380322 0.244586 0.173135 0.229933
0 0.377740 0.241588 0.166069 0.225089
0 0.379742 0.243566 0.166842 0.221182
0 0.380172 0.246195 0.168239 0.219339
0 0.380209 0.248031 0.167409 0.221209
0 0.378132 0.240408 0.167449 0.220318
0 0.380087 0.244066 0.172003 0.225605
0 0.379589 0.244774 0.171063 0.228093
0 0.380917 0.246859 0.172560 0.223968
0 0.380680 0.248996 0.172080 0.224024
0 0.379845 0.249468 0.172389 0.224275
0 0.378902 0.243605 0.164900 0.222931
0 0.379472 0.244028 0.170149 0.224823
0 0.380390 0.244134 0.166037 0.225485
0 0.380414 0.244946 0.170595 0.225897
0 0.379663 0.247115 0.171676 0.223486
0 0.379354 0.248758 0.169451 0.221809
0 0.385276 0.249935 0.177736 0.220196
0 0.378625 0.243654 0.164477 0.222086
0 0.379553 0.243628 0.167697 0.224333
0 0.381125 0.243999 0.165743 0.223017
0 0.380665 0.244444 0.169934 0.225506
0 0.379945 0.246831 0.168129 0.223275
0 0.380020 0.248524 0.168158 0.222630
0 0.384748 0.252924 0.177257 0.214083
0 0.379918 0.243811 0.165329 0.223096
0 0.381433 0.243491 0.167130 0.223160
0 0.380521 0.244840 0.169343 0.221816
0 0.380653 0.246789 0.166351 0.224143
0 0.381588 0.251397 0.169090 0.220623
0 0.380573 0.243510 0.165452 0.222799
0 0.380567 0.244802 0.166650 0.222335
0 0.381475 0.247487 0.168335 0.221180