0 0.463592 0.217482 0.122730 0.163190
0 0.460985 0.218704 0.119426 0.157507
0 0.461855 0.219420 0.121339 0.156662
0 0.462831 0.220073 0.117317 0.157114
0 0.461423 0.218807 0.119939 0.159819
0 0.463046 0.220175 0.120894 0.160268
0 0.461987 0.220244 0.118276 0.155835
0 0.462699 0.218210 0.120406 0.163878
0 0.464259 0.221041 0.121998 0.158602
0 0.462189 0.221462 0.120662 0.154335
0 0.462069 0.221274 0.122279 0.158424
0 0.462820 0.219827 0.119543 0.157556
0 0.462141 0.220126 0.118772 0.156914
0 0.462603 0.220111 0.119991 0.155862
0 0.462624 0.219972 0.118941 0.157387
0 0.461537 0.220304 0.120879 0.163410
0 0.463659 0.220624 0.121254 0.159925
0 0.463109 0.220499 0.121102 0.155738
0 0.462205 0.220929 0.121072 0.158121
0 0.462485 0.220100 0.120964 0.159605
0 0.461712 0.221615 0.120480 0.157954
0 0.462974 0.221334 0.121344 0.156039
0 0.462681 0.221625 0.119904 0.158506
0 0.462139 0.221050 0.118466 0.158654
0 0.461973 0.221278 0.122514 0.158604
0 0.463225 0.221227 0.120125 0.158579
0 0.462237 0.220516 0.123082 0.159112
0 0.462089 0.222504 0.123737 0.158056