0 0.500020 0.479480 0.303352 0.344481
0 0.502754 0.480362 0.296541 0.343734
0 0.501845 0.481795 0.299085 0.347709
0 0.503761 0.481357 0.298078 0.346671
0 0.500015 0.483401 0.306774 0.349404
0 0.501850 0.484258 0.300946 0.357316
0 0.502330 0.486875 0.299625 0.353576
0 0.502826 0.487629 0.300105 0.348092
0 0.507112 0.484701 0.301150 0.343211
0 0.497781 0.486804 0.309086 0.337254
0 0.500129 0.485401 0.310021 0.346098
0 0.501554 0.487029 0.304710 0.344943
0 0.501720 0.489150 0.301729 0.341520
0 0.500919 0.489367 0.302522 0.338875
0 0.498512 0.489238 0.312345 0.338541
0 0.500733 0.487263 0.309860 0.346231
0 0.501591 0.487117 0.306143 0.348708
0 0.501017 0.487473 0.299778 0.343575
0 0.500768 0.489173 0.299849 0.338461
0 0.500507 0.485855 0.307747 0.355565
0 0.501308 0.487136 0.305014 0.350815
0 0.500847 0.489968 0.300645 0.345052
0 0.499599 0.490132 0.299376 0.335719
0 0.499378 0.487259 0.307207 0.355113
0 0.500558 0.488357 0.301139 0.351511
0 0.499879 0.491532 0.302846 0.347643
0 0.499369 0.490431 0.299891 0.342657
0 0.500041 0.494386 0.304154 0.360250
0 0.500894 0.494470 0.298308 0.353287
0 0.501085 0.497045 0.304084 0.351486
0 0.500708 0.497221 0.302640 0.344854
0 0.503046 0.486394 0.302284 0.359981
0 0.504826 0.488348 0.308170 0.352747
0 0.501989 0.487964 0.308744 0.357999
0 0.503939 0.484700 0.313690 0.361314
0 0.498249 0.491655 0.310943 0.375611
0 0.503001 0.496814 0.299238 0.362039
0 0.499924 0.490403 0.304463 0.360004
0 0.505967 0.489264 0.296888 0.363735
0 0.504430 0.489496 0.305468 0.358385
0 0.502082 0.484866 0.306864 0.361679
0 0.500516 0.497039 0.301083 0.366045
0 0.503807 0.495292 0.304089 0.366036
0 0.498985 0.490145 0.312846 0.368300
0 0.502648 0.494510 0.309197 0.366785
0 0.501003 0.494033 0.311647 0.368611
0 0.499514 0.487938 0.309450 0.359996
0 0.496100 0.499234 0.302099 0.370967
0 0.499719 0.497205 0.308017 0.358638
0 0.498813 0.493756 0.306603 0.366583
0 0.502889 0.494970 0.304368 0.364854
0 0.499407 0.491948 0.315527 0.369517
0 0.498334 0.488557 0.311408 0.366647
0 0.491377 0.506857 0.314969 0.379414
0 0.497768 0.503327 0.311917 0.370988
0 0.498332 0.496879 0.308159 0.365981
0 0.497787 0.497545 0.313369 0.367473
0 0.494091 0.494564 0.316234 0.373896
0 0.494472 0.513084 0.321282 0.383928
0 0.497605 0.505785 0.318872 0.366291
0 0.495088 0.504442 0.315740 0.373501
0 0.498086 0.506143 0.327733 0.377934