0 0.610494 0.384616 0.334307 0.446267
0 0.612463 0.384735 0.336516 0.449408
0 0.616387 0.379840 0.335084 0.449545
0 0.610484 0.387147 0.346399 0.478838
0 0.614448 0.392506 0.344776 0.469619
0 0.615268 0.393568 0.349178 0.473259
0 0.619316 0.388476 0.349951 0.464090
0 0.616309 0.383465 0.344493 0.469917
0 0.608402 0.396119 0.349794 0.500214
0 0.613870 0.396604 0.350415 0.494465
0 0.613753 0.399312 0.350586 0.502767
0 0.618950 0.405188 0.352296 0.508022
0 0.620412 0.403228 0.356285 0.502092
0 0.618737 0.399204 0.354540 0.493223
0 0.606012 0.409169 0.355774 0.503606
0 0.612213 0.400672 0.357866 0.506136
0 0.609712 0.404753 0.354668 0.515261
0 0.615542 0.404604 0.350950 0.513154
0 0.618413 0.404643 0.356020 0.512800
0 0.617878 0.399960 0.347719 0.503604
0 0.606454 0.411910 0.352630 0.519123
0 0.611403 0.405468 0.353598 0.524883
0 0.608159 0.407458 0.352634 0.531007
0 0.612726 0.409017 0.346244 0.515002
0 0.617546 0.406768 0.355219 0.532279
0 0.617496 0.404930 0.346357 0.530693
0 0.608051 0.418691 0.356758 0.515437
0 0.612734 0.409518 0.356775 0.538088
0 0.612763 0.411606 0.350709 0.535235
0 0.614531 0.411271 0.347798 0.522975
0 0.613045 0.408869 0.355698 0.530844
0 0.615374 0.408225 0.350685 0.533397
0 0.613190 0.413894 0.357226 0.540008
0 0.613502 0.407230 0.349262 0.543975
0 0.611291 0.410010 0.356777 0.539605
0 0.613025 0.412504 0.353559 0.537770
0 0.614107 0.419427 0.348898 0.527613
0 0.609524 0.429227 0.362445 0.515972
0 0.615170 0.413318 0.350312 0.548896
0 0.612181 0.410856 0.346648 0.535571
0 0.615390 0.417101 0.349072 0.531714
0 0.613723 0.438409 0.354517 0.501723