0 0.735765 0.207846 0.155494 0.213275
0 0.736324 0.209540 0.156322 0.208133
0 0.737215 0.208357 0.156148 0.210486
0 0.735292 0.207904 0.156276 0.214301
0 0.736225 0.207414 0.154648 0.209638
0 0.736651 0.207028 0.156682 0.211533
0 0.736411 0.207610 0.154226 0.206603
0 0.736061 0.208023 0.154531 0.209303
0 0.733530 0.205318 0.155343 0.217050
0 0.735424 0.207504 0.157271 0.215413
0 0.735756 0.208687 0.156035 0.214011
0 0.736410 0.207620 0.155413 0.211374
0 0.736790 0.207407 0.155696 0.210455
0 0.735434 0.208838 0.153291 0.210235
0 0.738910 0.207237 0.157014 0.213179
0 0.735092 0.207536 0.156122 0.216604
0 0.735274 0.207276 0.154296 0.215244
0 0.736903 0.207289 0.156934 0.214973
0 0.735447 0.208339 0.156221 0.213886
0 0.736206 0.208521 0.155755 0.214340
0 0.736479 0.207883 0.155244 0.214439
0 0.738348 0.210462 0.155788 0.214358
0 0.735656 0.208302 0.157122 0.216273
0 0.736198 0.207155 0.156760 0.213512
0 0.735984 0.206877 0.154474 0.215094
0 0.736920 0.207792 0.156134 0.214168
0 0.737449 0.209197 0.153733 0.215631
0 0.736397 0.210522 0.156002 0.215543
0 0.736424 0.207146 0.154599 0.216873
0 0.736664 0.206910 0.158433 0.218881
0 0.736970 0.208892 0.156192 0.217872
0 0.738795 0.212238 0.153956 0.214809
0 0.736743 0.212083 0.157335 0.222526
0 0.738343 0.210347 0.158077 0.222605
0 0.738147 0.211704 0.158255 0.221766