0 0.576376 0.277238 0.335069 0.494659
0 0.581180 0.282180 0.342877 0.501182
0 0.581025 0.278075 0.346340 0.499583
0 0.590068 0.266959 0.340184 0.513075
0 0.573818 0.279875 0.350138 0.506836
0 0.578921 0.284239 0.339923 0.499518
0 0.584989 0.284984 0.341313 0.513768
0 0.587651 0.286707 0.347601 0.508569
0 0.588789 0.278735 0.348284 0.506304
0 0.575808 0.284223 0.345490 0.497235
0 0.580033 0.283575 0.341491 0.485522
0 0.582246 0.283320 0.347627 0.492834
0 0.587204 0.282767 0.355822 0.501931
0 0.586632 0.277438 0.351957 0.495860
0 0.590419 0.274008 0.346601 0.496028
0 0.579762 0.277113 0.367454 0.473072
0 0.578440 0.275942 0.336096 0.480673
0 0.578957 0.278463 0.348484 0.483661
0 0.578536 0.282292 0.347305 0.486277
0 0.583820 0.278696 0.353747 0.493380
0 0.586411 0.279443 0.346383 0.497358
0 0.588193 0.276531 0.348349 0.496060
0 0.575664 0.277712 0.327672 0.478335
0 0.582981 0.277223 0.343652 0.490288
0 0.580166 0.277660 0.346920 0.490461
0 0.585973 0.277362 0.351821 0.489599
0 0.584220 0.276957 0.351792 0.493130
0 0.589839 0.277375 0.355243 0.496612
0 0.576489 0.283826 0.336689 0.477254
0 0.582845 0.282263 0.338533 0.496757
0 0.584749 0.274789 0.348345 0.488588
0 0.586337 0.276201 0.361161 0.488343
0 0.585950 0.275043 0.356243 0.489532
0 0.580883 0.288754 0.349906 0.494234
0 0.583456 0.280084 0.350809 0.494489
0 0.585812 0.282332 0.353478 0.491320
0 0.595883 0.280450 0.358574 0.493384
0 0.587972 0.292493 0.365242 0.484892
0 0.597557 0.292961 0.368875 0.501495