0 0.493318 0.356092 0.382411 0.521266
0 0.497713 0.349040 0.392150 0.513577
0 0.498086 0.355968 0.398345 0.547142
0 0.493062 0.360512 0.399361 0.548504
0 0.496467 0.356415 0.409191 0.531164
0 0.500246 0.351244 0.405874 0.534489
0 0.494588 0.360018 0.393163 0.549280
0 0.499299 0.360140 0.402064 0.539883
0 0.493982 0.362185 0.405129 0.547192
0 0.492151 0.359392 0.417254 0.538384
0 0.497310 0.358116 0.411411 0.542274
0 0.500200 0.350702 0.409078 0.533633
0 0.497502 0.372407 0.404096 0.565168
0 0.493651 0.371009 0.404075 0.576466
0 0.498264 0.366748 0.406824 0.562364
0 0.493834 0.363677 0.410722 0.579826
0 0.496532 0.369058 0.413903 0.576366
0 0.494479 0.368090 0.413879 0.585732
0 0.497473 0.368897 0.415825 0.576609
0 0.499087 0.371982 0.413777 0.579938
0 0.497895 0.368397 0.416010 0.571429
0 0.495730 0.363577 0.415215 0.548951
0 0.496955 0.361022 0.422830 0.567311
0 0.496242 0.356364 0.415289 0.565305
0 0.496986 0.368708 0.407211 0.569587
0 0.496272 0.374094 0.406102 0.566205
0 0.492952 0.373315 0.409279 0.581606
0 0.496117 0.368573 0.410063 0.566069
0 0.495255 0.369121 0.408206 0.575176
0 0.494783 0.371390 0.412955 0.565084
0 0.495326 0.382033 0.411028 0.564455
0 0.494068 0.373357 0.414415 0.576466
0 0.496310 0.382004 0.405267 0.563583
0 0.493566 0.366102 0.407050 0.582421
0 0.498414 0.364043 0.401819 0.574821
0 0.494975 0.368858 0.401833 0.556114
0 0.501216 0.363075 0.404778 0.567835
0 0.490540 0.366053 0.406867 0.571287
0 0.500918 0.366314 0.411617 0.578719
0 0.496913 0.372887 0.402938 0.563889
0 0.493758 0.367829 0.408268 0.576119
0 0.499505 0.368983 0.405770 0.565295
0 0.498950 0.368879 0.412737 0.584812
0 0.500133 0.368395 0.406050 0.574334
0 0.503103 0.380045 0.405745 0.571835
0 0.495257 0.371698 0.404299 0.574038
0 0.496858 0.380712 0.401803 0.568241
0 0.493774 0.369193 0.406589 0.577302
0 0.494638 0.367851 0.397345 0.562772
0 0.495566 0.371071 0.398985 0.581235
0 0.496966 0.361231 0.392535 0.583803
0 0.490756 0.367825 0.400826 0.576109
0 0.494828 0.384616 0.403883 0.575699
0 0.498676 0.382765 0.415070 0.592942
0 0.496162 0.376207 0.398017 0.574604
0 0.496281 0.379468 0.417141 0.598702
0 0.500200 0.374798 0.401922 0.583000
0 0.500035 0.381154 0.415311 0.591406
0 0.500167 0.375590 0.407369 0.582998
0 0.502300 0.382529 0.414229 0.583679
0 0.495507 0.376390 0.409133 0.593449
0 0.497928 0.374878 0.411948 0.592433
0 0.498532 0.381156 0.397583 0.582924
0 0.497331 0.375514 0.390162 0.584688
0 0.485601 0.383517 0.409262 0.586183
0 0.499058 0.382386 0.389684 0.577167
0 0.499870 0.379827 0.391294 0.576471
0 0.496911 0.378536 0.389960 0.590240
0 0.496231 0.386118 0.399786 0.574174
0 0.504309 0.398575 0.366801 0.608582
0 0.496568 0.399379 0.368425 0.598795