0 0.493103 0.527552 0.392237 0.584547
0 0.496891 0.523385 0.401689 0.574199
0 0.498871 0.518605 0.401036 0.571479
0 0.494126 0.524531 0.405347 0.573996
0 0.492409 0.522457 0.408299 0.557113
0 0.498552 0.517796 0.399198 0.562986
0 0.497865 0.509333 0.402787 0.545391
0 0.502039 0.514945 0.403036 0.533631
0 0.498633 0.519165 0.403589 0.538733
0 0.494831 0.514943 0.407412 0.531420
0 0.495602 0.517095 0.401217 0.548148
0 0.501000 0.510395 0.404954 0.550207
0 0.498186 0.520111 0.406727 0.544342
0 0.495961 0.516675 0.409106 0.557544
0 0.501134 0.515871 0.408004 0.547527
0 0.497531 0.514624 0.417181 0.564671
0 0.496379 0.518885 0.406338 0.550642
0 0.493930 0.515821 0.409919 0.551993
0 0.494783 0.517961 0.402880 0.544845
0 0.494605 0.514334 0.404113 0.548687
0 0.493101 0.517227 0.417468 0.575158
0 0.497900 0.517548 0.409506 0.545275
0 0.496971 0.516326 0.413600 0.563489
0 0.501218 0.510653 0.413954 0.545037
0 0.502474 0.512239 0.420122 0.561105
0 0.493220 0.515823 0.406279 0.544046
0 0.492640 0.520998 0.410189 0.545972
0 0.492106 0.516361 0.409735 0.550839
0 0.490503 0.516822 0.405250 0.547380
0 0.496424 0.516490 0.405442 0.552812
0 0.487254 0.518262 0.416852 0.572225
0 0.496191 0.513707 0.408139 0.552792
0 0.495907 0.511856 0.411205 0.560966
0 0.497746 0.515370 0.408251 0.543816
0 0.499038 0.517030 0.425378 0.569188
0 0.495038 0.515768 0.403249 0.561108
0 0.494336 0.520130 0.403369 0.554115
0 0.492247 0.519551 0.411487 0.552386
0 0.494032 0.518769 0.414346 0.557798
0 0.490528 0.515102 0.404185 0.557101
0 0.496533 0.514293 0.400366 0.561518
0 0.479603 0.513626 0.424189 0.570704
0 0.494288 0.523718 0.412144 0.537218
0 0.498627 0.517909 0.411015 0.537706
0 0.497031 0.517678 0.407037 0.549137
0 0.496363 0.517918 0.404134 0.547617
0 0.494783 0.515313 0.411575 0.556840
0 0.498017 0.522628 0.417556 0.559661
0 0.498910 0.517545 0.412805 0.564058
0 0.480093 0.516524 0.442429 0.581795
0 0.497484 0.523731 0.401405 0.530486
0 0.496983 0.516816 0.405315 0.542631
0 0.493043 0.514479 0.406766 0.555866
0 0.492484 0.520899 0.409941 0.548559
0 0.498421 0.537168 0.405887 0.536356
0 0.494814 0.538613 0.410822 0.542568