0 0.216473 0.323546 0.042321 0.054796
0 0.216663 0.323618 0.041755 0.054555
0 0.216855 0.323440 0.042226 0.054919
0 0.216165 0.323590 0.040290 0.053606
0 0.216472 0.323852 0.041533 0.052826
0 0.216938 0.323158 0.041026 0.053628
0 0.216457 0.323871 0.040549 0.052253
0 0.216709 0.323932 0.041712 0.054219
0 0.901416 0.436104 0.033754 0.059477
0 0.901953 0.436673 0.032852 0.058077
0 0.902096 0.436319 0.034707 0.057574
0 0.901868 0.437034 0.033544 0.057405
0 0.467612 0.303492 0.261907 0.388644
0 0.470692 0.302980 0.261221 0.384125
0 0.467619 0.305358 0.270056 0.380388
0 0.468656 0.305322 0.271236 0.383331
0 0.468993 0.305912 0.269146 0.383267
0 0.468519 0.304038 0.272660 0.369099
0 0.467707 0.302578 0.269937 0.372039
0 0.468257 0.303118 0.266770 0.366728
0 0.469107 0.307330 0.269572 0.361600
0 0.469941 0.301825 0.271250 0.375757
0 0.469596 0.299433 0.268440 0.379861
0 0.467547 0.301134 0.268772 0.374178
0 0.467937 0.306130 0.271738 0.363056
0 0.469559 0.304421 0.270945 0.391772
0 0.471737 0.302296 0.273054 0.389791
0 0.467966 0.304753 0.273878 0.382148
0 0.469983 0.310318 0.277510 0.373890
0 0.469726 0.307526 0.268354 0.374795
0 0.471847 0.308135 0.267324 0.375412
0 0.469379 0.309002 0.270696 0.376408
0 0.470823 0.311443 0.274898 0.370467
0 0.469108 0.309825 0.263634 0.364840
0 0.468381 0.309562 0.263713 0.367059
0 0.470014 0.310688 0.264806 0.368732
0 0.472781 0.311981 0.269632 0.364862
0 0.466683 0.312889 0.265213 0.371665
0 0.470200 0.312305 0.267542 0.374568
0 0.470814 0.312832 0.265066 0.369810
0 0.475647 0.315200 0.269059 0.370754
0 0.471571 0.318060 0.259050 0.377535
0 0.471774 0.317670 0.262301 0.372420
0 0.472115 0.303150 0.272075 0.404102
0 0.474396 0.305576 0.269855 0.404583
0 0.473603 0.304733 0.266054 0.414118
0 0.472883 0.293424 0.278635 0.386074
0 0.473231 0.299379 0.269870 0.373355
0 0.474659 0.300609 0.264268 0.370541
0 0.469576 0.297315 0.265514 0.370899
0 0.472849 0.298904 0.265715 0.390710
0 0.471374 0.304358 0.278349 0.382937
0 0.472339 0.304631 0.271720 0.376552
0 0.474831 0.302072 0.265980 0.371107
0 0.469951 0.298667 0.272056 0.380318
0 0.473556 0.306485 0.270921 0.379991
0 0.471475 0.304169 0.278343 0.376185
0 0.470950 0.302944 0.274186 0.377980
0 0.469127 0.303384 0.269244 0.380393
0 0.471274 0.300273 0.274862 0.378328
0 0.469671 0.304961 0.270628 0.379645
0 0.470453 0.303472 0.272525 0.386208
0 0.468427 0.303079 0.278177 0.384584
0 0.471614 0.307748 0.273657 0.387296
0 0.474088 0.308847 0.277514 0.376709
0 0.471954 0.312041 0.276294 0.377564
0 0.469486 0.309606 0.278365 0.381451
0 0.475894 0.312997 0.270952 0.382505
0 0.470631 0.314027 0.271461 0.372121