0 0.560360 0.403663 0.322864 0.459730
0 0.565618 0.416016 0.317960 0.443759
0 0.562956 0.416135 0.321818 0.442414
0 0.567744 0.411637 0.318958 0.448011
0 0.562254 0.420429 0.318097 0.457373
0 0.564898 0.421691 0.320717 0.455787
0 0.567643 0.422911 0.322616 0.462553
0 0.570925 0.423332 0.323652 0.452535
0 0.569219 0.416768 0.325470 0.455145
0 0.563230 0.417098 0.324646 0.456509
0 0.566623 0.413869 0.312276 0.444568
0 0.563640 0.414181 0.319458 0.449671
0 0.563235 0.416498 0.325763 0.454730
0 0.567480 0.418949 0.320873 0.450555
0 0.567827 0.412660 0.323765 0.441558
0 0.563788 0.417127 0.311018 0.449298
0 0.564819 0.414686 0.306054 0.445464
0 0.562611 0.418096 0.318062 0.455688
0 0.562325 0.417349 0.323299 0.452231
0 0.566055 0.414475 0.319650 0.445262
0 0.566279 0.415920 0.321089 0.445652
0 0.573255 0.418363 0.316464 0.444210
0 0.559803 0.420978 0.318912 0.437727
0 0.562778 0.417975 0.298507 0.436066
0 0.562009 0.419099 0.317582 0.441255
0 0.563955 0.417428 0.323379 0.448568
0 0.565514 0.416485 0.320650 0.455619
0 0.567653 0.411578 0.330155 0.469728
0 0.559163 0.424544 0.301865 0.446729
0 0.567884 0.418336 0.302933 0.444170
0 0.565938 0.413687 0.323261 0.446022
0 0.566952 0.412455 0.327001 0.441015
0 0.568278 0.419383 0.328019 0.452403
0 0.567474 0.424076 0.319454 0.446403
0 0.571150 0.418322 0.320440 0.454114
0 0.576970 0.423265 0.321995 0.458328