0 0.522033 0.511523 0.500126 0.659258
0 0.523069 0.515130 0.491500 0.667409
0 0.514701 0.505822 0.489117 0.678215
0 0.522699 0.519486 0.493490 0.680461
0 0.517270 0.506218 0.488688 0.674936
0 0.521423 0.518515 0.484232 0.670556
0 0.522234 0.502965 0.491782 0.664657
0 0.524512 0.515693 0.496088 0.663788
0 0.527468 0.513711 0.491296 0.658312
0 0.530004 0.510499 0.496904 0.648382
0 0.522656 0.503979 0.493253 0.642462
0 0.526441 0.513036 0.491164 0.643553
0 0.520227 0.512591 0.495222 0.666585
0 0.530212 0.516405 0.493738 0.665770
0 0.519760 0.517587 0.509397 0.682882
0 0.522775 0.520799 0.498527 0.668551
0 0.516201 0.514803 0.504558 0.690379
0 0.518412 0.518482 0.486084 0.666685
0 0.520888 0.511111 0.507795 0.673527
0 0.525966 0.517635 0.494850 0.651981
0 0.525391 0.507101 0.496703 0.651379
0 0.519312 0.515952 0.493219 0.650191
0 0.521127 0.510550 0.501332 0.637355
0 0.522805 0.512997 0.499205 0.647243
0 0.521127 0.506094 0.492511 0.631446
0 0.526312 0.508989 0.482784 0.634602
0 0.519938 0.509788 0.505840 0.642619
0 0.526337 0.510989 0.495047 0.639085
0 0.521251 0.510383 0.516623 0.655670
0 0.521774 0.512354 0.502375 0.646566
0 0.518626 0.507254 0.507055 0.645365
0 0.521077 0.506453 0.497541 0.649825
0 0.522545 0.504491 0.506107 0.645491
0 0.524225 0.509220 0.498053 0.642202
0 0.525145 0.504368 0.496231 0.634230
0 0.518291 0.508566 0.489175 0.637648
0 0.520389 0.512473 0.499866 0.630023
0 0.520983 0.510039 0.503038 0.640653
0 0.518444 0.500693 0.499605 0.641573
0 0.521717 0.503133 0.497907 0.637062
0 0.526887 0.505348 0.488382 0.638767
0 0.521736 0.507973 0.508751 0.653552
0 0.526461 0.511836 0.490876 0.648168
0 0.523076 0.505293 0.517688 0.656199
0 0.522665 0.509728 0.499127 0.650526
0 0.519896 0.504830 0.498246 0.645170
0 0.522166 0.507010 0.487592 0.643001
0 0.520013 0.503778 0.502270 0.645299
0 0.522030 0.509082 0.487112 0.635860
0 0.525715 0.503014 0.492713 0.629728
0 0.523128 0.505147 0.485558 0.642051
0 0.518931 0.509301 0.505387 0.633880
0 0.516401 0.509535 0.509509 0.623431
0 0.521472 0.496276 0.510998 0.632208
0 0.519463 0.496317 0.499333 0.632915
0 0.525407 0.497977 0.486669 0.638657
0 0.521406 0.498578 0.506702 0.632437
0 0.528956 0.500038 0.492705 0.626329
0 0.525509 0.494458 0.512822 0.650085
0 0.525601 0.498716 0.500258 0.640881
0 0.520303 0.499305 0.495287 0.651896
0 0.521048 0.499200 0.485589 0.641459
0 0.523744 0.499357 0.495755 0.650787
0 0.522332 0.499045 0.475840 0.632089
0 0.524309 0.499755 0.484854 0.643194
0 0.520988 0.499167 0.469392 0.640901
0 0.520017 0.505199 0.484568 0.640162
0 0.517245 0.505424 0.496718 0.631866
0 0.516780 0.521492 0.514947 0.632807
0 0.517787 0.509196 0.503805 0.628899
0 0.526212 0.511930 0.491118 0.623988
0 0.522653 0.508094 0.504227 0.636091
0 0.530423 0.510272 0.501472 0.635465
0 0.526485 0.504161 0.502489 0.642228
0 0.529818 0.508459 0.492891 0.634689
0 0.524077 0.500320 0.496578 0.652485
0 0.528339 0.499112 0.488678 0.641442
0 0.525215 0.498575 0.485706 0.650696
0 0.525204 0.494711 0.472604 0.640034
0 0.523787 0.500920 0.499060 0.646521
0 0.522701 0.499401 0.474633 0.632069
0 0.525476 0.503999 0.487123 0.634181
0 0.523001 0.504536 0.497639 0.634148
0 0.518080 0.516468 0.494624 0.635680
0 0.515752 0.508452 0.494590 0.630863
0 0.517925 0.503676 0.486126 0.637492
0 0.525077 0.507457 0.500434 0.657836
0 0.529335 0.500216 0.493996 0.666275
0 0.536060 0.507586 0.501460 0.673134
0 0.527314 0.497686 0.494110 0.671865
0 0.529903 0.499821 0.491482 0.667975
0 0.528809 0.498383 0.496783 0.678020
0 0.528636 0.498829 0.489914 0.676393
0 0.528569 0.505239 0.498261 0.661186
0 0.529521 0.504541 0.484892 0.669040
0 0.523012 0.510285 0.488558 0.651935
0 0.532043 0.508587 0.486912 0.646050
0 0.518035 0.504618 0.482943 0.631277
0 0.524187 0.521972 0.502190 0.647814
0 0.526231 0.510587 0.496018 0.644423
0 0.531929 0.519748 0.503352 0.652223
0 0.524622 0.510177 0.502239 0.644549
0 0.525554 0.516398 0.499794 0.637602
0 0.526974 0.514249 0.493471 0.638922
0 0.527774 0.516715 0.489314 0.635090
0 0.520267 0.525230 0.499563 0.628436
0 0.524002 0.532405 0.506265 0.615558
0 0.522172 0.528778 0.500835 0.630663
0 0.524738 0.535525 0.486625 0.599301
0 0.524662 0.537049 0.502517 0.599018
0 0.520877 0.549670 0.493669 0.571574