0 0.615428 0.405718 0.343535 0.490167
0 0.606920 0.406532 0.355179 0.509911
0 0.615038 0.413668 0.347550 0.493152
0 0.617977 0.407876 0.351529 0.496717
0 0.618594 0.400731 0.353851 0.499524
0 0.601511 0.418061 0.348080 0.526994
0 0.613734 0.416505 0.358183 0.501621
0 0.612908 0.412930 0.355873 0.508466
0 0.615030 0.412945 0.357496 0.510082
0 0.617445 0.406804 0.363595 0.506171
0 0.623123 0.399422 0.356766 0.502165
0 0.596486 0.435716 0.342967 0.539238
0 0.612925 0.426781 0.360002 0.518975
0 0.609111 0.423173 0.356770 0.525867
0 0.615872 0.423507 0.363756 0.528729
0 0.620598 0.416919 0.367898 0.521908
0 0.620883 0.406652 0.356397 0.500144
0 0.597770 0.428154 0.346548 0.530897
0 0.610727 0.418439 0.360984 0.510543
0 0.606258 0.420787 0.353634 0.521493
0 0.612427 0.416870 0.358802 0.515149
0 0.615749 0.413353 0.364123 0.515129
0 0.617506 0.406502 0.355032 0.510971
0 0.627667 0.407692 0.333761 0.496760
0 0.595681 0.433146 0.348649 0.526501
0 0.607116 0.420930 0.365059 0.529894
0 0.608220 0.416046 0.354302 0.526409
0 0.609349 0.414996 0.360640 0.520837
0 0.613544 0.412032 0.358021 0.517099
0 0.610320 0.408007 0.348016 0.518707
0 0.595614 0.437944 0.366011 0.509343
0 0.604037 0.427401 0.366217 0.524261
0 0.608150 0.416521 0.353930 0.516907
0 0.604285 0.415092 0.366698 0.511871
0 0.609583 0.410647 0.366571 0.510971
0 0.618008 0.416374 0.348609 0.508959
0 0.599382 0.444800 0.365336 0.524210
0 0.601381 0.429077 0.353215 0.515845
0 0.597356 0.421739 0.358041 0.514206
0 0.605634 0.427664 0.354193 0.519912
0 0.594476 0.441927 0.355712 0.524509