0 0.510053 0.336072 0.273998 0.372318
0 0.512000 0.336570 0.278022 0.375411
0 0.510341 0.336866 0.278172 0.369079
0 0.507878 0.339825 0.279050 0.374914
0 0.509734 0.341171 0.276748 0.377499
0 0.511211 0.341528 0.281225 0.379852
0 0.510835 0.341758 0.280871 0.372580
0 0.509595 0.338074 0.278503 0.379493
0 0.509983 0.338439 0.281602 0.378866
0 0.510048 0.337572 0.280150 0.377001
0 0.509770 0.336688 0.277026 0.380473
0 0.510347 0.335592 0.277622 0.382839
0 0.508664 0.336717 0.277976 0.382337
0 0.509370 0.337448 0.276501 0.384441
0 0.509775 0.336537 0.277734 0.384845
0 0.509153 0.335185 0.277823 0.385496
0 0.508450 0.336521 0.275877 0.385209
0 0.508840 0.335162 0.275057 0.381748
0 0.509871 0.333967 0.275641 0.384587
0 0.509286 0.333463 0.275713 0.393009
0 0.508802 0.334520 0.274387 0.386706
0 0.512294 0.334563 0.284765 0.389091
0 0.514892 0.339346 0.284900 0.377826
0 0.512269 0.341939 0.288523 0.383599
0 0.509391 0.340984 0.292302 0.382717
0 0.510736 0.338606 0.284351 0.382073
0 0.513291 0.339353 0.286451 0.372303
0 0.512712 0.342493 0.285237 0.369815
0 0.512939 0.337015 0.284690 0.368833
0 0.512451 0.338489 0.287290 0.378636
0 0.511420 0.340753 0.284906 0.381322
0 0.509784 0.341713 0.286553 0.388183
0 0.508715 0.340343 0.283312 0.378605
0 0.510955 0.340308 0.284344 0.379706
0 0.512065 0.337285 0.289558 0.383528
0 0.514299 0.337839 0.290120 0.376664
0 0.512098 0.343187 0.284370 0.370781
0 0.509425 0.338834 0.282276 0.384347
0 0.509557 0.339531 0.284872 0.382408
0 0.508368 0.336415 0.288836 0.378224
0 0.511166 0.336496 0.288728 0.376886
0 0.510734 0.336373 0.284280 0.387019
0 0.510181 0.343705 0.281370 0.384334
0 0.508319 0.342157 0.285241 0.391783
0 0.508978 0.341147 0.286878 0.387929
0 0.511532 0.342483 0.285796 0.391063
0 0.518062 0.347099 0.286093 0.396773
0 0.513584 0.340956 0.284861 0.397737
0 0.510519 0.343952 0.285691 0.395230
0 0.514915 0.346545 0.294128 0.389499