0 0.876792 0.539414 0.022598 0.027466
0 0.026978 0.542753 0.024536 0.027566
0 0.027709 0.542619 0.024633 0.028029
0 0.875773 0.539872 0.024118 0.028070
0 0.875976 0.539964 0.023341 0.027629
0 0.981536 0.548784 0.027637 0.031922
0 0.980921 0.548590 0.029659 0.034287
0 0.981383 0.548531 0.027807 0.031943
0 0.981324 0.548291 0.029769 0.035343
0 0.442687 0.616104 0.446476 0.596811
0 0.448115 0.610764 0.447722 0.595615
0 0.459041 0.628352 0.474119 0.566423
0 0.451537 0.617099 0.465981 0.585661
0 0.453075 0.618273 0.460050 0.574024
0 0.440685 0.616850 0.462199 0.581494
0 0.435189 0.616234 0.456547 0.586334
0 0.445046 0.608950 0.461037 0.577477
0 0.445287 0.612674 0.455850 0.584264
0 0.447632 0.605109 0.450122 0.583653
0 0.449798 0.611233 0.451359 0.591919
0 0.453428 0.604243 0.441548 0.604972
0 0.454839 0.604822 0.438676 0.623794
0 0.456763 0.624626 0.477196 0.558535
0 0.447707 0.612669 0.463145 0.542030
0 0.449862 0.613349 0.457039 0.541275
0 0.451365 0.611192 0.461590 0.550645
0 0.446444 0.606008 0.461858 0.556062
0 0.443669 0.607837 0.464871 0.543798
0 0.441320 0.605872 0.456215 0.551695
0 0.444683 0.600513 0.465633 0.539977
0 0.448638 0.608084 0.447801 0.538124
0 0.445078 0.599088 0.457243 0.543000
0 0.448640 0.603774 0.452411 0.548462
0 0.449344 0.592962 0.446692 0.550534
0 0.446325 0.600342 0.447108 0.564353
0 0.453464 0.599200 0.442380 0.573325
0 0.455286 0.614084 0.465178 0.553980
0 0.449575 0.611648 0.458697 0.534684
0 0.449425 0.607801 0.448297 0.538755
0 0.451176 0.609126 0.461775 0.552344
0 0.447638 0.608022 0.456918 0.560168
0 0.450200 0.605496 0.468320 0.551661
0 0.448404 0.607855 0.454752 0.559271
0 0.446505 0.602316 0.465613 0.546535
0 0.448203 0.605526 0.451845 0.547704
0 0.447259 0.597040 0.464865 0.549611
0 0.452006 0.598699 0.456106 0.557449
0 0.447764 0.594865 0.446253 0.535175
0 0.449318 0.594468 0.445959 0.552465
0 0.447833 0.599428 0.455969 0.561017
0 0.454805 0.614390 0.465388 0.540932
0 0.444377 0.610526 0.464236 0.532982
0 0.444340 0.607833 0.450483 0.535252
0 0.450915 0.604218 0.471769 0.543312
0 0.452283 0.601275 0.456658 0.539182
0 0.451185 0.599585 0.474001 0.547522
0 0.451282 0.601907 0.457501 0.538758
0 0.444149 0.598478 0.462061 0.546334
0 0.448380 0.604010 0.451751 0.538676
0 0.441537 0.593674 0.461467 0.561736
0 0.444592 0.600014 0.447396 0.548613
0 0.448385 0.596844 0.446589 0.552110
0 0.453048 0.592343 0.441417 0.561133
0 0.443841 0.594379 0.461890 0.558259
0 0.454871 0.611656 0.474432 0.548603
0 0.440545 0.608233 0.452926 0.533014
0 0.444762 0.605967 0.455941 0.547142
0 0.449688 0.607121 0.459844 0.530563
0 0.452927 0.601305 0.471016 0.544286
0 0.449088 0.599279 0.469913 0.558162
0 0.449875 0.600548 0.460468 0.548228
0 0.444087 0.600159 0.461733 0.562220
0 0.444158 0.601913 0.458950 0.555857
0 0.444169 0.601961 0.465384 0.565721
0 0.445286 0.601907 0.445386 0.545485
0 0.451614 0.599517 0.458926 0.562009
0 0.454413 0.598819 0.441448 0.561349
0 0.442386 0.599588 0.466262 0.551305
0 0.435687 0.620662 0.442259 0.524705
0 0.447188 0.614552 0.450237 0.544895
0 0.448055 0.615213 0.456174 0.518739
0 0.453091 0.612736 0.471639 0.540735
0 0.443422 0.612787 0.458317 0.535292
0 0.444495 0.614127 0.470739 0.544762
0 0.442790 0.611778 0.465239 0.538522
0 0.445275 0.608802 0.471475 0.540084
0 0.445608 0.610333 0.468920 0.547526
0 0.447663 0.605834 0.467292 0.541090
0 0.455313 0.619870 0.458307 0.539485
0 0.454116 0.616272 0.449376 0.545473
0 0.446243 0.615194 0.478398 0.538237
0 0.443098 0.603718 0.443406 0.558351
0 0.448369 0.598759 0.462847 0.576067
0 0.446552 0.599430 0.488080 0.584123
0 0.448320 0.598739 0.463191 0.585090