0 0.401311 0.286692 0.140645 0.242000
0 0.400830 0.285361 0.140242 0.241483
0 0.404300 0.283667 0.136522 0.242459
0 0.401104 0.289071 0.138375 0.243450
0 0.402552 0.288191 0.137452 0.239045
0 0.400367 0.287359 0.138142 0.237315
0 0.403446 0.287024 0.137063 0.239526
0 0.403199 0.283185 0.137432 0.248728
0 0.399604 0.287186 0.138824 0.238577
0 0.401257 0.289649 0.139443 0.250546
0 0.402507 0.290095 0.139975 0.242621
0 0.399248 0.292030 0.140153 0.240159
0 0.402502 0.288966 0.140728 0.243053
0 0.402905 0.287051 0.141790 0.242370
0 0.399705 0.289916 0.141238 0.243836
0 0.401690 0.287709 0.139788 0.247894
0 0.401899 0.287982 0.137911 0.242117
0 0.399597 0.289212 0.140578 0.245636
0 0.402083 0.289405 0.141565 0.250009
0 0.402993 0.288742 0.139518 0.245725
0 0.399099 0.293880 0.142567 0.241943
0 0.400455 0.289277 0.141569 0.247071
0 0.402193 0.288837 0.139186 0.243372
0 0.399828 0.289260 0.140976 0.247387
0 0.400787 0.290249 0.136428 0.245931
0 0.403292 0.289525 0.137877 0.245949
0 0.402894 0.291639 0.139664 0.251048
0 0.402936 0.289510 0.135395 0.244308
0 0.400573 0.289446 0.139221 0.247867
0 0.402766 0.290926 0.139782 0.248509
0 0.405818 0.293270 0.139288 0.251484
0 0.404106 0.286690 0.137165 0.251062
0 0.403270 0.289627 0.140023 0.253084
0 0.406182 0.292372 0.139559 0.250722