0 0.085366 0.547772 0.039527 0.047250
0 0.147039 0.535462 0.013673 0.017388
0 0.206183 0.532455 0.010764 0.013598
0 0.085430 0.548289 0.039297 0.046299
0 0.085520 0.548989 0.038422 0.045318
0 0.084955 0.549448 0.038233 0.044668
0 0.084955 0.549052 0.038080 0.044741
0 0.084771 0.549098 0.037023 0.044580
0 0.932729 0.555754 0.019200 0.025525
0 0.516145 0.395917 0.338780 0.418124
0 0.513371 0.392406 0.340154 0.416662
0 0.512748 0.401004 0.343595 0.409866
0 0.509716 0.401686 0.336974 0.403246
0 0.512303 0.398714 0.344789 0.402675
0 0.514486 0.397191 0.339303 0.410662
0 0.514846 0.399289 0.338769 0.403808
0 0.511149 0.398151 0.332124 0.399142
0 0.512839 0.398645 0.335066 0.400864
0 0.509795 0.395986 0.334629 0.405781
0 0.514876 0.395434 0.340989 0.399770
0 0.515291 0.401227 0.343248 0.413993
0 0.514418 0.400666 0.341943 0.399869
0 0.512442 0.400524 0.337713 0.399144
0 0.506511 0.401599 0.330020 0.398289
0 0.508112 0.399175 0.336927 0.404813
0 0.514468 0.395339 0.332260 0.405971
0 0.513139 0.401839 0.339279 0.392537
0 0.515123 0.397241 0.340756 0.401472
0 0.512509 0.402342 0.333762 0.400269
0 0.508412 0.399064 0.339897 0.400588
0 0.511255 0.401313 0.334305 0.403718
0 0.508962 0.395821 0.336961 0.405649
0 0.513175 0.397325 0.337925 0.396708
0 0.512687 0.399214 0.331400 0.397341
0 0.511523 0.401982 0.335431 0.401996
0 0.509935 0.400690 0.335842 0.407910
0 0.512455 0.398107 0.341288 0.421973
0 0.513200 0.403491 0.339144 0.397522
0 0.516028 0.401720 0.324338 0.387953
0 0.512303 0.401619 0.328349 0.402594
0 0.511518 0.404182 0.337304 0.406590