0 0.553185 0.316029 0.294563 0.424475
0 0.555978 0.316459 0.294940 0.421568
0 0.552223 0.315230 0.300872 0.418709
0 0.552562 0.316283 0.296496 0.420575
0 0.551195 0.315210 0.298422 0.420428
0 0.553247 0.317130 0.293863 0.413824
0 0.556374 0.318802 0.303129 0.416864
0 0.552386 0.318978 0.299501 0.421885
0 0.550660 0.321269 0.297283 0.413055
0 0.552267 0.315614 0.293421 0.413295
0 0.551326 0.317608 0.293372 0.420282
0 0.552711 0.318586 0.289217 0.405724
0 0.556883 0.324395 0.301314 0.418533
0 0.550363 0.319719 0.296477 0.418788
0 0.548651 0.319684 0.299996 0.414743
0 0.550388 0.319108 0.297931 0.415136
0 0.551431 0.317891 0.301102 0.419439
0 0.551006 0.319409 0.286927 0.413520
0 0.555722 0.325076 0.297527 0.421426
0 0.549090 0.320179 0.294782 0.423220
0 0.546121 0.323744 0.304440 0.419162
0 0.550018 0.322069 0.298443 0.419802
0 0.551193 0.320977 0.299428 0.419038
0 0.551339 0.322309 0.296721 0.422979
0 0.548925 0.320855 0.293941 0.428110
0 0.548430 0.321157 0.290034 0.416893
0 0.548811 0.321232 0.295312 0.429024
0 0.547543 0.319016 0.293411 0.432299
0 0.555779 0.321880 0.302121 0.429016
0 0.553286 0.323440 0.291570 0.434365