0 0.471913 0.297626 0.335470 0.457867
0 0.470339 0.295742 0.344452 0.456675
0 0.471238 0.308591 0.344264 0.452792
0 0.471483 0.307425 0.338637 0.457536
0 0.473964 0.307331 0.342195 0.463765
0 0.475283 0.302096 0.342556 0.446912
0 0.471751 0.306921 0.341212 0.444814
0 0.469782 0.304720 0.339647 0.444608
0 0.468355 0.306183 0.336209 0.438996
0 0.470075 0.303513 0.339324 0.445155
0 0.470774 0.299162 0.349655 0.434622
0 0.473529 0.303955 0.338957 0.449727
0 0.473898 0.303314 0.334873 0.444300
0 0.471074 0.304747 0.339144 0.437757
0 0.465406 0.306193 0.326699 0.435611
0 0.467925 0.309259 0.325644 0.437705
0 0.472303 0.308190 0.349691 0.457433
0 0.471440 0.302773 0.348066 0.438007
0 0.473447 0.299083 0.332179 0.442059
0 0.472689 0.305611 0.332239 0.439862
0 0.464978 0.306792 0.326910 0.426882
0 0.468090 0.308831 0.332303 0.425732
0 0.468550 0.307718 0.332030 0.439046
0 0.474359 0.313269 0.351045 0.448116
0 0.470779 0.304383 0.339529 0.432348
0 0.469517 0.306423 0.334038 0.427297
0 0.467042 0.306493 0.336129 0.432760
0 0.469388 0.306614 0.333808 0.422171
0 0.469324 0.304640 0.336705 0.444823
0 0.464046 0.308968 0.329450 0.436951
0 0.471996 0.305921 0.342369 0.426315
0 0.467853 0.305647 0.336513 0.442810
0 0.465948 0.305474 0.341992 0.437721
0 0.473741 0.309516 0.344369 0.457499
0 0.468138 0.304615 0.350138 0.458121