0 0.554699 0.341514 0.281229 0.360738
0 0.554942 0.342781 0.282934 0.358013
0 0.554588 0.341671 0.285521 0.357781
0 0.554112 0.341151 0.287053 0.349710
0 0.555808 0.342830 0.282877 0.357108
0 0.556122 0.344032 0.285215 0.357683
0 0.555768 0.345658 0.288468 0.353305
0 0.557059 0.346191 0.291674 0.346403
0 0.556100 0.343196 0.288342 0.348659
0 0.556004 0.343006 0.282104 0.355544
0 0.558177 0.344424 0.283616 0.356411
0 0.556195 0.345655 0.286371 0.355129
0 0.557043 0.347774 0.290288 0.342258
0 0.555366 0.343352 0.285048 0.346143
0 0.557497 0.344902 0.279208 0.352834
0 0.558675 0.344419 0.281668 0.352162
0 0.556396 0.345749 0.285534 0.351038
0 0.557136 0.348349 0.286691 0.338226
0 0.556536 0.344297 0.283796 0.345888
0 0.558209 0.346147 0.279403 0.353060
0 0.558407 0.344879 0.281807 0.350238
0 0.556924 0.346495 0.283855 0.352713
0 0.558392 0.349569 0.290060 0.340233
0 0.557371 0.345469 0.283027 0.344426
0 0.557912 0.346189 0.282425 0.345106
0 0.557062 0.344575 0.281166 0.349704
0 0.557773 0.345720 0.284110 0.353059
0 0.559590 0.350690 0.289583 0.344789
0 0.556280 0.347586 0.282162 0.341016
0 0.557702 0.345069 0.279286 0.345502
0 0.556756 0.344646 0.279735 0.353214
0 0.558022 0.346068 0.281278 0.355153
0 0.560479 0.350765 0.288838 0.344359
0 0.557801 0.350359 0.274577 0.341050
0 0.558708 0.350370 0.277831 0.336551
0 0.560445 0.351445 0.283343 0.345089
0 0.559625 0.343823 0.289709 0.357851
0 0.559400 0.348594 0.287321 0.362300
0 0.557381 0.346475 0.294219 0.364889
0 0.559309 0.344394 0.291531 0.352897
0 0.557305 0.345356 0.294452 0.348846
0 0.558495 0.352163 0.288090 0.346587
0 0.559611 0.350180 0.293739 0.348318
0 0.558626 0.343233 0.292694 0.361221
0 0.561076 0.340953 0.288050 0.359114
0 0.556295 0.350734 0.292884 0.362211
0 0.556894 0.351798 0.288409 0.350101
0 0.554721 0.349735 0.290368 0.359134
0 0.557231 0.350454 0.291721 0.357805
0 0.556285 0.349125 0.291018 0.348335
0 0.557851 0.347796 0.284308 0.348552
0 0.556976 0.344677 0.286950 0.355830
0 0.556940 0.351182 0.285207 0.351469
0 0.559917 0.352214 0.287926 0.352967
0 0.556154 0.351852 0.289743 0.353086
0 0.556769 0.348422 0.293128 0.356558
0 0.554124 0.351230 0.278589 0.346221
0 0.554893 0.350018 0.282097 0.356239
0 0.557716 0.352609 0.282117 0.349347
0 0.558932 0.350775 0.287750 0.359733
0 0.562125 0.354696 0.287629 0.357217
0 0.559776 0.351281 0.282743 0.347815
0 0.561267 0.355199 0.283597 0.347970
0 0.562398 0.356802 0.288417 0.345422