0 0.484197 0.306658 0.289921 0.336861
0 0.484627 0.306467 0.284392 0.334214
0 0.484310 0.306980 0.283584 0.337975
0 0.482801 0.307060 0.286912 0.331950
0 0.487043 0.310562 0.299389 0.336049
0 0.485711 0.313611 0.289926 0.347757
0 0.485361 0.315440 0.289753 0.353688
0 0.483330 0.314223 0.293800 0.348796
0 0.483709 0.311231 0.297514 0.342705
0 0.487955 0.314833 0.304248 0.346637
0 0.486274 0.317013 0.293953 0.360315
0 0.486756 0.320757 0.289703 0.355932
0 0.483292 0.319558 0.296005 0.353456
0 0.483653 0.317299 0.300213 0.344873
0 0.487102 0.318377 0.289163 0.348042
0 0.486540 0.320597 0.282539 0.345796
0 0.482825 0.320095 0.286073 0.345864
0 0.489831 0.317258 0.303991 0.335340
0 0.485832 0.318981 0.285573 0.341108
0 0.486938 0.321195 0.281805 0.340304
0 0.486293 0.322636 0.282400 0.341979
0 0.485668 0.319242 0.284547 0.342003
0 0.484528 0.310356 0.293057 0.357637
0 0.481961 0.319143 0.296876 0.348895
0 0.484317 0.322132 0.298353 0.351621
0 0.488117 0.324974 0.302584 0.354654
0 0.485786 0.321391 0.298211 0.356223
0 0.488145 0.319226 0.294365 0.352978
0 0.482652 0.323313 0.296347 0.353602
0 0.488448 0.322976 0.293544 0.353810
0 0.485102 0.322710 0.296527 0.361550
0 0.486203 0.319499 0.295036 0.346096
0 0.487942 0.324144 0.300270 0.365314
0 0.480994 0.323971 0.300454 0.365420
0 0.486728 0.323769 0.296906 0.364636
0 0.482645 0.324614 0.295690 0.359312
0 0.480698 0.325961 0.297379 0.362011
0 0.483609 0.323052 0.296454 0.376640
0 0.491276 0.329257 0.292191 0.354957
0 0.486240 0.320681 0.293877 0.363871
0 0.486744 0.324626 0.298388 0.367930
0 0.483485 0.317800 0.302189 0.369605
0 0.482373 0.321156 0.293974 0.370130
0 0.486285 0.329594 0.286561 0.366361
0 0.485795 0.329037 0.289760 0.366976
0 0.482997 0.328878 0.296289 0.375704
0 0.483450 0.329668 0.300063 0.382996