0 0.565402 0.269028 0.189798 0.320771
0 0.565017 0.274045 0.194797 0.319032
0 0.565970 0.275335 0.197465 0.319248
0 0.567500 0.274725 0.198143 0.314485
0 0.561681 0.272624 0.194331 0.303761
0 0.563429 0.273940 0.197666 0.298586
0 0.564873 0.273601 0.197645 0.299107
0 0.564189 0.274927 0.198530 0.303626
0 0.566418 0.272413 0.196218 0.311385
0 0.562324 0.275655 0.195043 0.298754
0 0.563736 0.275272 0.199837 0.305760
0 0.564857 0.274934 0.198107 0.304819
0 0.563513 0.272445 0.197943 0.306626
0 0.563740 0.272720 0.193710 0.300743
0 0.562485 0.274725 0.195110 0.306703
0 0.565921 0.275664 0.199100 0.313268
0 0.565305 0.276052 0.196045 0.312838
0 0.563505 0.273537 0.196674 0.311542
0 0.564814 0.272655 0.196632 0.311324
0 0.562765 0.275378 0.194165 0.305337
0 0.566986 0.275393 0.195893 0.308418
0 0.564777 0.275489 0.196003 0.310031
0 0.564797 0.274052 0.196524 0.309114
0 0.565325 0.273564 0.195803 0.308282
0 0.562196 0.278647 0.195595 0.301085
0 0.566194 0.279100 0.193767 0.305285
0 0.565635 0.275754 0.194059 0.306826
0 0.564546 0.274543 0.190347 0.309253
0 0.565502 0.274662 0.191327 0.306959
0 0.560401 0.281679 0.196252 0.298513
0 0.564350 0.279023 0.197094 0.309879
0 0.565216 0.277566 0.194562 0.308196
0 0.563794 0.275230 0.187170 0.307481
0 0.567517 0.277580 0.189047 0.309859
0 0.563130 0.281175 0.189079 0.302379
0 0.564601 0.279244 0.188718 0.305744
0 0.564997 0.280035 0.186667 0.307647
0 0.564128 0.281528 0.190127 0.309711
0 0.563206 0.272325 0.198211 0.307810
0 0.563861 0.269272 0.202756 0.313805
0 0.562717 0.270111 0.200344 0.314808
0 0.563118 0.273568 0.191944 0.305385
0 0.564093 0.267663 0.200619 0.314607
0 0.561243 0.273040 0.199718 0.308733
0 0.563174 0.271858 0.203963 0.311733
0 0.562139 0.277510 0.199859 0.304919
0 0.564852 0.276555 0.202025 0.309377
0 0.563554 0.277864 0.197562 0.305150