0 0.420342 0.186319 0.099465 0.157132
0 0.423014 0.187130 0.111206 0.155002
0 0.421837 0.190411 0.101143 0.146309
0 0.422468 0.186846 0.107224 0.154949
0 0.422953 0.190588 0.100746 0.143863
0 0.422895 0.187256 0.107418 0.153866
0 0.422732 0.187488 0.108561 0.153535
0 0.419574 0.192413 0.102465 0.145607
0 0.420312 0.190646 0.108686 0.153718
0 0.421457 0.190607 0.101437 0.149852
0 0.422545 0.190288 0.106327 0.157282
0 0.422095 0.191068 0.102760 0.146236
0 0.422166 0.189323 0.106809 0.154133
0 0.422742 0.188506 0.107848 0.153177
0 0.421077 0.190149 0.108097 0.153349
0 0.421239 0.190303 0.103450 0.150456
0 0.422033 0.190160 0.108409 0.154703
0 0.421782 0.190640 0.102670 0.146902
0 0.422130 0.190086 0.107420 0.154038
0 0.421592 0.189710 0.108295 0.151446
0 0.420626 0.191298 0.101351 0.149207