0 0.507929 0.379469 0.314243 0.437261
0 0.507512 0.383591 0.314490 0.429553
0 0.510727 0.374333 0.324240 0.424627
0 0.509806 0.378688 0.323732 0.421562
0 0.508522 0.380478 0.323874 0.427825
0 0.507010 0.378782 0.321783 0.422540
0 0.512130 0.376441 0.330250 0.440261
0 0.514614 0.377771 0.326743 0.436060
0 0.511365 0.380283 0.323447 0.433902
0 0.511226 0.380758 0.324183 0.438157
0 0.510831 0.381435 0.322999 0.429015
0 0.507626 0.380897 0.323708 0.432102
0 0.514452 0.377679 0.329930 0.432924
0 0.514619 0.379526 0.332077 0.442805
0 0.509086 0.382416 0.323832 0.430585
0 0.508985 0.383419 0.325602 0.436646
0 0.508440 0.381876 0.321553 0.436932
0 0.507775 0.381269 0.323913 0.434810
0 0.515770 0.382903 0.313127 0.431431
0 0.510806 0.381298 0.330415 0.435759
0 0.513821 0.379733 0.329983 0.440692
0 0.511445 0.382683 0.321543 0.442888
0 0.508818 0.383643 0.327168 0.437705
0 0.510680 0.381542 0.325213 0.438611
0 0.508746 0.378906 0.327885 0.440744
0 0.511749 0.387144 0.329853 0.441226
0 0.510189 0.382504 0.321521 0.441941
0 0.510910 0.381221 0.323058 0.440464
0 0.510175 0.380126 0.323390 0.440671
0 0.510090 0.382173 0.323781 0.451063
0 0.512763 0.380494 0.319909 0.444544
0 0.513175 0.377659 0.322671 0.449896
0 0.512585 0.383036 0.320784 0.450341