0 0.451592 0.482159 0.510812 0.740326
0 0.466246 0.491151 0.520439 0.731008
0 0.471976 0.484940 0.530322 0.729933
0 0.472976 0.489424 0.527985 0.724389
0 0.477114 0.486556 0.532441 0.712011
0 0.480129 0.490902 0.539529 0.697994
0 0.455379 0.476689 0.503498 0.719227
0 0.463356 0.484712 0.506979 0.697104
0 0.464593 0.476864 0.515816 0.681110
0 0.478233 0.494786 0.525381 0.700786
0 0.469335 0.481245 0.531026 0.694908
0 0.480937 0.494837 0.531313 0.703117
0 0.471094 0.484591 0.523864 0.698154
0 0.477254 0.496249 0.528246 0.710283
0 0.474194 0.487040 0.519513 0.697002
0 0.477810 0.495539 0.534146 0.708723
0 0.478045 0.498968 0.538516 0.698611
0 0.483564 0.501873 0.525463 0.681542
0 0.456146 0.473505 0.507086 0.714515
0 0.465177 0.495667 0.529914 0.708636
0 0.468036 0.494771 0.518856 0.698058
0 0.467821 0.490937 0.537533 0.699230
0 0.481743 0.500466 0.535471 0.705263
0 0.471039 0.487940 0.550401 0.709913
0 0.478983 0.495190 0.537682 0.694754
0 0.474063 0.482747 0.534627 0.692848
0 0.480569 0.492272 0.527660 0.691847
0 0.474464 0.485150 0.540379 0.682872
0 0.479194 0.494198 0.534673 0.677730
0 0.473866 0.490939 0.534115 0.664816
0 0.472284 0.494853 0.531491 0.672190
0 0.479364 0.498875 0.523468 0.661066
0 0.486940 0.511774 0.515904 0.679600
0 0.455074 0.474375 0.506946 0.676331
0 0.465169 0.484221 0.518084 0.687451
0 0.470839 0.477173 0.515784 0.669071
0 0.467891 0.472016 0.536036 0.658952
0 0.475763 0.473613 0.526720 0.660271
0 0.471858 0.469234 0.551938 0.664818
0 0.477295 0.475743 0.539069 0.661584
0 0.467348 0.466664 0.529847 0.640980
0 0.471533 0.475802 0.532491 0.664500
0 0.467967 0.467230 0.544892 0.644868
0 0.471399 0.477279 0.534082 0.651784
0 0.473309 0.474217 0.541434 0.622382
0 0.468483 0.477644 0.533027 0.636981
0 0.472568 0.484642 0.534641 0.624598
0 0.473515 0.491707 0.540047 0.635807
0 0.459642 0.468491 0.518201 0.673665
0 0.472196 0.480219 0.528712 0.686673
0 0.468609 0.476120 0.521183 0.688688
0 0.468426 0.471483 0.533403 0.662880
0 0.472133 0.470863 0.527653 0.673880
0 0.475265 0.469900 0.552221 0.668635
0 0.480149 0.470818 0.543331 0.671066
0 0.468735 0.470814 0.529422 0.662133
0 0.473464 0.472852 0.531577 0.678312
0 0.467086 0.471205 0.533117 0.657005
0 0.473569 0.474465 0.529313 0.669157
0 0.478916 0.475957 0.531855 0.632429
0 0.478520 0.474576 0.534920 0.664759
0 0.469251 0.484827 0.548858 0.639208
0 0.463614 0.488916 0.553226 0.621250
0 0.480095 0.498110 0.529735 0.656155
0 0.458265 0.462890 0.511905 0.653478
0 0.465993 0.471758 0.525768 0.664497
0 0.465669 0.468880 0.525974 0.676603
0 0.464976 0.469704 0.525366 0.665281
0 0.475460 0.463624 0.533937 0.685044
0 0.478291 0.463195 0.548475 0.674849
0 0.487517 0.463984 0.543274 0.665951
0 0.464264 0.466991 0.525474 0.672350
0 0.468487 0.464891 0.526316 0.672910
0 0.466585 0.468828 0.516473 0.665015
0 0.471187 0.464051 0.517068 0.668586
0 0.476769 0.482020 0.512413 0.633928
0 0.477878 0.478983 0.520467 0.664695
0 0.468851 0.492280 0.541478 0.649639
0 0.453174 0.492003 0.563176 0.646490
0 0.474170 0.500887 0.524689 0.658518
0 0.460315 0.478167 0.511355 0.642452
0 0.473071 0.478534 0.527696 0.661027
0 0.465808 0.483352 0.513518 0.661698
0 0.465909 0.478837 0.509280 0.659004
0 0.475115 0.476508 0.513951 0.669135
0 0.477220 0.479705 0.541232 0.657079
0 0.484789 0.480065 0.542899 0.661251
0 0.470036 0.477835 0.515001 0.667739
0 0.472385 0.471396 0.519046 0.665842
0 0.473887 0.485121 0.510990 0.663182
0 0.472017 0.476384 0.513916 0.667645
0 0.478611 0.491463 0.515229 0.638061
0 0.477871 0.485687 0.519479 0.662235
0 0.473359 0.496382 0.536591 0.665104
0 0.463005 0.496307 0.572251 0.680303
0 0.485947 0.510461 0.547385 0.696663
0 0.473189 0.503014 0.524911 0.647136
0 0.468390 0.501357 0.504153 0.639114
0 0.461639 0.492289 0.494245 0.656954
0 0.475334 0.497541 0.500067 0.665694
0 0.479212 0.493548 0.525232 0.647835
0 0.487105 0.499379 0.541022 0.653691
0 0.474883 0.495104 0.523711 0.652228
0 0.476008 0.491491 0.534504 0.654984
0 0.477728 0.496996 0.519050 0.659974
0 0.477783 0.490744 0.530238 0.673623
0 0.480608 0.505388 0.520926 0.632745
0 0.478992 0.497426 0.527879 0.665637
0 0.477165 0.500237 0.535948 0.656385
0 0.463665 0.501354 0.562350 0.681218
0 0.470133 0.525154 0.523466 0.617048
0 0.468250 0.505412 0.526008 0.673100
0 0.479491 0.504308 0.533545 0.644749
0 0.491492 0.506982 0.556113 0.663369
0 0.475456 0.502748 0.527708 0.656137
0 0.479008 0.500947 0.548925 0.676749
0 0.485151 0.507296 0.543004 0.685495
0 0.469783 0.503560 0.531419 0.680517
0 0.467785 0.519299 0.563514 0.682648
0 0.493801 0.521481 0.580137 0.657765