0 0.435782 0.506303 0.581934 0.781598
0 0.433522 0.501915 0.577245 0.775769
0 0.431038 0.504931 0.572738 0.765472
0 0.423489 0.483440 0.565821 0.742923
0 0.422436 0.481121 0.543560 0.725199
0 0.433159 0.485071 0.551825 0.736450
0 0.435826 0.483035 0.561119 0.725478
0 0.436912 0.487476 0.555098 0.721382
0 0.435967 0.483721 0.549840 0.715531
0 0.443878 0.486955 0.537334 0.715196
0 0.420221 0.479966 0.549690 0.719437
0 0.433244 0.481766 0.575467 0.726643
0 0.415241 0.471503 0.527340 0.684194
0 0.431112 0.485415 0.549482 0.704854
0 0.419804 0.473434 0.543344 0.702554
0 0.434968 0.491189 0.550965 0.715633
0 0.432535 0.465443 0.556508 0.691514
0 0.445830 0.485446 0.565569 0.711503
0 0.435727 0.471396 0.546941 0.677350
0 0.440998 0.489279 0.572943 0.713734
0 0.439679 0.466842 0.533809 0.666096
0 0.434103 0.482575 0.557295 0.698562
0 0.437464 0.497709 0.543884 0.732587
0 0.435295 0.496599 0.556086 0.755180
0 0.414573 0.464715 0.552071 0.719889
0 0.415260 0.469375 0.555717 0.689363
0 0.430502 0.469402 0.578436 0.687123
0 0.411220 0.452818 0.523281 0.633523
0 0.421500 0.461660 0.547319 0.655534
0 0.417380 0.450016 0.553466 0.642472
0 0.426143 0.465372 0.561351 0.663500
0 0.433307 0.441355 0.559119 0.617110
0 0.439777 0.453682 0.569922 0.647235
0 0.430502 0.441077 0.547055 0.604800
0 0.432108 0.448486 0.565390 0.639527
0 0.433336 0.444682 0.542621 0.590577
0 0.426598 0.446142 0.559173 0.616828
0 0.430569 0.459335 0.531161 0.631842
0 0.431967 0.472563 0.541824 0.661863
0 0.417594 0.447657 0.550744 0.683455
0 0.413771 0.454097 0.553029 0.672442
0 0.438725 0.450816 0.586047 0.679420
0 0.416045 0.441206 0.537491 0.626860
0 0.422940 0.445400 0.560383 0.657934
0 0.419909 0.436055 0.559897 0.639255
0 0.424758 0.440697 0.570771 0.665471
0 0.430037 0.434696 0.559521 0.625809
0 0.434697 0.441881 0.568550 0.655412
0 0.432232 0.431089 0.552038 0.615856
0 0.431108 0.435041 0.549984 0.638923
0 0.438365 0.442925 0.551280 0.594593
0 0.433453 0.448883 0.570265 0.627190
0 0.428254 0.456101 0.548147 0.626701
0 0.420848 0.467045 0.570724 0.644069
0 0.406350 0.478697 0.622102 0.750457
0 0.423033 0.445219 0.560546 0.665418
0 0.413411 0.447289 0.547521 0.660907
0 0.436208 0.443667 0.588416 0.667914
0 0.415826 0.431532 0.544975 0.629687
0 0.424850 0.430281 0.559956 0.649333
0 0.420840 0.423508 0.560350 0.637635
0 0.426344 0.418785 0.576978 0.654981
0 0.426176 0.422633 0.557206 0.619660
0 0.432722 0.414974 0.562699 0.626518
0 0.427034 0.420873 0.551067 0.601162
0 0.428107 0.419707 0.556876 0.617894
0 0.434481 0.436761 0.543448 0.591356
0 0.433016 0.437893 0.552900 0.608940
0 0.420166 0.447190 0.559244 0.627584
0 0.414318 0.459543 0.586063 0.650485
0 0.404130 0.465830 0.605253 0.726653
0 0.422959 0.442226 0.553226 0.651945
0 0.407040 0.435430 0.541469 0.663460
0 0.437037 0.438194 0.587804 0.675085
0 0.419167 0.431015 0.539356 0.633878
0 0.430600 0.422655 0.562870 0.660345
0 0.420625 0.422900 0.549700 0.649076
0 0.428534 0.412884 0.564810 0.661479
0 0.418907 0.421509 0.543722 0.655108
0 0.423628 0.410192 0.550393 0.658843
0 0.423750 0.423237 0.545501 0.630620
0 0.423723 0.414890 0.555125 0.647246
0 0.432290 0.438291 0.541924 0.614906
0 0.430166 0.426785 0.563075 0.653871
0 0.419478 0.437021 0.566532 0.672577
0 0.412943 0.449369 0.596428 0.699841
0 0.412229 0.460631 0.594256 0.759648
0 0.403522 0.433583 0.510517 0.669248
0 0.426140 0.427805 0.562777 0.722730
0 0.428233 0.422868 0.574745 0.708182
0 0.426984 0.410571 0.568607 0.690671
0 0.421845 0.427161 0.541521 0.667802
0 0.426434 0.406811 0.563908 0.699667
0 0.428170 0.430618 0.531047 0.638416
0 0.430068 0.413044 0.562947 0.687854
0 0.431108 0.434134 0.563956 0.668202
0 0.421297 0.434329 0.573017 0.669148
0 0.428657 0.440099 0.577588 0.702556
0 0.426118 0.429504 0.561788 0.685463
0 0.435133 0.422969 0.576673 0.702445
0 0.440064 0.417744 0.585192 0.688218
0 0.438098 0.416716 0.595172 0.705922
0 0.428796 0.428751 0.593491 0.696530
0 0.415964 0.454848 0.593670 0.686422
0 0.410856 0.447139 0.615731 0.693614
0 0.428056 0.448173 0.608484 0.692717
0 0.410179 0.457184 0.617750 0.672567
0 0.399940 0.467149 0.605760 0.658646