0 0.312352 0.214843 0.066568 0.094147
0 0.312752 0.216164 0.068475 0.089746
0 0.311939 0.215820 0.068021 0.090420
0 0.312391 0.216356 0.069383 0.091650
0 0.312009 0.216599 0.069018 0.091463
0 0.312260 0.215504 0.068126 0.091864
0 0.312387 0.215199 0.071021 0.092799
0 0.514350 0.250368 0.060933 0.074711
0 0.514060 0.251102 0.061837 0.074590
0 0.513824 0.251932 0.061928 0.075272
0 0.513800 0.252376 0.061719 0.076434
0 0.514611 0.251662 0.061198 0.073679
0 0.513697 0.251483 0.061750 0.076387
0 0.513638 0.251460 0.061474 0.076313
0 0.514436 0.252335 0.062132 0.075804
0 0.513385 0.251490 0.061952 0.079419
0 0.514233 0.251762 0.062119 0.078759
0 0.652733 0.175978 0.094040 0.122933
0 0.654656 0.177270 0.092376 0.119543
0 0.653658 0.179596 0.092609 0.120121
0 0.653461 0.179995 0.093694 0.120638
0 0.654674 0.178940 0.093206 0.122340
0 0.311670 0.216425 0.068959 0.096400
0 0.653212 0.180661 0.093498 0.120993
0 0.653230 0.180855 0.093599 0.121360
0 0.653468 0.180658 0.092024 0.120465
0 0.311947 0.216480 0.068152 0.096507
0 0.311938 0.215033 0.070278 0.098009
0 0.312687 0.216094 0.068704 0.096000
0 0.653133 0.181646 0.091997 0.120066
0 0.653613 0.180981 0.091546 0.120276
0 0.312187 0.216850 0.067855 0.096215
0 0.311986 0.215116 0.069069 0.099915
0 0.313202 0.215563 0.070135 0.095200
0 0.513149 0.250355 0.060154 0.076455
0 0.513578 0.250030 0.059536 0.075258
0 0.513381 0.249830 0.059367 0.076124
0 0.512490 0.251071 0.058552 0.076754
0 0.512918 0.250987 0.059046 0.075364
0 0.512824 0.249896 0.058676 0.076629