0 0.527216 0.303777 0.240898 0.325850
0 0.525970 0.304364 0.240013 0.326720
0 0.529017 0.302063 0.241914 0.329510
0 0.525074 0.307861 0.236604 0.329427
0 0.526933 0.309068 0.240335 0.327673
0 0.526600 0.308106 0.243610 0.329876
0 0.527397 0.308699 0.241035 0.329128
0 0.521741 0.307286 0.234576 0.322172
0 0.525043 0.308689 0.237794 0.329133
0 0.525996 0.308897 0.240704 0.328228
0 0.526819 0.309121 0.241690 0.330898
0 0.527625 0.309625 0.241462 0.331620
0 0.529446 0.311199 0.242277 0.328022
0 0.521506 0.309070 0.234153 0.315223
0 0.525894 0.307163 0.237137 0.322071
0 0.527090 0.308542 0.238098 0.328490
0 0.527937 0.308815 0.241886 0.326110
0 0.528447 0.309237 0.243739 0.334041
0 0.530948 0.311312 0.244824 0.328359
0 0.523338 0.309693 0.236935 0.314973
0 0.526215 0.309051 0.241188 0.322800
0 0.527796 0.310507 0.239970 0.329898
0 0.527137 0.310481 0.241263 0.330624
0 0.528398 0.310073 0.241642 0.330491
0 0.531286 0.310914 0.239713 0.324088
0 0.523077 0.309752 0.236477 0.320812
0 0.525984 0.309302 0.238847 0.327677
0 0.528229 0.311035 0.240874 0.326830
0 0.526223 0.310864 0.242586 0.329774
0 0.528139 0.310729 0.244875 0.332591
0 0.531067 0.311494 0.236847 0.322035
0 0.522597 0.310255 0.235289 0.320159
0 0.526974 0.308139 0.240507 0.326906
0 0.526804 0.310438 0.239568 0.324410
0 0.526456 0.311933 0.239384 0.327283
0 0.526673 0.311152 0.240912 0.331767
0 0.531737 0.314111 0.236081 0.322513
0 0.526304 0.312279 0.244631 0.324059
0 0.528045 0.312219 0.243886 0.321587
0 0.528890 0.311512 0.242887 0.324440
0 0.529070 0.312209 0.244184 0.329447
0 0.526379 0.312901 0.237828 0.333141
0 0.529220 0.312560 0.240179 0.332845
0 0.531646 0.314269 0.245028 0.336316
0 0.527973 0.307469 0.244779 0.332958
0 0.525835 0.307205 0.236254 0.328635
0 0.525623 0.306245 0.238641 0.326866
0 0.529220 0.304406 0.241994 0.339290
0 0.526992 0.309238 0.237068 0.334520
0 0.527209 0.311402 0.233279 0.328395
0 0.527297 0.311992 0.237842 0.327379
0 0.527636 0.310661 0.236127 0.328808
0 0.528376 0.310002 0.238581 0.327877
0 0.527939 0.308809 0.237809 0.326859
0 0.529300 0.307734 0.238755 0.331377
0 0.528462 0.309515 0.233983 0.326383
0 0.530202 0.308469 0.235250 0.327484
0 0.527931 0.309480 0.238024 0.324127
0 0.527489 0.309578 0.239741 0.326222
0 0.528541 0.310249 0.237386 0.325474
0 0.528879 0.311103 0.238108 0.324233
0 0.529551 0.311794 0.235522 0.329242
0 0.527237 0.312560 0.236151 0.327510