0 0.496583 0.358535 0.358304 0.488225
0 0.499809 0.358646 0.364379 0.482983
0 0.497988 0.353682 0.355046 0.486909
0 0.495804 0.360682 0.362313 0.488678
0 0.497040 0.360262 0.369535 0.477033
0 0.502714 0.359353 0.374193 0.478149
0 0.495024 0.352737 0.360148 0.492611
0 0.496371 0.356985 0.374003 0.482861
0 0.496876 0.359138 0.375594 0.489462
0 0.494195 0.359438 0.379837 0.480261
0 0.499382 0.359296 0.373374 0.481448
0 0.505410 0.355299 0.363644 0.475471
0 0.495791 0.356859 0.362834 0.502605
0 0.496067 0.358999 0.367357 0.500272
0 0.497855 0.361958 0.367144 0.499683
0 0.499878 0.361688 0.373215 0.494206
0 0.498794 0.358298 0.367593 0.480607
0 0.499856 0.356004 0.364451 0.468639
0 0.494274 0.354868 0.360916 0.493680
0 0.498208 0.358900 0.365376 0.498329
0 0.497872 0.360957 0.365085 0.489038
0 0.497038 0.361892 0.367292 0.488284
0 0.496106 0.359626 0.370925 0.489135
0 0.497041 0.356743 0.361638 0.472865
0 0.490436 0.358449 0.354118 0.498402
0 0.497791 0.359385 0.365212 0.498594
0 0.498627 0.354397 0.370318 0.493502
0 0.498294 0.356560 0.368753 0.487530
0 0.498085 0.357149 0.370748 0.487118
0 0.500053 0.356254 0.363603 0.481281
0 0.491030 0.359240 0.346578 0.481708
0 0.497193 0.359108 0.356818 0.489741
0 0.497895 0.358613 0.368042 0.503574
0 0.497974 0.356506 0.366412 0.507131
0 0.498194 0.354948 0.366817 0.503559
0 0.495580 0.358737 0.349230 0.479864
0 0.495656 0.353422 0.360458 0.508821
0 0.496054 0.356372 0.363226 0.509471