0 0.441592 0.461537 0.291655 0.438159
0 0.441346 0.468808 0.296974 0.431694
0 0.441904 0.471213 0.298811 0.431509
0 0.444693 0.455136 0.300947 0.427843
0 0.442454 0.466207 0.294829 0.419708
0 0.444927 0.466788 0.299346 0.423785
0 0.443713 0.467667 0.304097 0.428055
0 0.442294 0.468492 0.298307 0.429469
0 0.445598 0.464200 0.299904 0.425337
0 0.444358 0.466062 0.297461 0.419189
0 0.448084 0.468986 0.296081 0.421851
0 0.446021 0.468664 0.299407 0.419119
0 0.443295 0.466225 0.297641 0.417093
0 0.443305 0.466700 0.298026 0.424240
0 0.443744 0.469940 0.302776 0.420971
0 0.443552 0.468283 0.303449 0.422964
0 0.445688 0.468051 0.297700 0.429120
0 0.443547 0.472082 0.300337 0.424461
0 0.441300 0.468676 0.303677 0.431828
0 0.442288 0.468703 0.301365 0.428849
0 0.441233 0.474368 0.303595 0.424386
0 0.443898 0.470784 0.302245 0.432564
0 0.445706 0.470362 0.300761 0.437524
0 0.443558 0.472373 0.304626 0.426622
0 0.442832 0.470159 0.309265 0.431453
0 0.443685 0.472555 0.303819 0.433400
0 0.440211 0.476351 0.295246 0.430719
0 0.443540 0.472518 0.297575 0.438337
0 0.442063 0.472435 0.302181 0.436353
0 0.441346 0.474505 0.309942 0.441588
0 0.439799 0.484301 0.297206 0.429246
0 0.446355 0.479917 0.299260 0.435122
0 0.445000 0.480216 0.298947 0.444203