0 0.517288 0.401986 0.352215 0.459989
0 0.514907 0.404673 0.350148 0.465861
0 0.517117 0.415391 0.350819 0.459939
0 0.516417 0.415010 0.354267 0.460692
0 0.517333 0.410832 0.360626 0.459822
0 0.513416 0.408010 0.353666 0.465634
0 0.514494 0.412256 0.362551 0.464360
0 0.517239 0.413265 0.364393 0.473031
0 0.520991 0.410882 0.363684 0.468878
0 0.517976 0.410394 0.362297 0.472965
0 0.511682 0.413865 0.354262 0.470854
0 0.515921 0.411570 0.355998 0.473233
0 0.514798 0.415535 0.360536 0.480008
0 0.515933 0.415346 0.357256 0.476828
0 0.517528 0.415334 0.360269 0.475556
0 0.515863 0.410940 0.352314 0.465907
0 0.520307 0.407283 0.346102 0.463979
0 0.510806 0.416144 0.348315 0.479404
0 0.513018 0.412457 0.360903 0.475994
0 0.512670 0.417361 0.357221 0.478482
0 0.515826 0.416644 0.360798 0.475994
0 0.517829 0.416849 0.357208 0.479572
0 0.516456 0.414164 0.356031 0.473923
0 0.518926 0.411138 0.348792 0.466213
0 0.510694 0.422191 0.344681 0.480365
0 0.515145 0.418344 0.359848 0.474014
0 0.516779 0.418100 0.357481 0.485830
0 0.517374 0.416055 0.355908 0.476140
0 0.519440 0.414541 0.363605 0.485205
0 0.516937 0.412763 0.357971 0.477484
0 0.517393 0.420019 0.356726 0.475647
0 0.520325 0.416801 0.356250 0.485353
0 0.518786 0.414364 0.355138 0.477382
0 0.518088 0.415512 0.355687 0.489665
0 0.516433 0.420116 0.351330 0.490617
0 0.521419 0.416645 0.352269 0.483935
0 0.517351 0.416332 0.352551 0.488124
0 0.518458 0.416739 0.354070 0.491785