0 0.439677 0.492903 0.377773 0.509513
0 0.439550 0.502070 0.378254 0.502152
0 0.440348 0.500808 0.382922 0.490218
0 0.441778 0.486071 0.388710 0.506893
0 0.446273 0.495978 0.385043 0.495224
0 0.443034 0.498849 0.389700 0.497614
0 0.442488 0.502226 0.391106 0.490782
0 0.441892 0.499260 0.389868 0.493350
0 0.446931 0.488514 0.388863 0.485006
0 0.447539 0.493737 0.394454 0.479165
0 0.443452 0.489641 0.390549 0.473225
0 0.440562 0.492511 0.392074 0.469009
0 0.443165 0.494001 0.386085 0.460477
0 0.443125 0.488814 0.384314 0.472329
0 0.445949 0.485627 0.402896 0.489576
0 0.446069 0.491654 0.397785 0.490870
0 0.444501 0.492571 0.394852 0.484227
0 0.445478 0.495237 0.395129 0.480002
0 0.441679 0.493823 0.390516 0.470674
0 0.439204 0.491846 0.386267 0.470016
0 0.441828 0.483433 0.399588 0.482047
0 0.445781 0.488792 0.398777 0.484222
0 0.442659 0.494016 0.404522 0.480432
0 0.440576 0.496578 0.397862 0.472305
0 0.441887 0.492450 0.391982 0.472740
0 0.444653 0.494053 0.390273 0.467511
0 0.438297 0.485662 0.394852 0.478816
0 0.444148 0.492187 0.394968 0.490799
0 0.444471 0.492312 0.397838 0.481986
0 0.444956 0.496509 0.397076 0.483650
0 0.441515 0.500175 0.398032 0.472390
0 0.448255 0.497861 0.387002 0.459777
0 0.443819 0.493409 0.383434 0.465487
0 0.441790 0.497722 0.393642 0.472858
0 0.441539 0.498217 0.400616 0.469419
0 0.440795 0.499175 0.395735 0.463289
0 0.443932 0.502111 0.390648 0.469845
0 0.442345 0.502907 0.398076 0.463769