0 0.974387 0.196576 0.019382 0.023767
0 0.976409 0.195846 0.019820 0.023710
0 0.833089 0.237262 0.039896 0.060423
0 0.832830 0.238182 0.039909 0.057625
0 0.833636 0.238964 0.039309 0.060298
0 0.833010 0.238707 0.038373 0.060167
0 0.832137 0.240336 0.040960 0.058194
0 0.832743 0.239437 0.040960 0.060915
0 0.832964 0.239472 0.039518 0.061270
0 0.833083 0.240301 0.041208 0.063084
0 0.490974 0.199119 0.144704 0.195214
0 0.492058 0.200880 0.142584 0.194855
0 0.491123 0.199129 0.140514 0.196990
0 0.490713 0.199299 0.141270 0.195346
0 0.491829 0.202890 0.139860 0.189534
0 0.491949 0.202097 0.136123 0.188545
0 0.491956 0.202390 0.137695 0.191065
0 0.491463 0.203220 0.137643 0.187478
0 0.491619 0.203027 0.138599 0.191341
0 0.490111 0.203955 0.138565 0.189988
0 0.490392 0.203471 0.137350 0.190856
0 0.491357 0.203480 0.136575 0.183653
0 0.491076 0.202393 0.138695 0.189358
0 0.492504 0.203103 0.138221 0.183512
0 0.492123 0.203486 0.139187 0.189252
0 0.492051 0.204649 0.137843 0.191163
0 0.492689 0.201303 0.140328 0.192841
0 0.490678 0.205261 0.134803 0.187661
0 0.490447 0.204484 0.138744 0.190083
0 0.491604 0.202734 0.135426 0.183467
0 0.490627 0.203789 0.138209 0.188805
0 0.493227 0.203298 0.139870 0.183678
0 0.492307 0.203947 0.137863 0.184913
0 0.490656 0.204434 0.134324 0.186589
0 0.493090 0.204434 0.137302 0.184857
0 0.490410 0.206730 0.134430 0.188919
0 0.490548 0.204045 0.136815 0.188625
0 0.490720 0.204322 0.135511 0.183118
0 0.490201 0.204975 0.137767 0.185821
0 0.492089 0.203921 0.136955 0.179029
0 0.491238 0.205217 0.137810 0.182725
0 0.490821 0.206050 0.136471 0.180332
0 0.489807 0.205504 0.136603 0.183592
0 0.490827 0.205723 0.138645 0.182526
0 0.491552 0.206211 0.137014 0.181271