0 0.703001 0.398114 0.348786 0.500741
0 0.707765 0.396471 0.342084 0.493790
0 0.701747 0.388088 0.344400 0.490520
0 0.704663 0.389522 0.336243 0.481259
0 0.704521 0.388979 0.338520 0.472460
0 0.699696 0.384095 0.337038 0.475218
0 0.708381 0.377901 0.329020 0.487000
0 0.692705 0.399949 0.346730 0.508994
0 0.705315 0.397612 0.345020 0.504340
0 0.708253 0.398515 0.343792 0.504691
0 0.711639 0.400754 0.336569 0.509427
0 0.706211 0.399583 0.341274 0.509340
0 0.707516 0.393814 0.338796 0.500040
0 0.694896 0.398216 0.345529 0.507038
0 0.701760 0.394231 0.349824 0.507721
0 0.703119 0.394058 0.342576 0.503607
0 0.707706 0.395927 0.345038 0.499993
0 0.707897 0.395316 0.342854 0.489735
0 0.707554 0.390476 0.335858 0.500847
0 0.700044 0.393030 0.336727 0.500420
0 0.702695 0.390260 0.349318 0.505404
0 0.702313 0.396136 0.340669 0.503009
0 0.705772 0.393557 0.339249 0.496512
0 0.708814 0.391620 0.335727 0.493446
0 0.710829 0.392387 0.336071 0.496332
0 0.722266 0.395032 0.336095 0.481690
0 0.699983 0.397621 0.339553 0.488720
0 0.704309 0.395221 0.345686 0.510071
0 0.701959 0.393327 0.342467 0.504008
0 0.705257 0.389836 0.341369 0.497346
0 0.708024 0.389316 0.348775 0.496918
0 0.713524 0.389967 0.342947 0.509227
0 0.704998 0.402914 0.348147 0.499549
0 0.704549 0.395560 0.346704 0.498577
0 0.706562 0.395549 0.348898 0.496252
0 0.711904 0.395232 0.348918 0.491280
0 0.708734 0.391500 0.349713 0.518111
0 0.707289 0.391837 0.347922 0.523153