0 0.510343 0.375834 0.397915 0.542678
0 0.503864 0.381444 0.402074 0.543044
0 0.503131 0.389605 0.403614 0.537894
0 0.506414 0.387960 0.413253 0.527448
0 0.509263 0.376380 0.413171 0.517927
0 0.498438 0.384432 0.400551 0.535097
0 0.510960 0.384513 0.418710 0.536396
0 0.507754 0.389533 0.423469 0.531084
0 0.506708 0.389155 0.433655 0.525805
0 0.509653 0.385836 0.426719 0.523433
0 0.515936 0.378892 0.417010 0.517295
0 0.504643 0.391126 0.404914 0.533853
0 0.511590 0.388112 0.421054 0.533187
0 0.508285 0.382638 0.419823 0.538405
0 0.510389 0.388344 0.426927 0.535151
0 0.506194 0.385119 0.437744 0.527025
0 0.507475 0.382460 0.426660 0.525155
0 0.513125 0.380029 0.422836 0.515991
0 0.505197 0.396281 0.404878 0.529843
0 0.511280 0.390268 0.427580 0.532769
0 0.507776 0.387936 0.425656 0.546004
0 0.511535 0.386735 0.430906 0.541105
0 0.506593 0.387243 0.424395 0.544811
0 0.505869 0.383980 0.422960 0.533147
0 0.503905 0.380726 0.426976 0.532658
0 0.508020 0.381949 0.419315 0.519259
0 0.514391 0.383640 0.418703 0.500522
0 0.502364 0.390799 0.401306 0.531123
0 0.511913 0.388341 0.424867 0.526468
0 0.515787 0.386679 0.432119 0.541247
0 0.515265 0.382209 0.431245 0.538920
0 0.517680 0.387378 0.427218 0.534212
0 0.506130 0.383779 0.426784 0.523055
0 0.508662 0.379132 0.428069 0.532791
0 0.512951 0.378114 0.423674 0.525574
0 0.511524 0.379864 0.421060 0.523364
0 0.498983 0.396349 0.392991 0.529077
0 0.511813 0.393169 0.416150 0.523908
0 0.517306 0.390934 0.435976 0.548743
0 0.518776 0.385157 0.427057 0.534929
0 0.522292 0.387299 0.439556 0.545644
0 0.508702 0.387473 0.426623 0.541070
0 0.511789 0.391870 0.435028 0.541017
0 0.511232 0.388362 0.432735 0.547017
0 0.513681 0.384681 0.430610 0.539681
0 0.512590 0.389004 0.420023 0.535387
0 0.517950 0.385762 0.420410 0.543159
0 0.510950 0.397588 0.412759 0.536000
0 0.514646 0.390241 0.420550 0.541503
0 0.511038 0.389893 0.419144 0.537995
0 0.511846 0.390525 0.428019 0.556596
0 0.516802 0.396454 0.415742 0.543347
0 0.513545 0.396074 0.410075 0.544538