0 0.475201 0.546480 0.540598 0.854813
0 0.474313 0.544645 0.531015 0.847188
0 0.465739 0.547165 0.540723 0.845945
0 0.467182 0.543911 0.539020 0.845218
0 0.474356 0.540423 0.534736 0.828031
0 0.474473 0.547277 0.543735 0.856323
0 0.473884 0.555223 0.534945 0.856015
0 0.474501 0.550762 0.530001 0.852232
0 0.473193 0.554553 0.542042 0.846226
0 0.468307 0.557526 0.545406 0.846683
0 0.468086 0.557110 0.535213 0.848620
0 0.467339 0.555174 0.548304 0.837053
0 0.484933 0.536946 0.558951 0.827598
0 0.471892 0.542833 0.531589 0.813187
0 0.474136 0.542060 0.532442 0.824377
0 0.470149 0.524481 0.514121 0.788405
0 0.469590 0.541132 0.519902 0.815720
0 0.470156 0.523230 0.519286 0.777309
0 0.469952 0.537213 0.520712 0.801484
0 0.472068 0.523748 0.524121 0.772003
0 0.470812 0.534744 0.534118 0.798840
0 0.470394 0.534255 0.534038 0.794955
0 0.464253 0.531251 0.542470 0.782055
0 0.472767 0.533202 0.549160 0.798561
0 0.466079 0.522031 0.554705 0.791287
0 0.474025 0.527851 0.541289 0.772005
0 0.465266 0.533611 0.527388 0.767329
0 0.462296 0.512472 0.506112 0.716718
0 0.469965 0.522357 0.524174 0.761419
0 0.462894 0.508641 0.511284 0.711034
0 0.462085 0.519201 0.514027 0.746434
0 0.465529 0.492736 0.517510 0.707246
0 0.466631 0.502020 0.517726 0.746514
0 0.471739 0.497335 0.526762 0.704092
0 0.472298 0.500249 0.525213 0.736424
0 0.473879 0.506764 0.514071 0.687100
0 0.471696 0.506655 0.520301 0.732310
0 0.463391 0.512540 0.534222 0.741745
0 0.463772 0.526317 0.551443 0.773119
0 0.475492 0.526138 0.548042 0.777227
0 0.474260 0.524455 0.565348 0.777118
0 0.479329 0.533417 0.559088 0.766832
0 0.469456 0.526961 0.539795 0.785949
0 0.463042 0.514632 0.513643 0.732506
0 0.468305 0.510710 0.519996 0.755701
0 0.461482 0.507606 0.537675 0.743132
0 0.463805 0.506241 0.521637 0.752969
0 0.464059 0.498662 0.528818 0.738857
0 0.466826 0.500328 0.516893 0.757183
0 0.468609 0.500055 0.528309 0.732942
0 0.469889 0.497547 0.520528 0.749716
0 0.474187 0.501826 0.523073 0.704070
0 0.471675 0.493484 0.529994 0.741281
0 0.459822 0.500497 0.560301 0.746817
0 0.457331 0.513620 0.554204 0.741697
0 0.462740 0.526179 0.556790 0.768549
0 0.474615 0.525907 0.570277 0.750610
0 0.480880 0.529234 0.563151 0.752072
0 0.476162 0.525585 0.547603 0.770371
0 0.464516 0.528001 0.528891 0.764414
0 0.466189 0.514965 0.519264 0.758056
0 0.464877 0.512058 0.539799 0.780717
0 0.471891 0.505300 0.521230 0.777653
0 0.465406 0.509490 0.527238 0.743026
0 0.469764 0.508209 0.526960 0.768562
0 0.467853 0.509014 0.524295 0.734899
0 0.466249 0.510124 0.532235 0.768577
0 0.464041 0.506486 0.538824 0.756603
0 0.456697 0.511377 0.566808 0.745507
0 0.449561 0.519246 0.565851 0.749929
0 0.450154 0.531633 0.561678 0.766563
0 0.486700 0.546130 0.577655 0.751306
0 0.492680 0.544038 0.561561 0.764920
0 0.479530 0.544901 0.555872 0.762893
0 0.465887 0.545275 0.531435 0.746016
0 0.466971 0.528057 0.522812 0.741641
0 0.472400 0.521788 0.541185 0.746092
0 0.478514 0.514500 0.522767 0.741486
0 0.469085 0.520078 0.525341 0.745742
0 0.473246 0.514859 0.519433 0.756294
0 0.467348 0.520866 0.521186 0.755890
0 0.465193 0.522218 0.526128 0.783383
0 0.468941 0.524180 0.524913 0.774239
0 0.460930 0.532357 0.559384 0.759024
0 0.446045 0.536448 0.572420 0.754511
0 0.446368 0.550910 0.568716 0.750684
0 0.485184 0.559636 0.548381 0.718310
0 0.490802 0.555722 0.545700 0.747351
0 0.472890 0.554971 0.541292 0.736248
0 0.461482 0.551008 0.522340 0.722510
0 0.462661 0.535901 0.519783 0.724532
0 0.473383 0.537095 0.537458 0.741626
0 0.474612 0.534229 0.513953 0.729354
0 0.465241 0.533511 0.536008 0.765021
0 0.464641 0.528927 0.509905 0.740180
0 0.463817 0.530188 0.524109 0.774647
0 0.459155 0.525644 0.505859 0.752584
0 0.471618 0.539693 0.494127 0.725530
0 0.462383 0.524791 0.495194 0.750877
0 0.458289 0.538277 0.533500 0.747349
0 0.440162 0.547372 0.565255 0.749784
0 0.447531 0.564469 0.562337 0.724193
0 0.495389 0.569039 0.545991 0.718992
0 0.477640 0.569119 0.537293 0.721156
0 0.463789 0.567398 0.506477 0.709523
0 0.463065 0.556725 0.510333 0.712222
0 0.471832 0.555054 0.530637 0.724428
0 0.476371 0.556585 0.513310 0.719496
0 0.466411 0.549751 0.536288 0.752577
0 0.468959 0.543955 0.511938 0.725613
0 0.464111 0.549654 0.514658 0.773791
0 0.462275 0.541382 0.495336 0.741873
0 0.473671 0.559945 0.498211 0.733431
0 0.468104 0.542620 0.489263 0.736552
0 0.455441 0.557618 0.531653 0.740062
0 0.448033 0.567399 0.560248 0.734946
0 0.480441 0.590224 0.506372 0.654900
0 0.468335 0.586102 0.516596 0.680375
0 0.469945 0.584091 0.485854 0.667192
0 0.467308 0.573458 0.494336 0.688999
0 0.474821 0.580211 0.501513 0.674386
0 0.476732 0.575983 0.513471 0.692355
0 0.468455 0.573060 0.513937 0.700436
0 0.471989 0.559942 0.515509 0.700723
0 0.471465 0.576875 0.502692 0.711525
0 0.468895 0.557886 0.497892 0.709458
0 0.477943 0.584783 0.499856 0.698290
0 0.476251 0.554401 0.503369 0.721278
0 0.461017 0.579527 0.537041 0.710201
0 0.464724 0.592514 0.542341 0.707425
0 0.485676 0.606639 0.493360 0.606197
0 0.477452 0.621212 0.477127 0.590183
0 0.476919 0.611991 0.491906 0.624867
0 0.480216 0.612033 0.497148 0.603046
0 0.480126 0.610945 0.506598 0.617094
0 0.470711 0.609022 0.503368 0.607180
0 0.472564 0.603747 0.515036 0.619885
0 0.475840 0.610429 0.506813 0.613001
0 0.469536 0.591969 0.509705 0.621956
0 0.479410 0.597297 0.504674 0.633731
0 0.467375 0.618683 0.529594 0.640093
0 0.475483 0.622243 0.469627 0.575243