0 0.382988 0.324168 0.394558 0.536873
0 0.382688 0.329744 0.400519 0.529521
0 0.385576 0.337815 0.392801 0.528734
0 0.389428 0.334506 0.396767 0.538115
0 0.393963 0.324757 0.383237 0.539353
0 0.379610 0.337225 0.404382 0.545856
0 0.388767 0.332597 0.408623 0.536638
0 0.390964 0.334856 0.401826 0.532955
0 0.389628 0.333500 0.403356 0.522164
0 0.392688 0.327016 0.392527 0.514295
0 0.393875 0.322918 0.387639 0.513651
0 0.391178 0.346338 0.409415 0.562208
0 0.391153 0.343324 0.412131 0.565536
0 0.386277 0.341784 0.407073 0.566254
0 0.391636 0.347158 0.410246 0.570383
0 0.392648 0.342859 0.416429 0.573255
0 0.392728 0.342997 0.410451 0.562710
0 0.395314 0.333978 0.406526 0.551805
0 0.387298 0.348742 0.409441 0.546582
0 0.383486 0.346804 0.402154 0.568396
0 0.386858 0.346280 0.408298 0.554714
0 0.382521 0.347256 0.407627 0.568645
0 0.393488 0.350980 0.411684 0.563744
0 0.390561 0.350322 0.417243 0.578816
0 0.394316 0.350625 0.415113 0.579176
0 0.397486 0.351869 0.421162 0.583176
0 0.396383 0.344719 0.421935 0.588943
0 0.397396 0.345644 0.418874 0.588972
0 0.394575 0.340877 0.409866 0.572470
0 0.392313 0.337831 0.413338 0.574484
0 0.389821 0.354595 0.403794 0.575145
0 0.388917 0.345713 0.406636 0.545655
0 0.382816 0.337628 0.403142 0.568129
0 0.385679 0.349664 0.411934 0.562492
0 0.382140 0.351290 0.416048 0.581041
0 0.390828 0.349453 0.410648 0.558680
0 0.390756 0.356529 0.413756 0.563064
0 0.393555 0.347386 0.414744 0.557228
0 0.395824 0.353660 0.421178 0.562496
0 0.396886 0.342026 0.408748 0.578189
0 0.395602 0.347676 0.408735 0.580741
0 0.399469 0.345738 0.404668 0.575889
0 0.396759 0.340369 0.415395 0.586814
0 0.398325 0.351523 0.412460 0.563817
0 0.385970 0.348983 0.410461 0.564936
0 0.385778 0.345124 0.405824 0.570065
0 0.389519 0.352353 0.413273 0.572616
0 0.388383 0.356521 0.416198 0.583701
0 0.392663 0.348268 0.417264 0.559877
0 0.393604 0.357840 0.418437 0.563005
0 0.390849 0.346531 0.413426 0.567211
0 0.394652 0.360615 0.413069 0.561354
0 0.395282 0.342600 0.421388 0.581232
0 0.396263 0.346101 0.414129 0.572521
0 0.404245 0.345016 0.399686 0.587538
0 0.403784 0.337132 0.404696 0.588258
0 0.386727 0.352695 0.417720 0.563300
0 0.398600 0.348717 0.415224 0.578976
0 0.394897 0.344495 0.419907 0.588412
0 0.396146 0.342760 0.421679 0.585637
0 0.392547 0.342816 0.415801 0.578134
0 0.400393 0.347918 0.420413 0.583352
0 0.397164 0.344668 0.428218 0.582464
0 0.393049 0.359689 0.403371 0.562619
0 0.401246 0.354415 0.410188 0.579311
0 0.397230 0.357016 0.394163 0.565949
0 0.407881 0.362966 0.400420 0.559400
0 0.401837 0.384885 0.400416 0.540338
0 0.403630 0.379058 0.391824 0.538585