0 0.542999 0.391762 0.230217 0.394510
0 0.545187 0.389521 0.227093 0.389070
0 0.538908 0.402072 0.242428 0.405552
0 0.542108 0.403193 0.237949 0.404865
0 0.543090 0.401892 0.237304 0.394718
0 0.538493 0.409208 0.243680 0.415395
0 0.541360 0.408199 0.241823 0.408839
0 0.541847 0.407813 0.242044 0.399998
0 0.539957 0.403128 0.246597 0.384483
0 0.540216 0.400203 0.245162 0.379383
0 0.539130 0.401389 0.242572 0.379476
0 0.542055 0.401633 0.237619 0.372962
0 0.539125 0.397054 0.243434 0.368636
0 0.541143 0.394942 0.243774 0.365203
0 0.538680 0.396675 0.241639 0.369373
0 0.541671 0.399407 0.235390 0.365298
0 0.538791 0.392226 0.240928 0.365390
0 0.539538 0.391710 0.242826 0.369227
0 0.539483 0.392922 0.240827 0.373598
0 0.541943 0.399709 0.229673 0.357279
0 0.535549 0.397783 0.249843 0.354547
0 0.537305 0.392709 0.243999 0.361739
0 0.539580 0.392791 0.241489 0.358880
0 0.539689 0.394957 0.235799 0.360472
0 0.543544 0.398696 0.230981 0.354022
0 0.532984 0.396997 0.251059 0.354847
0 0.537278 0.393235 0.243948 0.357299
0 0.538313 0.393577 0.238734 0.355487
0 0.539583 0.394964 0.233644 0.354085
0 0.544043 0.397581 0.229320 0.348181
0 0.537294 0.394207 0.244908 0.363305
0 0.540063 0.393124 0.237434 0.361688
0 0.540528 0.394928 0.235417 0.359818
0 0.532037 0.397205 0.260289 0.453242
0 0.527225 0.394664 0.252036 0.410228
0 0.537853 0.396080 0.244674 0.389625
0 0.537593 0.391411 0.239277 0.392038
0 0.536055 0.391689 0.238009 0.383686
0 0.537348 0.390585 0.235396 0.389859
0 0.531930 0.395124 0.237094 0.387935
0 0.538935 0.398550 0.234596 0.386532
0 0.537318 0.396386 0.231764 0.379045
0 0.535657 0.389986 0.234858 0.375346
0 0.538600 0.394367 0.237155 0.379158
0 0.547116 0.394589 0.240463 0.395491
0 0.532277 0.392434 0.236903 0.378029
0 0.535383 0.397348 0.242194 0.380011
0 0.531600 0.393336 0.243010 0.376493
0 0.534549 0.387717 0.239397 0.389660
0 0.539430 0.393409 0.238850 0.378380
0 0.549023 0.396986 0.243405 0.384853
0 0.539737 0.394068 0.237040 0.381165
0 0.537568 0.393564 0.245387 0.376796
0 0.538560 0.390953 0.247338 0.384758
0 0.542396 0.395784 0.248073 0.378391