0 0.429941 0.498531 0.423261 0.528512
0 0.425324 0.503834 0.426373 0.519212
0 0.428200 0.498019 0.425690 0.500300
0 0.434102 0.495888 0.440164 0.518897
0 0.436697 0.506130 0.439564 0.524091
0 0.426049 0.509247 0.440926 0.519874
0 0.429574 0.508114 0.443751 0.512192
0 0.434340 0.504201 0.432888 0.504068
0 0.427071 0.490122 0.426896 0.491040
0 0.441892 0.499583 0.445287 0.514366
0 0.437824 0.502113 0.447085 0.501050
0 0.432930 0.504497 0.440667 0.501583
0 0.430987 0.508435 0.443366 0.502625
0 0.431482 0.507269 0.432641 0.493645
0 0.436154 0.505550 0.433450 0.498145
0 0.431983 0.490489 0.431431 0.478528
0 0.440900 0.495790 0.444616 0.487585
0 0.442271 0.498347 0.440472 0.489757
0 0.435581 0.500971 0.440765 0.488643
0 0.432562 0.501194 0.444942 0.491104
0 0.425842 0.502283 0.430707 0.489473
0 0.428805 0.503743 0.425930 0.487463
0 0.432872 0.490667 0.430945 0.470579
0 0.441611 0.488022 0.437941 0.482285
0 0.447018 0.493512 0.441278 0.482966
0 0.438760 0.498336 0.438540 0.480777
0 0.432876 0.499678 0.440424 0.478275
0 0.428470 0.499588 0.438973 0.487928
0 0.432972 0.503941 0.448117 0.481574
0 0.437721 0.490624 0.440406 0.477573
0 0.442163 0.489662 0.442688 0.475357
0 0.435556 0.490760 0.434749 0.475318
0 0.436894 0.496613 0.438839 0.485754
0 0.429790 0.500166 0.438289 0.486392
0 0.441040 0.506538 0.449598 0.486168
0 0.442923 0.473647 0.443002 0.504163
0 0.434156 0.478732 0.447647 0.501688
0 0.433519 0.487311 0.447452 0.503610
0 0.436128 0.492420 0.447048 0.509338
0 0.437673 0.479062 0.430121 0.514356
0 0.443209 0.487565 0.423471 0.505258