0 0.586523 0.412574 0.397856 0.532954
0 0.588800 0.409011 0.395670 0.549623
0 0.591078 0.408742 0.400948 0.520249
0 0.592166 0.413669 0.404973 0.532890
0 0.591324 0.411861 0.410577 0.539852
0 0.593138 0.407485 0.407081 0.545635
0 0.590578 0.410577 0.404563 0.532914
0 0.592692 0.411735 0.409760 0.529037
0 0.590412 0.413930 0.407788 0.532850
0 0.589113 0.408506 0.416874 0.533445
0 0.590125 0.410014 0.412517 0.536256
0 0.594817 0.402275 0.404546 0.535291
0 0.592096 0.407593 0.407234 0.512142
0 0.592620 0.409468 0.414808 0.515850
0 0.591254 0.407665 0.404789 0.530528
0 0.591912 0.405277 0.419975 0.536996
0 0.591767 0.405304 0.417825 0.528496
0 0.592586 0.399609 0.405302 0.527406
0 0.591846 0.400881 0.403831 0.516108
0 0.591333 0.402220 0.413651 0.518341
0 0.590222 0.404004 0.408836 0.523169
0 0.588292 0.405143 0.416561 0.519652
0 0.589274 0.396964 0.416847 0.531972
0 0.590557 0.396423 0.409451 0.530984
0 0.589715 0.400420 0.411081 0.513934
0 0.592988 0.401546 0.415629 0.525168
0 0.592543 0.398459 0.432719 0.548562
0 0.593405 0.399062 0.412887 0.525267
0 0.589739 0.401379 0.415828 0.523388
0 0.593749 0.398561 0.419988 0.537003
0 0.596063 0.397478 0.411211 0.538912
0 0.590519 0.412478 0.420422 0.501300
0 0.594325 0.401541 0.413070 0.513534
0 0.590276 0.399146 0.419151 0.521228
0 0.587127 0.399294 0.414650 0.524729
0 0.591792 0.400989 0.414137 0.538427
0 0.595416 0.411013 0.406797 0.503019
0 0.594625 0.396886 0.410794 0.530793
0 0.591099 0.399921 0.411552 0.532106