0 0.553229 0.371203 0.290821 0.418717
0 0.552808 0.372007 0.288423 0.419564
0 0.549223 0.371769 0.288202 0.411153
0 0.553089 0.373237 0.287905 0.413624
0 0.554900 0.371536 0.287807 0.414843
0 0.552559 0.374997 0.287814 0.409857
0 0.549474 0.372394 0.287571 0.423757
0 0.552905 0.372777 0.291213 0.425809
0 0.551504 0.374113 0.285628 0.422315
0 0.551731 0.372266 0.283794 0.412771
0 0.550609 0.371177 0.285756 0.418321
0 0.551641 0.372114 0.290183 0.418379
0 0.551583 0.369461 0.285251 0.415601
0 0.551646 0.372953 0.287320 0.422178
0 0.550989 0.373042 0.283928 0.419444
0 0.549489 0.373286 0.286510 0.419122
0 0.550945 0.374124 0.287665 0.424175
0 0.549285 0.375851 0.289516 0.420726
0 0.551042 0.371271 0.289224 0.420982
0 0.551372 0.370818 0.291372 0.429388
0 0.550552 0.373102 0.292333 0.432191
0 0.547119 0.369996 0.292142 0.430028
0 0.548535 0.368756 0.289788 0.432167
0 0.550341 0.371779 0.287473 0.430579
0 0.547643 0.372501 0.287003 0.434142
0 0.551899 0.370557 0.285905 0.425266
0 0.546542 0.369561 0.287141 0.436267
0 0.548076 0.368571 0.286887 0.433277
0 0.552706 0.361193 0.291865 0.449814
0 0.548832 0.363662 0.288647 0.457755