0 0.479968 0.373877 0.277779 0.349260
0 0.483237 0.377398 0.277758 0.352409
0 0.483392 0.378084 0.279814 0.347755
0 0.483294 0.377722 0.280254 0.345306
0 0.486693 0.376774 0.284065 0.341938
0 0.481462 0.375156 0.279098 0.345413
0 0.483892 0.376167 0.277825 0.345716
0 0.484019 0.378283 0.278017 0.344882
0 0.483956 0.377799 0.278726 0.343805
0 0.485906 0.379277 0.284071 0.332698
0 0.482117 0.375123 0.281926 0.348236
0 0.483431 0.376629 0.279442 0.351649
0 0.485747 0.377261 0.280632 0.347934
0 0.485148 0.377976 0.280704 0.348478
0 0.486499 0.382645 0.281194 0.335904
0 0.481441 0.375518 0.280876 0.348615
0 0.483709 0.376145 0.281445 0.352386
0 0.484964 0.377341 0.280524 0.349065
0 0.485201 0.377459 0.275655 0.348556
0 0.487666 0.382288 0.276777 0.335520
0 0.480941 0.374474 0.271752 0.350293
0 0.482574 0.376621 0.278385 0.347106
0 0.481173 0.375333 0.274721 0.346045
0 0.483235 0.374648 0.275593 0.347065
0 0.487077 0.377504 0.271347 0.331959
0 0.478203 0.376072 0.270790 0.354479
0 0.480794 0.375275 0.273759 0.352469
0 0.481058 0.374234 0.271489 0.350796
0 0.482810 0.374453 0.272085 0.348064
0 0.488666 0.377661 0.271903 0.339013
0 0.479658 0.376393 0.263881 0.363247
0 0.481189 0.374872 0.266645 0.355909
0 0.482831 0.375834 0.268922 0.357747
0 0.485949 0.375210 0.288471 0.362593
0 0.483531 0.375721 0.287847 0.357894
0 0.487023 0.374902 0.291890 0.348255
0 0.488040 0.373755 0.282105 0.352344
0 0.484851 0.379449 0.279160 0.367031
0 0.487614 0.378610 0.282375 0.362314
0 0.488348 0.378409 0.280653 0.352851
0 0.487689 0.374671 0.281954 0.352174
0 0.487235 0.378347 0.287455 0.350178
0 0.484050 0.381385 0.279694 0.368638
0 0.484970 0.379137 0.283978 0.364013
0 0.486364 0.381108 0.279594 0.350000
0 0.487716 0.379028 0.283884 0.353606
0 0.489022 0.379266 0.286441 0.360759
0 0.489076 0.380586 0.289227 0.366388
0 0.485914 0.378879 0.275577 0.361871
0 0.484900 0.375594 0.284601 0.366840
0 0.485298 0.380882 0.286564 0.355535
0 0.487433 0.379241 0.284469 0.357588
0 0.489738 0.377620 0.286821 0.349795
0 0.481855 0.381894 0.283835 0.357139
0 0.483671 0.381155 0.280339 0.350292
0 0.483881 0.380447 0.281476 0.360158
0 0.490808 0.379928 0.291287 0.366304