0 0.568413 0.545565 0.424430 0.559479
0 0.567720 0.547120 0.423908 0.551910
0 0.569866 0.538455 0.421419 0.542446
0 0.565733 0.557134 0.435957 0.583141
0 0.565018 0.550878 0.435469 0.565460
0 0.564888 0.559693 0.430763 0.563291
0 0.571157 0.552169 0.437676 0.567002
0 0.565744 0.551782 0.444318 0.571367
0 0.570677 0.550053 0.435033 0.569462
0 0.567414 0.547415 0.440474 0.575556
0 0.571128 0.543355 0.437088 0.555844
0 0.572049 0.544572 0.449875 0.568389
0 0.575425 0.540501 0.427849 0.549745
0 0.575030 0.540937 0.449797 0.577247
0 0.571350 0.541324 0.460445 0.573518
0 0.562263 0.564787 0.451455 0.608477
0 0.557539 0.561093 0.441210 0.585641
0 0.563479 0.563444 0.432836 0.593885
0 0.570556 0.554305 0.444442 0.572242
0 0.567898 0.558328 0.431843 0.569699
0 0.571317 0.552080 0.447673 0.577240
0 0.564922 0.554471 0.444624 0.582645
0 0.572784 0.554214 0.435663 0.575660
0 0.572585 0.554862 0.439358 0.583293
0 0.573060 0.549408 0.451760 0.575398
0 0.575689 0.554529 0.451023 0.575959
0 0.575434 0.551446 0.443268 0.559754
0 0.577201 0.551739 0.451572 0.579484
0 0.568694 0.547912 0.462916 0.565237
0 0.562690 0.569566 0.447165 0.598781
0 0.560551 0.566325 0.442653 0.581072
0 0.564770 0.565756 0.431510 0.589206
0 0.567878 0.555136 0.444614 0.571323
0 0.564174 0.557548 0.440444 0.583643
0 0.565483 0.556809 0.437510 0.580879
0 0.558497 0.561271 0.441177 0.600672
0 0.570463 0.560925 0.434759 0.587276
0 0.572877 0.565429 0.435179 0.596071
0 0.575237 0.563045 0.455694 0.584990
0 0.577815 0.567341 0.444017 0.580968
0 0.573065 0.553212 0.441020 0.571424
0 0.574110 0.553752 0.432503 0.573476
0 0.570638 0.552102 0.440608 0.544383
0 0.565759 0.555220 0.454816 0.569640
0 0.568783 0.559839 0.449497 0.581187
0 0.565952 0.562471 0.441991 0.563586
0 0.570216 0.558925 0.429963 0.573057
0 0.569293 0.554162 0.443605 0.562574
0 0.566358 0.555992 0.438507 0.576367
0 0.569641 0.559569 0.443904 0.567040
0 0.566649 0.567143 0.449658 0.584983
0 0.570137 0.560775 0.432984 0.560818
0 0.574707 0.567830 0.429851 0.560537
0 0.573632 0.560681 0.439319 0.567145
0 0.576999 0.569306 0.434642 0.565946
0 0.567504 0.556234 0.434733 0.566687
0 0.569250 0.560970 0.423987 0.558798
0 0.571094 0.559427 0.443766 0.552641
0 0.566681 0.559366 0.446960 0.563532
0 0.574493 0.555337 0.451336 0.572905
0 0.565465 0.558188 0.459034 0.578196
0 0.567126 0.562633 0.462847 0.572306
0 0.575866 0.556430 0.436447 0.558013
0 0.570310 0.558013 0.451206 0.571653
0 0.568725 0.561451 0.433511 0.556682
0 0.570552 0.556933 0.443004 0.563773
0 0.570272 0.563984 0.439568 0.565357
0 0.569793 0.561955 0.443175 0.562475
0 0.572985 0.568297 0.436756 0.555236
0 0.572474 0.559852 0.440149 0.560907
0 0.572768 0.566864 0.432800 0.557017
0 0.568671 0.559710 0.439014 0.557595
0 0.569888 0.559595 0.427364 0.550699
0 0.558967 0.552610 0.439858 0.563395
0 0.568806 0.557622 0.447494 0.577330
0 0.569051 0.560944 0.463519 0.586504
0 0.584445 0.558855 0.448785 0.557716
0 0.573041 0.560685 0.463011 0.569180
0 0.580568 0.562664 0.442841 0.552898
0 0.571493 0.555763 0.449359 0.563686
0 0.573910 0.564072 0.450252 0.563618
0 0.568401 0.560843 0.440394 0.558879
0 0.570170 0.573743 0.443061 0.557426
0 0.571553 0.558009 0.443760 0.565775
0 0.572278 0.568514 0.445383 0.559982
0 0.572571 0.556513 0.442181 0.552889
0 0.578412 0.556225 0.447883 0.556887
0 0.562525 0.550267 0.458594 0.567444
0 0.578313 0.566522 0.461009 0.575526
0 0.565913 0.572845 0.451566 0.567722
0 0.581771 0.566794 0.452088 0.577297
0 0.572242 0.554262 0.449193 0.586953
0 0.569930 0.548497 0.442522 0.590046
0 0.575700 0.550277 0.437747 0.577198
0 0.576469 0.584263 0.442826 0.546831