0 0.061527 0.288876 0.069362 0.088437
0 0.062188 0.289035 0.068716 0.087004
0 0.062143 0.291145 0.067219 0.088427
0 0.062081 0.290379 0.069467 0.087636
0 0.062284 0.290096 0.067793 0.087091
0 0.062131 0.289740 0.068251 0.085406
0 0.062692 0.289046 0.066920 0.085997
0 0.061858 0.289008 0.068631 0.086649
0 0.575260 0.286334 0.193334 0.280739
0 0.577087 0.285793 0.190887 0.280301
0 0.575664 0.282556 0.190890 0.269038
0 0.576078 0.285192 0.187696 0.263668
0 0.576282 0.285378 0.190912 0.267281
0 0.577116 0.283448 0.188105 0.272984
0 0.574662 0.280975 0.191573 0.265885
0 0.576369 0.283370 0.191827 0.260126
0 0.576476 0.283111 0.187345 0.260437
0 0.576432 0.282425 0.189453 0.265964
0 0.577499 0.283896 0.188953 0.270728
0 0.578539 0.283518 0.187746 0.270978
0 0.060750 0.288825 0.066750 0.088438
0 0.575586 0.283231 0.188419 0.260556
0 0.577158 0.282419 0.192598 0.268234
0 0.577014 0.282766 0.192849 0.266056
0 0.576190 0.281980 0.190148 0.269690
0 0.576227 0.282957 0.192180 0.271704
0 0.577696 0.283078 0.189397 0.267902
0 0.061339 0.289675 0.067293 0.088913
0 0.060707 0.288755 0.067162 0.088908
0 0.060608 0.288427 0.065792 0.088790
0 0.576948 0.281579 0.186411 0.260081
0 0.576414 0.281384 0.188083 0.262702
0 0.577339 0.283033 0.188361 0.260118
0 0.577266 0.282482 0.189202 0.265448
0 0.576787 0.282185 0.191379 0.266051
0 0.577105 0.280651 0.189742 0.264627
0 0.060012 0.289868 0.067646 0.089987
0 0.060299 0.288863 0.067355 0.089624
0 0.062347 0.290775 0.067348 0.089667
0 0.576502 0.280755 0.188407 0.257248
0 0.575951 0.280581 0.186156 0.261825
0 0.576422 0.281774 0.190148 0.259257
0 0.576372 0.282187 0.188036 0.262062
0 0.576479 0.282041 0.190578 0.265025
0 0.577697 0.280711 0.188673 0.265672
0 0.577295 0.281335 0.187021 0.262134
0 0.576121 0.280927 0.188096 0.261128
0 0.576870 0.281002 0.187331 0.260610
0 0.576256 0.281572 0.190041 0.265625
0 0.578752 0.285240 0.185586 0.262048
0 0.575633 0.278344 0.186558 0.259721
0 0.578291 0.279816 0.186581 0.258468
0 0.580000 0.283333 0.187778 0.263096