0 0.546156 0.372477 0.339758 0.451575
0 0.545591 0.385195 0.345150 0.445908
0 0.545074 0.383680 0.343753 0.442589
0 0.541564 0.374796 0.349910 0.455070
0 0.545669 0.384088 0.355558 0.450240
0 0.545549 0.386525 0.355517 0.454055
0 0.545914 0.385309 0.353015 0.449322
0 0.547279 0.383146 0.352441 0.453296
0 0.545932 0.379658 0.354574 0.449491
0 0.547841 0.385851 0.356534 0.451428
0 0.547819 0.386503 0.348149 0.449005
0 0.546033 0.385437 0.349654 0.443697
0 0.545202 0.383080 0.347722 0.440956
0 0.547008 0.379150 0.342360 0.443703
0 0.544976 0.381438 0.360175 0.448523
0 0.545544 0.386395 0.353113 0.443728
0 0.544851 0.383474 0.353280 0.447101
0 0.544331 0.385057 0.352085 0.442233
0 0.541045 0.383847 0.343277 0.438245
0 0.542552 0.381661 0.347064 0.446012
0 0.541353 0.381739 0.353961 0.449401
0 0.546030 0.383996 0.356131 0.446961
0 0.543997 0.384136 0.353822 0.453087
0 0.541975 0.385666 0.349923 0.435797
0 0.546040 0.387593 0.346500 0.435616
0 0.543553 0.383721 0.343579 0.444523
0 0.539591 0.382158 0.353385 0.446137
0 0.543212 0.387334 0.354303 0.443284
0 0.545183 0.384768 0.351739 0.444828
0 0.546598 0.385519 0.346865 0.441396
0 0.544199 0.384159 0.347289 0.451440
0 0.550100 0.386742 0.339586 0.453641
0 0.543810 0.385968 0.345463 0.440551
0 0.544660 0.385943 0.342864 0.448419
0 0.544491 0.382811 0.346293 0.451729
0 0.545968 0.387117 0.347356 0.458283