0 0.544839 0.275999 0.385526 0.492781
0 0.547478 0.283076 0.378398 0.493707
0 0.544745 0.282824 0.381013 0.493313
0 0.553046 0.276085 0.388417 0.502853
0 0.538769 0.276868 0.383714 0.487021
0 0.546546 0.278713 0.391706 0.478389
0 0.544072 0.281222 0.395736 0.479776
0 0.543940 0.279969 0.397556 0.478699
0 0.548258 0.279065 0.390923 0.485154
0 0.555141 0.264707 0.387698 0.486379
0 0.542583 0.278121 0.385450 0.479519
0 0.543952 0.278536 0.390064 0.475407
0 0.544084 0.279298 0.387492 0.475723
0 0.543683 0.275976 0.388899 0.470246
0 0.543632 0.273378 0.390854 0.470008
0 0.545745 0.268996 0.384061 0.469864
0 0.526142 0.287383 0.366664 0.464112
0 0.541676 0.283469 0.385987 0.470594
0 0.543237 0.282729 0.383333 0.473276
0 0.540568 0.276518 0.385639 0.462523
0 0.541173 0.275388 0.384494 0.474273
0 0.540646 0.272478 0.390500 0.478332
0 0.545476 0.274366 0.387026 0.478106
0 0.538583 0.277918 0.392462 0.476594
0 0.545737 0.280642 0.389026 0.472206
0 0.540321 0.280803 0.387947 0.460064
0 0.538218 0.277629 0.380778 0.462205
0 0.543503 0.276029 0.389770 0.464041
0 0.547115 0.275374 0.389148 0.476998
0 0.540048 0.288193 0.381609 0.465037
0 0.545574 0.283740 0.387495 0.462239
0 0.542285 0.281096 0.385820 0.457900
0 0.540760 0.281749 0.384181 0.463228
0 0.544026 0.276833 0.391389 0.474188
0 0.552687 0.280215 0.383279 0.487143
0 0.545503 0.285542 0.384713 0.477415
0 0.542701 0.279385 0.396781 0.489687
0 0.543055 0.274784 0.396935 0.489117
0 0.545995 0.279917 0.396916 0.489213