0 0.504685 0.567676 0.480707 0.696546
0 0.499406 0.554456 0.465461 0.705205
0 0.509183 0.572191 0.480952 0.705843
0 0.506999 0.563853 0.480096 0.718604
0 0.510949 0.575987 0.482830 0.714094
0 0.514695 0.562381 0.473473 0.702435
0 0.514931 0.571225 0.471799 0.703351
0 0.518467 0.559757 0.468365 0.695845
0 0.513553 0.572182 0.476261 0.709209
0 0.519176 0.571066 0.466115 0.694767
0 0.526003 0.568241 0.477733 0.695840
0 0.503354 0.563976 0.481547 0.702664
0 0.513324 0.573301 0.486527 0.696645
0 0.509807 0.570320 0.484498 0.708066
0 0.520506 0.576656 0.483000 0.700289
0 0.511076 0.573534 0.493077 0.726142
0 0.511161 0.579228 0.480659 0.709028
0 0.512877 0.571589 0.484008 0.709915
0 0.512049 0.576817 0.475103 0.699417
0 0.514320 0.570407 0.483956 0.697296
0 0.513977 0.577858 0.483038 0.698074
0 0.523695 0.566954 0.469712 0.690763
0 0.519061 0.577628 0.468884 0.702010
0 0.525211 0.572732 0.471582 0.701914
0 0.523069 0.568894 0.490312 0.711156
0 0.507452 0.553775 0.495301 0.704538
0 0.507811 0.568009 0.486598 0.688417
0 0.517269 0.571554 0.481757 0.677738
0 0.509451 0.561450 0.485540 0.675404
0 0.515348 0.563270 0.481547 0.679579
0 0.511618 0.562065 0.491326 0.679514
0 0.509585 0.566988 0.482549 0.682679
0 0.514920 0.556497 0.477813 0.660055
0 0.514028 0.562555 0.471973 0.676989
0 0.512662 0.558834 0.476451 0.661691
0 0.512333 0.566840 0.476986 0.681949
0 0.520255 0.560598 0.466957 0.666716
0 0.514248 0.565375 0.471043 0.687486
0 0.521248 0.571284 0.478016 0.680985
0 0.517936 0.573177 0.494335 0.701673
0 0.512281 0.557083 0.505759 0.703005
0 0.509721 0.567633 0.484682 0.690986
0 0.519434 0.571583 0.489806 0.701062
0 0.506620 0.569127 0.487490 0.693350
0 0.507909 0.573567 0.479451 0.692801
0 0.511955 0.565386 0.499078 0.690696
0 0.512094 0.567749 0.489258 0.685170
0 0.512909 0.562705 0.477532 0.666952
0 0.516644 0.567872 0.477800 0.678808
0 0.514773 0.559681 0.484829 0.673642
0 0.517217 0.565938 0.480304 0.681533
0 0.519328 0.562457 0.462158 0.670359
0 0.516741 0.563123 0.463105 0.691646
0 0.517341 0.574083 0.475523 0.667435
0 0.508694 0.571610 0.489883 0.672612
0 0.516490 0.559471 0.521296 0.708736
0 0.510995 0.568120 0.487749 0.689167
0 0.518436 0.575024 0.493441 0.702005
0 0.507403 0.567764 0.481376 0.680464
0 0.513416 0.572177 0.485222 0.696730
0 0.511796 0.563708 0.492456 0.688289
0 0.514213 0.568602 0.490023 0.693889
0 0.510989 0.565632 0.476507 0.675306
0 0.514008 0.567877 0.478731 0.686491
0 0.515342 0.563529 0.475956 0.686198
0 0.516905 0.566019 0.472535 0.692331
0 0.522813 0.562807 0.450981 0.665490
0 0.520825 0.561187 0.454101 0.692305
0 0.515228 0.568495 0.471225 0.680915
0 0.506204 0.570136 0.493436 0.689964
0 0.502566 0.566743 0.518432 0.729314
0 0.518775 0.566981 0.523396 0.704344
0 0.512914 0.565520 0.497163 0.696343
0 0.520472 0.570792 0.493630 0.684613
0 0.509875 0.570100 0.474741 0.664991
0 0.515881 0.570919 0.483310 0.684814
0 0.514454 0.566407 0.493811 0.674596
0 0.518316 0.572690 0.496231 0.681251
0 0.510586 0.571392 0.479988 0.673302
0 0.514661 0.572083 0.480625 0.677730
0 0.515011 0.568073 0.468886 0.679693
0 0.515636 0.563811 0.466856 0.686004
0 0.518782 0.569736 0.451410 0.670057
0 0.518064 0.563683 0.452012 0.688316
0 0.516773 0.570429 0.468021 0.686912
0 0.501723 0.572286 0.502437 0.704829
0 0.513771 0.567665 0.495334 0.688194
0 0.519502 0.571381 0.485626 0.674988
0 0.510951 0.570216 0.469225 0.676339
0 0.516304 0.571840 0.472165 0.689884
0 0.517824 0.572065 0.482967 0.684087
0 0.521992 0.576244 0.490644 0.691930
0 0.516152 0.569288 0.486291 0.693852
0 0.517787 0.571421 0.480915 0.687583
0 0.517279 0.569851 0.472923 0.700215
0 0.516844 0.568024 0.468038 0.697314
0 0.521080 0.575817 0.464204 0.673854
0 0.521945 0.570403 0.455609 0.686167
0 0.513679 0.575916 0.481401 0.697826
0 0.499252 0.586718 0.510212 0.704971
0 0.521443 0.569748 0.507884 0.677899
0 0.523451 0.574242 0.495762 0.659652
0 0.510404 0.574864 0.474376 0.664660
0 0.517519 0.573354 0.477002 0.676396
0 0.520749 0.576133 0.493770 0.667802
0 0.525176 0.583392 0.495779 0.669481
0 0.513737 0.574153 0.492253 0.665908
0 0.513346 0.580675 0.485686 0.651509
0 0.517477 0.575559 0.475165 0.666524
0 0.518790 0.576075 0.473472 0.664742
0 0.515263 0.574568 0.465271 0.666887
0 0.507499 0.578529 0.489995 0.675513
0 0.532107 0.573510 0.526586 0.653274
0 0.521007 0.572129 0.499427 0.654264
0 0.518273 0.588721 0.500880 0.647188
0 0.528876 0.584012 0.507716 0.650527
0 0.509555 0.586076 0.499022 0.640616
0 0.512487 0.586815 0.506053 0.641098
0 0.509696 0.597458 0.498216 0.630846
0 0.506237 0.587662 0.497896 0.636438
0 0.498635 0.589869 0.508419 0.640051
0 0.509453 0.598387 0.545808 0.669651