0 0.440023 0.315879 0.269544 0.373923
0 0.439143 0.317705 0.269903 0.377735
0 0.440198 0.319628 0.268119 0.370880
0 0.437917 0.316791 0.265972 0.361620
0 0.441375 0.317017 0.272648 0.361440
0 0.438844 0.315981 0.270032 0.359367
0 0.438346 0.317292 0.269319 0.355719
0 0.437987 0.319543 0.277652 0.354324
0 0.439587 0.313946 0.266746 0.355168
0 0.440437 0.315040 0.269386 0.359050
0 0.440386 0.314133 0.270938 0.363676
0 0.438426 0.315045 0.269925 0.359168
0 0.438270 0.319579 0.275619 0.351500
0 0.441508 0.312565 0.269155 0.348943
0 0.440173 0.314706 0.271771 0.354115
0 0.441525 0.313640 0.273169 0.365265
0 0.438741 0.315885 0.267070 0.356053
0 0.440920 0.320100 0.268083 0.352981
0 0.441308 0.311467 0.265775 0.346858
0 0.440831 0.313122 0.265944 0.343596
0 0.441480 0.313644 0.268346 0.352457
0 0.441256 0.316035 0.262935 0.350726
0 0.442442 0.318202 0.264570 0.349026
0 0.440778 0.311596 0.267595 0.346643
0 0.440021 0.311996 0.268598 0.347684
0 0.441201 0.313270 0.267901 0.350805
0 0.442514 0.313008 0.264544 0.353175
0 0.445068 0.314725 0.266212 0.350762
0 0.438580 0.311743 0.264879 0.359520
0 0.440558 0.309388 0.267390 0.351938
0 0.442380 0.309386 0.264348 0.356779
0 0.446620 0.311502 0.266897 0.356668
0 0.439780 0.308983 0.262771 0.365800
0 0.444209 0.313092 0.273090 0.363310
0 0.442767 0.314239 0.265910 0.357088
0 0.441535 0.312994 0.271525 0.356258
0 0.443595 0.311102 0.265827 0.361971
0 0.445309 0.315933 0.274127 0.364223
0 0.442444 0.317434 0.272415 0.358080
0 0.445830 0.318727 0.266571 0.349594
0 0.442655 0.312497 0.261406 0.346115
0 0.442529 0.316376 0.263555 0.350962
0 0.447542 0.318662 0.267693 0.360377
0 0.443519 0.318275 0.270380 0.363541
0 0.441152 0.316325 0.269378 0.355646
0 0.439976 0.316792 0.266266 0.353166
0 0.445592 0.317349 0.266029 0.350028
0 0.441661 0.315729 0.265056 0.354419
0 0.444239 0.318540 0.267117 0.363207
0 0.440692 0.314088 0.265331 0.365691
0 0.439268 0.314517 0.270898 0.354624
0 0.438986 0.316339 0.272138 0.359527
0 0.441437 0.318890 0.269935 0.346477
0 0.442937 0.315580 0.266224 0.355495
0 0.434102 0.313066 0.268833 0.370330
0 0.444229 0.316310 0.265325 0.352481
0 0.443022 0.317627 0.263899 0.357569
0 0.445269 0.318499 0.272222 0.361701