0 0.445708 0.463477 0.343897 0.468802
0 0.443671 0.470684 0.344693 0.465273
0 0.445893 0.471588 0.348788 0.460860
0 0.449178 0.464830 0.357121 0.473177
0 0.446056 0.456642 0.348063 0.469766
0 0.446783 0.465394 0.351218 0.463329
0 0.447915 0.467603 0.355424 0.464763
0 0.444897 0.467945 0.353176 0.456912
0 0.448626 0.466839 0.352926 0.464451
0 0.451284 0.457530 0.351634 0.468381
0 0.446662 0.466558 0.357459 0.478469
0 0.446726 0.470123 0.353303 0.477473
0 0.446372 0.471665 0.349507 0.473409
0 0.448705 0.470602 0.352758 0.466385
0 0.446612 0.468448 0.347989 0.461144
0 0.445933 0.466292 0.350593 0.463305
0 0.447661 0.468730 0.354719 0.466407
0 0.447645 0.470601 0.351365 0.468119
0 0.447708 0.469955 0.356242 0.472441
0 0.446340 0.472698 0.356501 0.469356
0 0.443273 0.471215 0.351354 0.466648
0 0.445381 0.467728 0.349514 0.470992
0 0.442502 0.468171 0.350921 0.474077
0 0.446183 0.469379 0.358561 0.477167
0 0.446004 0.466811 0.358082 0.483505
0 0.444607 0.470225 0.356228 0.468194
0 0.446016 0.469528 0.355903 0.472276
0 0.450022 0.468113 0.354853 0.476735
0 0.439586 0.471059 0.348531 0.462108
0 0.444556 0.470518 0.352419 0.465211
0 0.445887 0.470640 0.360328 0.471409
0 0.446078 0.471004 0.354786 0.475965
0 0.445564 0.466822 0.356593 0.483224
0 0.444479 0.477741 0.346282 0.459002
0 0.445027 0.475839 0.349206 0.467341
0 0.444835 0.474153 0.354516 0.477203
0 0.447856 0.482532 0.355837 0.479195