0 0.510833 0.369539 0.299894 0.341956
0 0.514477 0.371232 0.295499 0.351702
0 0.515408 0.375601 0.294538 0.360806
0 0.514636 0.377317 0.295363 0.360623
0 0.513899 0.375860 0.295313 0.357887
0 0.513012 0.373433 0.299030 0.346079
0 0.515003 0.375943 0.296866 0.362237
0 0.516073 0.380518 0.294859 0.366513
0 0.515911 0.383315 0.294385 0.360205
0 0.514881 0.382846 0.297292 0.362297
0 0.512394 0.374326 0.297149 0.345313
0 0.516068 0.375694 0.293013 0.353458
0 0.517166 0.380056 0.286509 0.354271
0 0.514061 0.381465 0.283373 0.348522
0 0.515145 0.383021 0.292252 0.360220
0 0.513836 0.375491 0.296662 0.345872
0 0.517540 0.375367 0.291462 0.349956
0 0.517599 0.378289 0.283774 0.351727
0 0.515639 0.379230 0.282180 0.352919
0 0.516822 0.382987 0.291313 0.353907
0 0.516121 0.375121 0.292556 0.350197
0 0.517130 0.375691 0.291922 0.353592
0 0.518270 0.378604 0.288945 0.355221
0 0.516293 0.378778 0.286577 0.352759
0 0.518967 0.381155 0.293861 0.360981
0 0.517486 0.374232 0.290968 0.354514
0 0.517777 0.376936 0.287919 0.352423
0 0.518270 0.377926 0.285671 0.355321
0 0.519984 0.380728 0.291018 0.360430
0 0.519971 0.378495 0.282801 0.354551
0 0.515038 0.373273 0.303321 0.356748
0 0.517308 0.382412 0.310037 0.349821
0 0.519448 0.386300 0.303078 0.358864
0 0.518227 0.385594 0.311471 0.360641
0 0.512296 0.368870 0.298425 0.356447
0 0.516162 0.378721 0.299865 0.355479
0 0.514531 0.380771 0.301834 0.349489
0 0.516997 0.384813 0.296385 0.360947
0 0.517644 0.385519 0.298387 0.359735
0 0.515861 0.379850 0.297458 0.353317
0 0.514203 0.374308 0.295358 0.348867
0 0.516689 0.375629 0.300349 0.361692
0 0.513995 0.379997 0.303224 0.362860
0 0.517964 0.382371 0.301764 0.365599
0 0.513545 0.383852 0.296987 0.362213
0 0.516649 0.381618 0.297827 0.361408
0 0.514804 0.376389 0.290439 0.349005
0 0.516134 0.377269 0.298221 0.359647
0 0.518517 0.383388 0.293027 0.364350
0 0.516459 0.380954 0.298077 0.363085
0 0.516714 0.378129 0.295312 0.368704
0 0.514737 0.383574 0.290627 0.344976
0 0.516606 0.382755 0.288411 0.355675
0 0.519113 0.383968 0.287103 0.351713
0 0.517177 0.387176 0.287930 0.359919