0 0.632305 0.400607 0.339463 0.471660
0 0.633515 0.396695 0.335147 0.474372
0 0.635239 0.404922 0.341545 0.445075
0 0.632691 0.408145 0.344362 0.444208
0 0.635766 0.404656 0.344204 0.455844
0 0.633626 0.394507 0.340117 0.459269
0 0.632112 0.402586 0.342427 0.443344
0 0.637339 0.404091 0.349394 0.438210
0 0.634373 0.401011 0.342318 0.445213
0 0.633282 0.396885 0.348259 0.449522
0 0.633752 0.396596 0.343080 0.447859
0 0.628297 0.405258 0.359733 0.427948
0 0.634348 0.402839 0.348491 0.436581
0 0.633823 0.399950 0.347632 0.443177
0 0.630458 0.401367 0.354119 0.451818
0 0.633309 0.403722 0.350946 0.443168
0 0.630631 0.401893 0.346238 0.449632
0 0.633681 0.398889 0.341850 0.451226
0 0.630530 0.412533 0.369927 0.418016
0 0.633502 0.400786 0.344900 0.434040
0 0.634114 0.402347 0.350503 0.435688
0 0.630874 0.405645 0.352543 0.446809
0 0.632319 0.405489 0.351865 0.444116
0 0.635946 0.400096 0.348371 0.444068
0 0.634819 0.402035 0.342596 0.444570
0 0.632825 0.404757 0.352573 0.428283
0 0.633186 0.408209 0.349833 0.431109
0 0.633638 0.406223 0.348304 0.443510
0 0.635043 0.407348 0.352859 0.442859
0 0.633776 0.402815 0.356382 0.446029
0 0.638034 0.406894 0.348651 0.441165
0 0.630564 0.418535 0.361663 0.420246
0 0.638058 0.406037 0.351240 0.433167
0 0.631769 0.405436 0.346991 0.436906
0 0.635971 0.403321 0.349142 0.442344
0 0.636333 0.404487 0.350829 0.442112
0 0.638705 0.405449 0.355768 0.441287
0 0.641314 0.407129 0.353209 0.445393