0 0.598026 0.322399 0.291176 0.429099
0 0.597223 0.320560 0.289590 0.432120
0 0.593338 0.324588 0.300092 0.435461
0 0.600654 0.326246 0.290228 0.423657
0 0.601086 0.327071 0.290001 0.433294
0 0.600270 0.319446 0.295903 0.429176
0 0.595911 0.319719 0.292176 0.427170
0 0.596518 0.318087 0.292740 0.416507
0 0.599250 0.321358 0.293411 0.416224
0 0.598633 0.320592 0.295057 0.418101
0 0.594493 0.319358 0.297329 0.420588
0 0.596917 0.315217 0.294976 0.416748
0 0.594117 0.321737 0.282727 0.424847
0 0.596998 0.319839 0.291148 0.413251
0 0.594785 0.321490 0.293353 0.416550
0 0.596574 0.315398 0.296543 0.418426
0 0.596719 0.318620 0.294235 0.416714
0 0.595770 0.316313 0.296396 0.421918
0 0.590574 0.318601 0.283812 0.416547
0 0.594277 0.319882 0.286944 0.413942
0 0.594175 0.316729 0.302675 0.419314
0 0.596001 0.318571 0.294610 0.417277
0 0.597060 0.317333 0.302372 0.422989
0 0.599010 0.320143 0.301567 0.428850
0 0.595276 0.319441 0.283857 0.418786
0 0.598934 0.315633 0.292938 0.420692
0 0.597540 0.314702 0.297182 0.415842
0 0.595216 0.316244 0.300079 0.417473
0 0.602419 0.322807 0.301999 0.407111
0 0.604805 0.328455 0.303535 0.416744