0 0.739410 0.380152 0.263627 0.370178
0 0.745482 0.383070 0.256972 0.371060
0 0.746617 0.381581 0.249754 0.368403
0 0.741564 0.389003 0.264548 0.376608
0 0.744508 0.388278 0.263660 0.377707
0 0.744296 0.387530 0.258463 0.370661
0 0.744667 0.385048 0.256374 0.370727
0 0.737270 0.390628 0.256959 0.368056
0 0.742443 0.389300 0.261258 0.376603
0 0.743708 0.387062 0.263191 0.375837
0 0.744401 0.388020 0.259136 0.375421
0 0.745237 0.389156 0.256167 0.370679
0 0.738021 0.389661 0.260914 0.361525
0 0.743435 0.386822 0.264372 0.373267
0 0.744056 0.384075 0.261232 0.374143
0 0.743955 0.386144 0.256698 0.374971
0 0.746175 0.388394 0.254504 0.368799
0 0.742996 0.386263 0.263947 0.374435
0 0.744966 0.382864 0.257902 0.372352
0 0.745153 0.384684 0.257487 0.371814
0 0.747218 0.386522 0.255783 0.366332
0 0.741432 0.382942 0.261079 0.379656
0 0.744589 0.381646 0.260233 0.378313
0 0.746024 0.384242 0.258870 0.379349
0 0.746531 0.388438 0.252765 0.372050
0 0.741714 0.383170 0.257243 0.375098
0 0.744795 0.381768 0.259026 0.375392
0 0.745657 0.383115 0.256715 0.376970
0 0.747303 0.387517 0.251487 0.365479
0 0.742818 0.383810 0.259522 0.374248
0 0.743594 0.383942 0.253221 0.376561
0 0.743153 0.387304 0.255664 0.382216
0 0.747439 0.391047 0.250942 0.368197
0 0.742119 0.389779 0.255983 0.378898
0 0.745523 0.387854 0.251290 0.382196
0 0.743090 0.392272 0.250736 0.381999
0 0.748231 0.397379 0.249253 0.373038
0 0.739774 0.388410 0.268939 0.376648
0 0.746238 0.389569 0.267381 0.377619
0 0.745937 0.386883 0.263959 0.382469
0 0.743074 0.381753 0.262955 0.389244
0 0.740215 0.388308 0.267873 0.374735
0 0.749343 0.391597 0.264372 0.365215
0 0.743100 0.383677 0.255093 0.375214
0 0.745764 0.386775 0.251157 0.373120
0 0.746608 0.383781 0.247970 0.375913
0 0.742981 0.389315 0.256465 0.372566
0 0.745866 0.391301 0.257780 0.371068
0 0.742365 0.385759 0.258156 0.378257
0 0.743826 0.389334 0.251273 0.371266
0 0.746800 0.387542 0.251989 0.386273
0 0.749665 0.384130 0.248429 0.376352
0 0.745199 0.396199 0.254399 0.366280
0 0.747793 0.387228 0.259249 0.367642
0 0.738727 0.386625 0.262141 0.376500
0 0.742218 0.384758 0.248373 0.376469
0 0.744074 0.382408 0.247761 0.390668
0 0.752813 0.385607 0.251065 0.382175
0 0.743087 0.390716 0.258191 0.369761
0 0.742745 0.386188 0.262294 0.379342
0 0.743522 0.386331 0.258297 0.375683
0 0.745738 0.388269 0.255593 0.380691
0 0.743291 0.396670 0.277409 0.383780
0 0.745357 0.396758 0.273885 0.380211