0 0.531318 0.410516 0.352176 0.463868
0 0.529042 0.419141 0.347438 0.466851
0 0.528612 0.421478 0.348091 0.468903
0 0.534953 0.406834 0.351190 0.460101
0 0.530309 0.419627 0.350776 0.465805
0 0.529176 0.423318 0.345570 0.465148
0 0.525900 0.425615 0.354042 0.477692
0 0.529037 0.423196 0.347515 0.472595
0 0.534541 0.413229 0.352687 0.470795
0 0.530777 0.422270 0.350354 0.483723
0 0.530931 0.424721 0.353150 0.479167
0 0.527366 0.423674 0.348834 0.476991
0 0.525980 0.426553 0.352551 0.473720
0 0.538708 0.424343 0.355118 0.482274
0 0.534650 0.411645 0.350574 0.463055
0 0.532886 0.419710 0.343837 0.465887
0 0.529616 0.420119 0.340567 0.466382
0 0.526228 0.423794 0.344586 0.466770
0 0.527151 0.423170 0.344690 0.475341
0 0.535711 0.425062 0.361464 0.481760
0 0.532366 0.410139 0.352931 0.463924
0 0.534180 0.415635 0.352575 0.473146
0 0.527878 0.417405 0.344871 0.455747
0 0.526402 0.419921 0.351062 0.460046
0 0.528501 0.418804 0.354476 0.474426
0 0.538053 0.428465 0.365847 0.490925
0 0.531247 0.424600 0.352815 0.469450
0 0.536221 0.418056 0.355671 0.471271
0 0.529341 0.420580 0.352646 0.465123
0 0.529821 0.422166 0.350386 0.468062
0 0.531156 0.424662 0.352162 0.484957
0 0.533986 0.415391 0.367344 0.501871
0 0.531957 0.416141 0.367337 0.503446
0 0.535328 0.421321 0.366008 0.493836