0 0.489328 0.559280 0.528141 0.756593
0 0.495604 0.556045 0.530248 0.764458
0 0.494219 0.551505 0.529683 0.764677
0 0.486460 0.557094 0.528723 0.765913
0 0.495358 0.560366 0.524998 0.771978
0 0.501108 0.554807 0.520524 0.763735
0 0.495132 0.556110 0.530093 0.732930
0 0.493103 0.558766 0.522488 0.735152
0 0.491771 0.543666 0.515669 0.729771
0 0.495811 0.560464 0.520995 0.746407
0 0.492480 0.543477 0.519573 0.731162
0 0.492696 0.557344 0.516518 0.744272
0 0.492841 0.541306 0.516208 0.721954
0 0.491844 0.551602 0.514536 0.732841
0 0.501872 0.538576 0.503406 0.716448
0 0.499714 0.552582 0.514170 0.743910
0 0.498326 0.553818 0.510922 0.737860
0 0.501653 0.544753 0.517285 0.752292
0 0.498034 0.553853 0.536857 0.749258
0 0.501399 0.563583 0.539338 0.733853
0 0.497535 0.565335 0.528725 0.744679
0 0.494502 0.557869 0.530942 0.748853
0 0.501334 0.567838 0.526494 0.747361
0 0.489838 0.554097 0.537662 0.752936
0 0.489957 0.565862 0.522214 0.742571
0 0.491902 0.551524 0.523323 0.747216
0 0.493492 0.558847 0.515047 0.740290
0 0.494861 0.550893 0.517321 0.742541
0 0.494288 0.559317 0.515085 0.752484
0 0.494559 0.560436 0.505544 0.741690
0 0.498115 0.554008 0.506301 0.746837
0 0.490175 0.557619 0.534448 0.781854
0 0.496879 0.563029 0.545154 0.744308
0 0.493440 0.568230 0.529380 0.741218
0 0.497337 0.563426 0.535539 0.747020
0 0.491083 0.556599 0.531715 0.738973
0 0.493941 0.555312 0.527790 0.743383
0 0.487849 0.551290 0.540159 0.740170
0 0.489539 0.555647 0.529969 0.748334
0 0.485718 0.547012 0.532773 0.729238
0 0.488003 0.553877 0.529968 0.745053
0 0.492689 0.547145 0.522908 0.724982
0 0.490677 0.550165 0.521977 0.742750
0 0.494268 0.551069 0.520107 0.745744
0 0.497347 0.551417 0.514845 0.736930
0 0.481966 0.559479 0.541852 0.773967
0 0.505580 0.554124 0.580398 0.739068
0 0.499685 0.561806 0.545246 0.728812
0 0.494622 0.567805 0.531866 0.745279
0 0.498147 0.553765 0.532971 0.748645
0 0.493787 0.549685 0.530235 0.734992
0 0.494925 0.546502 0.520342 0.745810
0 0.491961 0.539075 0.533210 0.728011
0 0.494546 0.538939 0.526117 0.744356
0 0.486210 0.536108 0.515631 0.717701
0 0.487897 0.539740 0.515876 0.746260
0 0.494320 0.535831 0.522588 0.722314
0 0.492806 0.538482 0.515282 0.741230
0 0.490394 0.542808 0.530440 0.741906
0 0.496518 0.549204 0.516245 0.725248
0 0.476090 0.551331 0.541923 0.743587
0 0.506812 0.558196 0.577878 0.724158
0 0.499463 0.561593 0.554929 0.717064
0 0.495386 0.570376 0.533478 0.739551
0 0.502226 0.561004 0.534225 0.745306
0 0.494282 0.558608 0.536987 0.743081
0 0.497063 0.556994 0.527845 0.750913
0 0.493316 0.553036 0.527742 0.729019
0 0.495325 0.549698 0.526104 0.739695
0 0.488645 0.548139 0.515968 0.732324
0 0.489581 0.546437 0.511712 0.738735
0 0.495376 0.543321 0.513653 0.731080
0 0.492596 0.547051 0.511964 0.749633
0 0.489292 0.548908 0.529464 0.741300
0 0.487442 0.546517 0.514440 0.719468
0 0.477017 0.553192 0.535318 0.736855
0 0.496628 0.548919 0.518679 0.753603
0 0.509116 0.571123 0.566096 0.709229
0 0.501951 0.567372 0.559595 0.702473
0 0.496331 0.570095 0.531287 0.715488
0 0.500173 0.564193 0.534708 0.721394
0 0.496897 0.562756 0.528596 0.709004
0 0.502342 0.560621 0.535909 0.734418
0 0.495588 0.561419 0.518770 0.721014
0 0.498746 0.559480 0.521807 0.730511
0 0.487335 0.559227 0.511068 0.721067
0 0.487530 0.552749 0.516586 0.734133
0 0.489714 0.556612 0.503476 0.718736
0 0.486976 0.552847 0.507749 0.734055
0 0.487632 0.561060 0.520928 0.731224
0 0.485032 0.562465 0.519772 0.717540
0 0.475892 0.565114 0.523999 0.718140
0 0.506162 0.585545 0.550581 0.687618
0 0.501423 0.580200 0.524938 0.685672
0 0.497969 0.577764 0.523538 0.706299
0 0.495370 0.575107 0.511316 0.692068
0 0.499198 0.574735 0.519009 0.710066
0 0.493380 0.570721 0.510396 0.708447
0 0.496624 0.570847 0.515884 0.720817
0 0.494036 0.565292 0.514071 0.725590
0 0.494784 0.557732 0.507525 0.720387
0 0.493716 0.568398 0.498599 0.714636
0 0.491613 0.560978 0.499865 0.726942
0 0.482283 0.565162 0.518473 0.725797
0 0.478404 0.571571 0.520687 0.705231
0 0.485364 0.579380 0.518968 0.695541
0 0.503820 0.583651 0.507541 0.662518
0 0.498487 0.577396 0.513367 0.689668
0 0.492151 0.575730 0.504778 0.691738
0 0.499588 0.580778 0.511692 0.704373
0 0.489270 0.576220 0.513963 0.702548
0 0.492962 0.575045 0.513561 0.706879
0 0.493276 0.574578 0.523248 0.702183
0 0.494925 0.568249 0.518469 0.704814
0 0.495355 0.582089 0.505449 0.689177
0 0.494960 0.573557 0.509019 0.716821
0 0.476782 0.579609 0.524919 0.710919
0 0.472613 0.583258 0.521517 0.692334
0 0.502537 0.583575 0.512550 0.653512
0 0.486604 0.587616 0.515589 0.665753
0 0.493373 0.578913 0.514028 0.664445
0 0.486013 0.586633 0.505456 0.663856
0 0.490468 0.580809 0.520042 0.683882
0 0.487596 0.588241 0.499362 0.651526
0 0.489312 0.576104 0.523026 0.677846
0 0.492223 0.579707 0.514670 0.683935
0 0.479718 0.582465 0.524236 0.690402
0 0.481786 0.603405 0.543613 0.637834