0 0.595570 0.533999 0.402794 0.509762
0 0.596336 0.539713 0.398955 0.504632
0 0.597797 0.535261 0.409203 0.502408
0 0.604807 0.522399 0.406844 0.490965
0 0.590546 0.537614 0.404706 0.518433
0 0.601056 0.536646 0.411564 0.507051
0 0.597179 0.539889 0.413120 0.513955
0 0.596788 0.538900 0.426183 0.504685
0 0.604606 0.532447 0.417820 0.493102
0 0.605421 0.524533 0.410854 0.492043
0 0.597338 0.546659 0.408161 0.517283
0 0.599128 0.541987 0.419801 0.525762
0 0.594907 0.543678 0.408646 0.528284
0 0.595528 0.546893 0.421198 0.530338
0 0.600618 0.543360 0.415412 0.522652
0 0.599323 0.539359 0.423644 0.506340
0 0.579297 0.550261 0.408607 0.504512
0 0.595276 0.548949 0.408191 0.509778
0 0.598610 0.542154 0.416358 0.512669
0 0.594085 0.546041 0.417476 0.526440
0 0.597092 0.547769 0.425556 0.526163
0 0.596634 0.546095 0.423627 0.528941
0 0.596212 0.541771 0.419850 0.518515
0 0.594229 0.546667 0.407069 0.525011
0 0.597997 0.544033 0.418381 0.525272
0 0.595606 0.546960 0.408872 0.525985
0 0.596714 0.547364 0.416786 0.532699
0 0.596067 0.545315 0.418929 0.526620
0 0.594865 0.542960 0.426766 0.525323
0 0.602771 0.543367 0.423288 0.524256
0 0.590027 0.544133 0.418181 0.534560
0 0.598870 0.546712 0.423607 0.534020
0 0.598140 0.548066 0.422406 0.534359
0 0.597590 0.547676 0.424095 0.527176
0 0.594634 0.546993 0.432451 0.534575
0 0.603858 0.546837 0.431899 0.536621
0 0.596857 0.546557 0.434799 0.528450
0 0.604649 0.543619 0.432687 0.532040
0 0.583813 0.560347 0.419874 0.513764
0 0.594773 0.549355 0.422964 0.528352
0 0.596440 0.546053 0.422732 0.525069
0 0.594872 0.546245 0.426729 0.525844
0 0.598986 0.542137 0.423589 0.523802
0 0.588198 0.562053 0.429204 0.541122
0 0.596125 0.546846 0.430577 0.547740
0 0.595506 0.545720 0.427980 0.535283