0 0.053219 0.505552 0.057066 0.093603
0 0.051541 0.506239 0.058457 0.088432
0 0.053240 0.506014 0.057500 0.088767
0 0.051713 0.504976 0.058704 0.091484
0 0.052624 0.505902 0.057907 0.090630
0 0.051060 0.504840 0.057990 0.092582
0 0.053437 0.505627 0.055827 0.089806
0 0.052878 0.504966 0.058386 0.095026
0 0.484380 0.319092 0.274114 0.370578
0 0.486801 0.319845 0.274307 0.368513
0 0.486000 0.318752 0.274323 0.365957
0 0.483227 0.321257 0.281472 0.365821
0 0.486560 0.320053 0.280240 0.369538
0 0.486672 0.320933 0.282303 0.375778
0 0.486902 0.320765 0.279364 0.370886
0 0.486838 0.322062 0.283748 0.379371
0 0.488118 0.324068 0.284283 0.379431
0 0.487179 0.323148 0.280768 0.376850
0 0.487676 0.320525 0.280372 0.369237
0 0.487850 0.321531 0.280016 0.370390
0 0.485338 0.319105 0.277427 0.373709
0 0.487912 0.319458 0.276869 0.368949
0 0.487842 0.319850 0.278494 0.372847
0 0.486511 0.317017 0.275893 0.374088
0 0.485645 0.318395 0.275507 0.371587
0 0.487232 0.319100 0.281844 0.375369
0 0.486812 0.315357 0.278777 0.375273
0 0.488671 0.317328 0.285081 0.366705
0 0.485740 0.317552 0.275871 0.370614
0 0.486298 0.318046 0.279199 0.370560
0 0.486386 0.316683 0.273522 0.373580
0 0.490698 0.318391 0.284190 0.367018
0 0.486463 0.321974 0.274236 0.369746
0 0.487929 0.320805 0.272363 0.367316
0 0.487401 0.322754 0.273760 0.368154
0 0.054322 0.506968 0.060668 0.096815
0 0.054299 0.508286 0.061170 0.097794
0 0.054921 0.507633 0.060301 0.094136
0 0.054341 0.507470 0.061240 0.095942
0 0.055085 0.508959 0.063150 0.098218
0 0.055367 0.508975 0.064195 0.100572
0 0.488298 0.325246 0.279538 0.368870
0 0.489512 0.326540 0.276803 0.375342
0 0.489424 0.325882 0.282979 0.376447
0 0.485091 0.321778 0.282095 0.383211
0 0.490580 0.322859 0.280597 0.369292
0 0.488915 0.323053 0.279241 0.369717
0 0.492783 0.324019 0.275322 0.368140
0 0.486465 0.323762 0.278243 0.368286
0 0.488188 0.319596 0.277838 0.369345
0 0.491049 0.318079 0.285039 0.390396
0 0.489101 0.320827 0.282896 0.368960
0 0.486981 0.320309 0.281678 0.373609
0 0.489463 0.320959 0.277952 0.376515
0 0.485887 0.320726 0.276045 0.372890
0 0.487389 0.320656 0.276228 0.372894
0 0.488497 0.316613 0.287002 0.383521
0 0.487770 0.322371 0.279678 0.370829
0 0.486370 0.319449 0.280966 0.377032
0 0.489633 0.321028 0.280696 0.375381
0 0.483874 0.317758 0.280428 0.377134
0 0.488995 0.318296 0.281497 0.374608
0 0.484979 0.323991 0.276684 0.377608
0 0.488575 0.320048 0.274964 0.376113
0 0.487901 0.320808 0.275358 0.376937
0 0.490128 0.321391 0.282831 0.382059