0 0.506693 0.239786 0.150496 0.194425
0 0.509046 0.242695 0.152773 0.191039
0 0.507576 0.244284 0.151049 0.190899
0 0.506828 0.244729 0.151020 0.196595
0 0.508571 0.242694 0.152235 0.188506
0 0.508276 0.244543 0.151400 0.190555
0 0.507563 0.244537 0.152076 0.186686
0 0.507176 0.243806 0.151366 0.190517
0 0.507660 0.242985 0.150255 0.193736
0 0.508509 0.240700 0.151894 0.191024
0 0.507385 0.245424 0.151267 0.188149
0 0.508082 0.245128 0.154139 0.190139
0 0.507572 0.245749 0.155328 0.190879
0 0.508316 0.245591 0.155645 0.193485
0 0.506126 0.244951 0.151253 0.193728
0 0.507103 0.243073 0.151912 0.192207
0 0.506623 0.243503 0.151388 0.187867
0 0.507175 0.244786 0.153479 0.190928
0 0.507492 0.245144 0.154189 0.191303
0 0.506458 0.244429 0.152381 0.190083
0 0.505919 0.245310 0.150683 0.193518
0 0.508549 0.244788 0.149216 0.191542
0 0.507147 0.245039 0.152358 0.188385
0 0.507824 0.245514 0.153856 0.188910
0 0.505430 0.245936 0.150668 0.188512
0 0.506628 0.248697 0.152345 0.193969
0 0.507630 0.247689 0.150043 0.187439
0 0.507616 0.249185 0.147261 0.184759
0 0.507758 0.248179 0.147100 0.188943