0 0.470405 0.224558 0.141667 0.214774
0 0.470042 0.225819 0.139287 0.207862
0 0.470113 0.225113 0.137908 0.205882
0 0.470926 0.219731 0.139889 0.206807
0 0.469659 0.224195 0.139809 0.203464
0 0.470648 0.225174 0.131099 0.195517
0 0.470748 0.223522 0.136663 0.204661
0 0.471133 0.223153 0.135559 0.199828
0 0.471500 0.224098 0.134705 0.199192
0 0.471794 0.224589 0.138468 0.202750
0 0.470784 0.224690 0.138660 0.202290
0 0.471778 0.224695 0.132918 0.195796
0 0.471444 0.223502 0.135561 0.200306
0 0.472173 0.224932 0.135643 0.202519
0 0.472495 0.226022 0.134636 0.200589
0 0.473014 0.225099 0.134089 0.201136
0 0.471780 0.222070 0.134333 0.203584
0 0.471154 0.223201 0.135911 0.200560
0 0.473051 0.225285 0.132039 0.196099
0 0.471961 0.224554 0.134743 0.202500
0 0.472601 0.224712 0.133957 0.200255
0 0.472724 0.225264 0.135107 0.199846
0 0.474400 0.226345 0.131697 0.200375
0 0.470582 0.225538 0.133090 0.201858
0 0.472040 0.225969 0.134450 0.200209
0 0.471962 0.225530 0.131947 0.193904
0 0.472954 0.225062 0.133969 0.198814
0 0.473754 0.227090 0.130311 0.189962
0 0.472232 0.226038 0.132966 0.195290
0 0.474365 0.226572 0.131502 0.194782
0 0.471303 0.226876 0.137092 0.197743
0 0.473142 0.227515 0.136398 0.196815
0 0.475341 0.228784 0.134532 0.194173
0 0.477019 0.229315 0.132716 0.192017