0 0.158079 0.404906 0.043577 0.086529
0 0.156189 0.405322 0.039861 0.082608
0 0.158812 0.406841 0.042858 0.082377
0 0.161178 0.406909 0.042635 0.083158
0 0.155963 0.405428 0.040015 0.085010
0 0.158788 0.404954 0.042915 0.082096
0 0.160581 0.406198 0.043910 0.081623
0 0.158801 0.404631 0.044181 0.080490
0 0.161601 0.405031 0.045489 0.079146
0 0.978794 0.441960 0.040496 0.092565
0 0.157455 0.404967 0.045989 0.083969
0 0.979710 0.444350 0.040090 0.094712
0 0.979158 0.446031 0.040813 0.099067
0 0.861210 0.472590 0.051841 0.055297
0 0.861204 0.472668 0.052942 0.056727
0 0.979354 0.445493 0.037508 0.094676
0 0.861653 0.472966 0.053815 0.056905
0 0.861466 0.472459 0.052509 0.057019
0 0.860853 0.473092 0.053009 0.057535
0 0.861609 0.472217 0.055322 0.057355
0 0.861741 0.474155 0.056175 0.059787
0 0.861522 0.472635 0.053997 0.058739
0 0.861769 0.472668 0.053859 0.058696
0 0.861057 0.473558 0.055982 0.062826
0 0.861804 0.473823 0.055141 0.062897
0 0.498417 0.286926 0.149432 0.217810
0 0.497491 0.286619 0.149148 0.221219
0 0.499288 0.286029 0.146496 0.209757
0 0.499728 0.285745 0.144454 0.209759
0 0.497323 0.286099 0.142370 0.205905
0 0.496801 0.287287 0.144062 0.210688
0 0.499119 0.286408 0.145510 0.213441
0 0.496765 0.287171 0.144004 0.210708
0 0.498080 0.288407 0.144339 0.206078
0 0.497995 0.288869 0.141943 0.203191
0 0.497679 0.289063 0.144030 0.209952
0 0.498694 0.287174 0.146354 0.209426
0 0.498503 0.287453 0.143387 0.210944
0 0.496561 0.287566 0.144607 0.206383
0 0.498097 0.287940 0.144265 0.206167
0 0.499191 0.289421 0.145054 0.207752
0 0.498112 0.288794 0.146034 0.206344
0 0.497782 0.289472 0.144662 0.204966
0 0.496719 0.288280 0.140131 0.213543
0 0.496492 0.285962 0.142126 0.206242
0 0.497428 0.287288 0.141493 0.207231
0 0.497493 0.288768 0.142696 0.205053
0 0.498625 0.289040 0.142875 0.207366
0 0.499337 0.290896 0.143629 0.204899
0 0.496296 0.288037 0.140592 0.208741
0 0.497283 0.287477 0.143094 0.208472
0 0.497557 0.289732 0.142528 0.206078
0 0.498562 0.290686 0.141226 0.205113
0 0.498503 0.292297 0.144588 0.209173
0 0.497651 0.294180 0.142264 0.206119
0 0.155618 0.404909 0.048326 0.086354