0 0.442676 0.305283 0.147591 0.190519
0 0.442375 0.305439 0.147067 0.191645
0 0.444200 0.306107 0.146959 0.187314
0 0.443230 0.307334 0.143728 0.190734
0 0.443085 0.306627 0.145446 0.185895
0 0.443502 0.306231 0.145409 0.189455
0 0.444525 0.308401 0.144537 0.187824
0 0.442932 0.307571 0.145181 0.189306
0 0.444168 0.308786 0.142344 0.184684
0 0.444258 0.308547 0.143751 0.187824
0 0.444626 0.309142 0.142743 0.184642
0 0.444541 0.308136 0.144094 0.187911
0 0.444141 0.308362 0.144008 0.190605
0 0.445484 0.306336 0.147116 0.193104
0 0.444730 0.306561 0.141929 0.187854
0 0.444369 0.308060 0.145591 0.187816
0 0.445289 0.308354 0.141748 0.183543
0 0.444557 0.309172 0.143300 0.186266
0 0.445783 0.309403 0.144993 0.181475
0 0.445002 0.309351 0.145280 0.185399
0 0.443809 0.309287 0.142883 0.190191
0 0.445620 0.310185 0.145335 0.191139
0 0.445864 0.307470 0.142114 0.191743
0 0.444251 0.307847 0.142203 0.187183
0 0.445801 0.309332 0.142547 0.184153
0 0.444769 0.308931 0.146213 0.187573
0 0.445728 0.309935 0.143181 0.177535
0 0.444461 0.310830 0.146716 0.184653
0 0.444608 0.310821 0.143210 0.184049
0 0.448090 0.314023 0.146080 0.187937
0 0.444004 0.309845 0.142653 0.185126
0 0.445056 0.309192 0.145455 0.183628
0 0.446389 0.311738 0.144107 0.182073
0 0.447440 0.313874 0.142941 0.182697