0 0.476073 0.338561 0.335434 0.454773
0 0.477669 0.346032 0.341257 0.453898
0 0.479302 0.340289 0.343370 0.454007
0 0.474771 0.342956 0.350202 0.463126
0 0.476451 0.356463 0.347420 0.456542
0 0.474994 0.354989 0.346503 0.457070
0 0.478729 0.353392 0.349392 0.447931
0 0.479217 0.347038 0.346886 0.460704
0 0.478654 0.349729 0.349283 0.460012
0 0.480516 0.354453 0.348219 0.454289
0 0.479989 0.353927 0.346478 0.458512
0 0.478268 0.351714 0.349175 0.452554
0 0.477151 0.354476 0.352373 0.455996
0 0.471507 0.351607 0.347613 0.445372
0 0.478111 0.350797 0.350490 0.457459
0 0.477796 0.353246 0.346421 0.455617
0 0.478639 0.352744 0.347477 0.454122
0 0.476877 0.354109 0.347552 0.452307
0 0.475794 0.352270 0.347823 0.450716
0 0.479927 0.354935 0.339891 0.451685
0 0.473302 0.352681 0.347575 0.439325
0 0.477877 0.350983 0.348959 0.447056
0 0.478858 0.353802 0.345208 0.447709
0 0.473797 0.354021 0.346548 0.453427
0 0.475004 0.353139 0.349661 0.451412
0 0.477918 0.353103 0.348140 0.451362
0 0.479961 0.356071 0.341611 0.453121
0 0.477607 0.351772 0.344950 0.446716
0 0.481432 0.353782 0.346693 0.446159
0 0.478307 0.353271 0.350932 0.449995
0 0.475791 0.354052 0.349924 0.454865
0 0.478287 0.351063 0.349736 0.461926
0 0.489477 0.355922 0.339380 0.455869
0 0.478556 0.351883 0.340739 0.440946
0 0.477990 0.352018 0.346688 0.449271
0 0.477486 0.352521 0.353353 0.454269
0 0.477108 0.350799 0.348275 0.467479
0 0.482115 0.355787 0.344615 0.448977