0 0.519870 0.413274 0.387894 0.539299
0 0.523845 0.417760 0.386695 0.538076
0 0.527509 0.409439 0.390617 0.535923
0 0.520350 0.410946 0.398245 0.550604
0 0.523429 0.417731 0.397531 0.540338
0 0.519299 0.416206 0.402374 0.531404
0 0.520417 0.408768 0.400533 0.521318
0 0.527397 0.403147 0.391813 0.525858
0 0.525440 0.417312 0.410745 0.547018
0 0.523366 0.424292 0.406348 0.540509
0 0.520949 0.424493 0.409398 0.538268
0 0.525388 0.420738 0.406432 0.530399
0 0.526404 0.419905 0.404485 0.530043
0 0.519877 0.423712 0.399467 0.536604
0 0.523910 0.420810 0.413824 0.553737
0 0.519779 0.416626 0.414998 0.565098
0 0.524850 0.422723 0.409522 0.549471
0 0.522094 0.420461 0.406987 0.543554
0 0.523739 0.418208 0.407193 0.536695
0 0.524921 0.414839 0.403489 0.529946
0 0.530239 0.412574 0.393836 0.520872
0 0.520594 0.423668 0.399576 0.531308
0 0.524835 0.417877 0.415038 0.543555
0 0.523506 0.415888 0.419674 0.559806
0 0.523246 0.422322 0.408977 0.547071
0 0.519590 0.420148 0.408294 0.533766
0 0.521857 0.419399 0.409743 0.537071
0 0.521802 0.416057 0.408266 0.538729
0 0.527977 0.417023 0.388187 0.529748
0 0.518436 0.424254 0.396253 0.538165
0 0.522322 0.415531 0.409214 0.564254
0 0.524080 0.417911 0.405792 0.536900
0 0.524752 0.414712 0.417712 0.556281
0 0.527509 0.416376 0.408907 0.546209
0 0.521201 0.419647 0.408468 0.542594
0 0.523714 0.420554 0.414274 0.537566
0 0.525812 0.422294 0.418966 0.540517
0 0.526169 0.414922 0.410819 0.545216
0 0.533824 0.409804 0.416218 0.548248
0 0.532668 0.415964 0.388168 0.531037
0 0.524170 0.422340 0.409732 0.536858
0 0.530917 0.421569 0.420005 0.552968
0 0.529240 0.424292 0.409280 0.534371
0 0.523940 0.422141 0.413313 0.531784
0 0.524724 0.423397 0.416345 0.532032
0 0.526716 0.420409 0.406569 0.542582
0 0.527507 0.415447 0.403470 0.543838
0 0.522114 0.414245 0.403783 0.551687
0 0.522175 0.412244 0.405112 0.550558
0 0.522219 0.426498 0.394567 0.544163