0 0.508696 0.362451 0.363873 0.537426
0 0.511725 0.365163 0.368481 0.535255
0 0.511956 0.358607 0.368185 0.525005
0 0.510078 0.364828 0.366703 0.513566
0 0.509438 0.360755 0.373119 0.505539
0 0.509968 0.357780 0.372606 0.502891
0 0.503392 0.363404 0.362408 0.534854
0 0.512747 0.362067 0.373966 0.522969
0 0.510329 0.364996 0.374914 0.520622
0 0.509326 0.365450 0.382224 0.518037
0 0.513545 0.364451 0.373859 0.518843
0 0.516991 0.360341 0.375030 0.512875
0 0.509036 0.374441 0.361021 0.529817
0 0.513309 0.371170 0.377669 0.539968
0 0.512937 0.372751 0.379842 0.548775
0 0.511696 0.373197 0.379774 0.542974
0 0.514335 0.371265 0.375729 0.547136
0 0.514921 0.369625 0.375558 0.526011
0 0.507006 0.375692 0.360707 0.532058
0 0.514274 0.372661 0.385103 0.539803
0 0.512125 0.370987 0.379195 0.546780
0 0.510847 0.371844 0.377854 0.539702
0 0.512831 0.368402 0.374129 0.548565
0 0.511915 0.369144 0.374862 0.539952
0 0.508512 0.376538 0.365961 0.535215
0 0.514476 0.370858 0.387034 0.545889
0 0.515530 0.369363 0.376126 0.554493
0 0.510070 0.374432 0.380785 0.550569
0 0.514579 0.372079 0.383767 0.553985
0 0.515135 0.370895 0.372499 0.558539
0 0.514708 0.375733 0.385629 0.559141
0 0.518667 0.376035 0.376102 0.559246
0 0.512996 0.374785 0.378536 0.549576
0 0.512371 0.378009 0.380513 0.566313
0 0.516806 0.378693 0.368563 0.561706
0 0.517778 0.387007 0.379893 0.550813
0 0.520202 0.379813 0.377252 0.561809
0 0.513523 0.377486 0.373888 0.564096
0 0.513390 0.382320 0.383031 0.577811
0 0.526254 0.402666 0.387030 0.566710
0 0.518949 0.398964 0.375908 0.568986
0 0.516415 0.411676 0.378244 0.578128