0 0.536717 0.548144 0.448618 0.600496
0 0.536620 0.555823 0.443924 0.598673
0 0.539233 0.553037 0.447069 0.589334
0 0.543082 0.554538 0.456392 0.599593
0 0.539585 0.550525 0.457994 0.598457
0 0.547769 0.561345 0.458870 0.599492
0 0.545309 0.556848 0.462076 0.612580
0 0.544545 0.556083 0.455071 0.602877
0 0.539588 0.559102 0.467904 0.602810
0 0.535753 0.558296 0.460081 0.602020
0 0.538933 0.556112 0.465262 0.595839
0 0.542160 0.555505 0.458780 0.595201
0 0.544066 0.558538 0.459647 0.593603
0 0.542256 0.563505 0.455936 0.595018
0 0.547440 0.558275 0.444055 0.593989
0 0.549921 0.563572 0.444171 0.591838
0 0.540383 0.554996 0.446510 0.607168
0 0.543085 0.558906 0.451567 0.588273
0 0.544063 0.554184 0.464159 0.589123
0 0.546658 0.557880 0.451346 0.587842
0 0.544871 0.556957 0.470812 0.589453
0 0.540560 0.558366 0.462094 0.584170
0 0.539783 0.557041 0.470591 0.589558
0 0.539623 0.558902 0.458432 0.591568
0 0.537291 0.551306 0.473181 0.581037
0 0.541220 0.556568 0.455746 0.576993
0 0.542612 0.554433 0.465069 0.582035
0 0.545476 0.558388 0.455024 0.583079
0 0.550345 0.549699 0.450618 0.572647
0 0.547738 0.552304 0.441265 0.576852
0 0.548536 0.556439 0.439108 0.586524
0 0.540763 0.555442 0.455960 0.604722
0 0.545388 0.561537 0.459742 0.600768
0 0.546984 0.559923 0.477611 0.598173
0 0.549488 0.561975 0.464811 0.604013
0 0.543317 0.555360 0.466775 0.603917
0 0.537820 0.561357 0.455065 0.603921
0 0.542271 0.555240 0.468709 0.597751
0 0.543115 0.560161 0.458064 0.601137
0 0.539912 0.555829 0.463182 0.596860
0 0.544594 0.562703 0.449392 0.590417
0 0.543047 0.552785 0.467340 0.593486
0 0.546546 0.557778 0.451163 0.592137
0 0.544246 0.551465 0.447373 0.572397
0 0.543575 0.553280 0.439187 0.577533
0 0.540772 0.550336 0.442133 0.573503
0 0.544725 0.553110 0.466532 0.602889
0 0.545771 0.556124 0.459654 0.595047
0 0.546227 0.556605 0.479684 0.593600
0 0.550871 0.558320 0.473853 0.605167
0 0.543437 0.554396 0.464097 0.593386
0 0.542852 0.557319 0.453749 0.589544
0 0.542330 0.557048 0.461630 0.590360
0 0.544617 0.563220 0.454631 0.590239
0 0.539074 0.560311 0.460436 0.591582
0 0.540932 0.565035 0.447762 0.580243
0 0.541322 0.552088 0.459994 0.598384
0 0.540450 0.556438 0.445448 0.589323
0 0.546169 0.554272 0.441899 0.582513
0 0.544419 0.552691 0.434824 0.584730
0 0.541544 0.553956 0.435049 0.582734
0 0.550967 0.556199 0.464274 0.598774
0 0.549675 0.559425 0.463938 0.600904
0 0.543285 0.561377 0.473374 0.589807
0 0.547326 0.561402 0.475071 0.602882
0 0.541960 0.556799 0.455919 0.593130
0 0.544288 0.558678 0.458133 0.600731
0 0.543020 0.556952 0.459599 0.600051
0 0.548014 0.562393 0.448785 0.591289
0 0.540930 0.557836 0.451070 0.599152
0 0.542093 0.560275 0.443898 0.591471
0 0.539537 0.555856 0.463163 0.597166
0 0.539211 0.555888 0.446892 0.584148
0 0.544369 0.556676 0.450742 0.592041
0 0.542109 0.553788 0.437138 0.589396
0 0.538283 0.556150 0.439850 0.584458
0 0.544426 0.553534 0.456066 0.604857
0 0.539631 0.561969 0.464924 0.591701
0 0.545342 0.557641 0.476030 0.620613
0 0.543925 0.554870 0.461462 0.607817
0 0.546569 0.557488 0.467468 0.625098
0 0.542943 0.555413 0.462474 0.623571
0 0.545275 0.560040 0.455277 0.620521
0 0.542707 0.558369 0.462214 0.616740
0 0.543587 0.562323 0.456434 0.612387
0 0.541593 0.557653 0.466344 0.610848
0 0.543526 0.556287 0.453209 0.604171
0 0.538843 0.553403 0.445995 0.602691
0 0.535947 0.557284 0.452849 0.597395
0 0.547863 0.573097 0.458505 0.596925
0 0.547231 0.566754 0.457883 0.579853
0 0.547683 0.571358 0.472930 0.601198
0 0.543284 0.563709 0.457487 0.591695
0 0.539614 0.570954 0.460546 0.586503
0 0.543400 0.559558 0.455194 0.599901
0 0.546081 0.565032 0.463538 0.595266
0 0.543379 0.567462 0.455482 0.585329
0 0.547796 0.564649 0.462396 0.586661
0 0.535497 0.566955 0.466736 0.585703
0 0.541227 0.589741 0.438731 0.565625
0 0.541824 0.593301 0.441960 0.545775