0 0.476110 0.373292 0.266067 0.367601
0 0.475296 0.375732 0.264436 0.366395
0 0.474741 0.377656 0.272394 0.364461
0 0.476810 0.379041 0.271895 0.367223
0 0.476114 0.380266 0.268662 0.366820
0 0.474544 0.380313 0.270512 0.361933
0 0.475350 0.381803 0.271391 0.368477
0 0.475251 0.381760 0.272833 0.372576
0 0.476010 0.383238 0.270521 0.371690
0 0.474849 0.383167 0.271420 0.368924
0 0.475424 0.381352 0.270397 0.363549
0 0.475733 0.381551 0.276076 0.368512
0 0.475526 0.381950 0.270928 0.366657
0 0.474274 0.383731 0.273118 0.371940
0 0.475132 0.379832 0.273583 0.361679
0 0.475626 0.381339 0.274213 0.369075
0 0.475264 0.380460 0.270379 0.370819
0 0.475810 0.384151 0.273028 0.370380
0 0.474880 0.379503 0.271221 0.366934
0 0.475103 0.382777 0.276559 0.371434
0 0.474370 0.381310 0.272619 0.370865
0 0.475157 0.382979 0.274575 0.372396
0 0.474045 0.380652 0.270278 0.368367
0 0.474709 0.382020 0.274501 0.365373
0 0.473449 0.381475 0.269412 0.372019
0 0.475426 0.381791 0.276085 0.371946
0 0.474317 0.384502 0.272963 0.364232
0 0.474361 0.383617 0.272309 0.365473
0 0.473466 0.383427 0.271592 0.370118
0 0.475643 0.383750 0.275196 0.370306
0 0.480371 0.383463 0.272375 0.366381
0 0.477726 0.384003 0.272243 0.370263
0 0.474386 0.383044 0.276192 0.371960
0 0.480298 0.379784 0.274260 0.370209
0 0.479288 0.381927 0.275085 0.364088
0 0.478973 0.382240 0.272040 0.369343
0 0.476753 0.380931 0.272573 0.366697
0 0.477490 0.380614 0.271704 0.367808
0 0.479016 0.382407 0.275368 0.372086
0 0.473810 0.380572 0.276453 0.372129
0 0.475900 0.381040 0.272555 0.371938
0 0.475676 0.383159 0.272168 0.369033
0 0.477872 0.381015 0.278013 0.369510
0 0.478463 0.380388 0.279840 0.387616
0 0.478376 0.383619 0.272222 0.365084
0 0.479768 0.379583 0.274529 0.373102
0 0.476314 0.382536 0.272989 0.368994
0 0.475852 0.379669 0.275190 0.371971
0 0.475277 0.380898 0.274037 0.379224
0 0.474566 0.385900 0.274595 0.366921
0 0.477400 0.382884 0.274508 0.370636
0 0.474486 0.382082 0.273185 0.371469
0 0.475858 0.383188 0.272964 0.373353
0 0.476021 0.383582 0.275454 0.384288