0 0.378696 0.467254 0.383574 0.426659
0 0.378413 0.470154 0.387203 0.428039
0 0.382763 0.463057 0.391973 0.428094
0 0.390009 0.452824 0.387054 0.426397
0 0.376451 0.463409 0.397942 0.439509
0 0.379199 0.469409 0.388810 0.441863
0 0.377018 0.470119 0.394464 0.446527
0 0.381431 0.468116 0.397381 0.438839
0 0.388125 0.463277 0.394528 0.439872
0 0.394945 0.453537 0.381972 0.450774
0 0.372118 0.467020 0.384904 0.431544
0 0.378367 0.473062 0.395531 0.444166
0 0.380345 0.471108 0.387415 0.445999
0 0.378776 0.470378 0.387665 0.445340
0 0.381918 0.471039 0.383852 0.448929
0 0.382507 0.464845 0.387474 0.435463
0 0.389255 0.460442 0.379188 0.441426
0 0.377046 0.474920 0.389320 0.416506
0 0.382421 0.470583 0.386691 0.436924
0 0.379921 0.473598 0.379196 0.450589
0 0.379918 0.470013 0.384278 0.454531
0 0.379958 0.468755 0.378142 0.453315
0 0.380516 0.468490 0.378349 0.451775
0 0.388275 0.465627 0.364398 0.451473
0 0.373758 0.476870 0.392977 0.419676
0 0.382481 0.471031 0.385888 0.444302
0 0.381121 0.469867 0.383162 0.457773
0 0.383814 0.467659 0.381119 0.457111
0 0.382532 0.468404 0.379967 0.465790
0 0.387416 0.461981 0.381353 0.475577
0 0.396195 0.465119 0.357795 0.457747
0 0.379832 0.476995 0.386245 0.450240
0 0.383284 0.470687 0.379178 0.460046
0 0.386526 0.468599 0.377621 0.465257
0 0.384425 0.470250 0.370687 0.466149
0 0.385093 0.470092 0.367814 0.471684
0 0.384526 0.480713 0.373961 0.472520
0 0.384481 0.476562 0.369813 0.479356
0 0.386789 0.474178 0.366416 0.480531