0 0.507497 0.394313 0.374428 0.554152
0 0.507384 0.392854 0.377350 0.546227
0 0.513887 0.386498 0.376992 0.539501
0 0.512441 0.394291 0.387097 0.566772
0 0.509790 0.398817 0.385117 0.557737
0 0.507596 0.398709 0.388721 0.550066
0 0.509336 0.392236 0.388450 0.547001
0 0.513675 0.386102 0.384589 0.545302
0 0.506937 0.394137 0.378735 0.543885
0 0.513487 0.396440 0.388955 0.555996
0 0.514653 0.401434 0.387640 0.558157
0 0.510335 0.397194 0.394118 0.555970
0 0.511169 0.397137 0.392927 0.557376
0 0.513334 0.396169 0.394390 0.552252
0 0.504578 0.407151 0.378246 0.555718
0 0.512105 0.405227 0.394972 0.569060
0 0.512657 0.405522 0.391348 0.576387
0 0.509691 0.406256 0.393119 0.572131
0 0.511436 0.401208 0.393694 0.569364
0 0.510409 0.396837 0.389702 0.560281
0 0.504005 0.404204 0.382714 0.561505
0 0.503831 0.398913 0.390842 0.586307
0 0.510566 0.401787 0.396504 0.566897
0 0.512642 0.400350 0.408248 0.588382
0 0.511954 0.403771 0.386071 0.571926
0 0.513927 0.411962 0.391920 0.579518
0 0.507532 0.406553 0.392999 0.567695
0 0.509782 0.403346 0.388573 0.570250
0 0.511379 0.397990 0.383294 0.578375
0 0.503413 0.408030 0.384970 0.561454
0 0.508086 0.398843 0.397478 0.585826
0 0.511730 0.402135 0.400124 0.572303
0 0.513707 0.401336 0.411930 0.589601
0 0.516782 0.400242 0.389080 0.577376
0 0.508933 0.399913 0.394446 0.572587
0 0.511784 0.401601 0.396179 0.583708
0 0.512290 0.397823 0.386452 0.588912
0 0.512831 0.398384 0.395200 0.576365
0 0.516519 0.398795 0.387714 0.584044
0 0.510300 0.396048 0.392135 0.581738
0 0.512021 0.399994 0.397633 0.588886
0 0.518230 0.407004 0.390226 0.586535
0 0.511819 0.419563 0.379796 0.552268
0 0.519112 0.408619 0.386553 0.572697
0 0.510073 0.409768 0.385024 0.569875
0 0.512065 0.416821 0.388724 0.562984
0 0.509160 0.427196 0.379325 0.564730