0 0.486725 0.392907 0.358512 0.535800
0 0.487039 0.398330 0.358987 0.530304
0 0.487151 0.397086 0.356864 0.527692
0 0.486039 0.380199 0.368516 0.504372
0 0.486515 0.386035 0.356931 0.494729
0 0.484318 0.387849 0.360541 0.495483
0 0.479746 0.385019 0.355097 0.502206
0 0.488149 0.379927 0.349374 0.498270
0 0.488412 0.382365 0.359991 0.488680
0 0.487840 0.384643 0.353684 0.487197
0 0.481584 0.380381 0.358318 0.481359
0 0.483628 0.378036 0.352552 0.472744
0 0.485738 0.380936 0.345718 0.476012
0 0.494724 0.376805 0.341002 0.482237
0 0.488469 0.378229 0.363919 0.484878
0 0.488824 0.377860 0.351588 0.479368
0 0.485006 0.376454 0.353782 0.482708
0 0.484046 0.378243 0.351697 0.473039
0 0.481304 0.375257 0.347478 0.481111
0 0.490974 0.375274 0.343918 0.478761
0 0.484015 0.371025 0.366411 0.490102
0 0.489819 0.377116 0.357005 0.481259
0 0.481732 0.376893 0.352546 0.471821
0 0.483252 0.376119 0.343814 0.465075
0 0.486142 0.372652 0.347191 0.472411
0 0.493491 0.373576 0.338732 0.479973
0 0.481784 0.376455 0.360563 0.468885
0 0.485405 0.376624 0.355693 0.464004
0 0.481230 0.377862 0.354210 0.463438
0 0.482975 0.376204 0.345499 0.469392
0 0.488857 0.372045 0.350213 0.483488
0 0.482635 0.376116 0.366627 0.475998
0 0.478296 0.375019 0.361500 0.476826
0 0.481546 0.376029 0.357101 0.476969