0 0.485336 0.248044 0.068233 0.082932
0 0.484355 0.248112 0.068211 0.085790
0 0.485310 0.249314 0.070098 0.085087
0 0.484453 0.249859 0.069059 0.083595
0 0.484781 0.249482 0.068736 0.086745
0 0.484835 0.249700 0.067839 0.085133
0 0.484925 0.249650 0.067874 0.086925
0 0.484936 0.250660 0.068683 0.085960
0 0.484112 0.247687 0.069888 0.088098
0 0.484038 0.247331 0.068908 0.089393
0 0.483827 0.247578 0.069549 0.086130
0 0.483745 0.248259 0.068062 0.089402
0 0.483701 0.246692 0.067812 0.087649
0 0.484579 0.248486 0.068612 0.087261