0 0.452215 0.364706 0.330708 0.509049
0 0.462687 0.376100 0.333755 0.493479
0 0.462231 0.372756 0.331983 0.499754
0 0.467347 0.364470 0.329016 0.505294
0 0.455700 0.377215 0.326898 0.495094
0 0.463261 0.375524 0.327586 0.488541
0 0.465265 0.373980 0.328053 0.491204
0 0.473136 0.371588 0.327612 0.485003
0 0.471422 0.363308 0.320765 0.489926
0 0.461747 0.375529 0.348781 0.507992
0 0.460931 0.379112 0.327973 0.498024
0 0.464293 0.374229 0.326890 0.505861
0 0.466033 0.375111 0.324512 0.505013
0 0.470417 0.372807 0.339808 0.493781
0 0.468893 0.370581 0.323835 0.492231
0 0.465750 0.372221 0.344995 0.493559
0 0.463539 0.371984 0.328906 0.490037
0 0.461358 0.374672 0.328490 0.495689
0 0.462184 0.375328 0.327323 0.491110
0 0.465989 0.371579 0.329936 0.496773
0 0.468553 0.373041 0.325476 0.489057
0 0.476021 0.372882 0.308446 0.488365
0 0.466008 0.377351 0.347135 0.499754
0 0.464034 0.374502 0.316483 0.496437
0 0.462391 0.377576 0.330332 0.505414
0 0.460898 0.373768 0.321865 0.497254
0 0.467770 0.371595 0.322031 0.498358
0 0.465853 0.371038 0.320258 0.496222
0 0.461019 0.376301 0.319696 0.502253
0 0.463553 0.374951 0.316656 0.510689
0 0.463478 0.373390 0.321882 0.498211
0 0.465947 0.369278 0.324417 0.500256
0 0.464663 0.372858 0.314069 0.496527
0 0.450645 0.392076 0.328935 0.508733
0 0.458203 0.376995 0.322480 0.525533
0 0.463940 0.370789 0.322076 0.517946
0 0.469285 0.372581 0.327659 0.514069