0 0.499206 0.435996 0.556751 0.788874
0 0.502525 0.439548 0.556777 0.782758
0 0.510552 0.430650 0.556849 0.790139
0 0.511509 0.430691 0.557930 0.783930
0 0.515463 0.430972 0.559154 0.783032
0 0.521029 0.428085 0.554764 0.764168
0 0.507283 0.429608 0.565144 0.813352
0 0.502000 0.434888 0.550805 0.792510
0 0.506525 0.433431 0.543555 0.800980
0 0.512696 0.436344 0.552370 0.801996
0 0.516448 0.436502 0.550853 0.801637
0 0.510473 0.438652 0.552505 0.803280
0 0.519157 0.437245 0.550076 0.795105
0 0.519805 0.429571 0.555529 0.786183
0 0.509334 0.426353 0.559861 0.773169
0 0.502351 0.431724 0.550157 0.768899
0 0.500920 0.418174 0.541201 0.767143
0 0.514634 0.430327 0.561159 0.790812
0 0.505479 0.419905 0.561452 0.779039
0 0.513152 0.432833 0.562791 0.780843
0 0.510468 0.418941 0.546877 0.777131
0 0.514525 0.430525 0.549311 0.779183
0 0.511788 0.417687 0.535247 0.774325
0 0.510539 0.430838 0.555762 0.796509
0 0.517814 0.433944 0.552372 0.796837
0 0.518463 0.432686 0.548708 0.788487
0 0.511606 0.428926 0.576118 0.790969
0 0.512154 0.430641 0.592978 0.818017
0 0.505823 0.425761 0.572236 0.778657
0 0.503379 0.426470 0.558508 0.780251
0 0.499107 0.413298 0.554647 0.749902
0 0.513058 0.420806 0.571253 0.782472
0 0.505523 0.409549 0.558695 0.747724
0 0.511382 0.419991 0.567085 0.771179
0 0.512902 0.406919 0.553174 0.741770
0 0.515288 0.420618 0.563992 0.777671
0 0.512585 0.407244 0.543356 0.732161
0 0.511316 0.418439 0.562887 0.770767
0 0.516288 0.423261 0.554612 0.765467
0 0.519948 0.429660 0.546835 0.764417
0 0.505492 0.436958 0.585474 0.785442
0 0.520852 0.434367 0.584535 0.807211
0 0.512767 0.419116 0.598593 0.776840
0 0.503875 0.416220 0.568257 0.766481
0 0.506591 0.411599 0.559447 0.779801
0 0.505605 0.407068 0.566078 0.746865
0 0.515849 0.406071 0.576889 0.777187
0 0.507563 0.398072 0.560809 0.742381
0 0.511916 0.398839 0.566536 0.769307
0 0.507792 0.393232 0.546075 0.724551
0 0.507808 0.396927 0.561687 0.767096
0 0.510257 0.391201 0.539883 0.716777
0 0.505635 0.398143 0.548797 0.751097
0 0.514669 0.407710 0.561053 0.759918
0 0.521999 0.417639 0.555611 0.755205
0 0.499614 0.422028 0.591282 0.762747
0 0.505444 0.427545 0.606168 0.806853
0 0.517866 0.400908 0.601548 0.766956
0 0.503075 0.406317 0.571866 0.756694
0 0.508248 0.401895 0.547558 0.752120
0 0.510925 0.399318 0.571142 0.748909
0 0.521853 0.402362 0.574403 0.783138
0 0.511488 0.391407 0.551713 0.739292
0 0.515340 0.391821 0.556449 0.764943
0 0.511929 0.388440 0.541550 0.722022
0 0.512437 0.387319 0.560525 0.764505
0 0.514842 0.389517 0.533907 0.722868
0 0.512844 0.392903 0.548356 0.761009
0 0.520297 0.403183 0.564830 0.761360
0 0.524323 0.408648 0.558485 0.758408
0 0.494514 0.411700 0.593765 0.776092
0 0.505675 0.420132 0.597562 0.809795
0 0.520119 0.399130 0.592867 0.774774
0 0.501650 0.392664 0.563892 0.740805
0 0.508185 0.393752 0.554185 0.733369
0 0.513068 0.395246 0.553959 0.713181
0 0.525475 0.388371 0.573324 0.764881
0 0.516372 0.391800 0.555778 0.718820
0 0.519113 0.385789 0.565317 0.747418
0 0.511071 0.386046 0.545498 0.732797
0 0.512375 0.378881 0.551809 0.759474
0 0.515009 0.391085 0.526427 0.726983
0 0.512501 0.385569 0.543108 0.764114
0 0.515339 0.401390 0.561965 0.781376
0 0.521385 0.406627 0.561748 0.770257
0 0.491235 0.408249 0.596241 0.794322
0 0.508196 0.417969 0.587465 0.807159
0 0.511328 0.402582 0.562166 0.784676
0 0.506615 0.392559 0.551626 0.785499
0 0.506532 0.390347 0.545094 0.780872
0 0.530576 0.386064 0.579081 0.809174
0 0.516895 0.395146 0.539564 0.743327
0 0.523175 0.386336 0.571966 0.789634
0 0.517203 0.389378 0.543542 0.763409
0 0.516187 0.373209 0.549763 0.788370
0 0.519957 0.394883 0.535186 0.761176
0 0.511890 0.380124 0.548837 0.796520
0 0.514384 0.396301 0.561617 0.788771
0 0.510710 0.409913 0.563272 0.782592
0 0.493495 0.410512 0.594970 0.813779
0 0.501612 0.410670 0.554832 0.756217
0 0.511312 0.399543 0.541673 0.761451
0 0.524985 0.402331 0.581594 0.777620
0 0.530069 0.409369 0.583984 0.765257
0 0.524655 0.400084 0.565114 0.760224
0 0.523589 0.403289 0.561936 0.768955
0 0.511956 0.408230 0.571258 0.761426
0 0.514918 0.414315 0.572202 0.777010
0 0.510517 0.422392 0.579032 0.809526
0 0.507321 0.402274 0.565069 0.775249
0 0.515437 0.401393 0.582569 0.777629
0 0.523084 0.409551 0.596271 0.772759
0 0.518461 0.414759 0.592103 0.769456
0 0.513164 0.426787 0.579464 0.760485
0 0.502279 0.426485 0.592793 0.749613
0 0.508549 0.439169 0.588046 0.758588
0 0.522404 0.433216 0.603485 0.751155
0 0.507217 0.438472 0.603166 0.760837
0 0.489008 0.445972 0.600258 0.756607