0 0.580551 0.279602 0.200125 0.282332
0 0.582735 0.283337 0.197765 0.283005
0 0.583603 0.277464 0.198227 0.281202
0 0.579426 0.277963 0.200141 0.275050
0 0.582691 0.283273 0.195732 0.275780
0 0.582457 0.284750 0.196996 0.277719
0 0.584164 0.282247 0.196160 0.274572
0 0.586328 0.277386 0.195061 0.285140
0 0.582007 0.280929 0.197294 0.273807
0 0.582100 0.279965 0.193719 0.275800
0 0.582112 0.280712 0.197541 0.274536
0 0.584895 0.280139 0.197637 0.271936
0 0.586164 0.281433 0.198247 0.278830
0 0.579015 0.276980 0.197213 0.266377
0 0.584256 0.279116 0.196995 0.279990
0 0.583144 0.279353 0.195119 0.275724
0 0.584038 0.280177 0.197529 0.276765
0 0.583949 0.281363 0.197367 0.272928
0 0.584988 0.282698 0.196722 0.275420
0 0.587388 0.284260 0.193149 0.271941
0 0.580125 0.277656 0.197942 0.272227
0 0.584787 0.279485 0.195316 0.279072
0 0.582213 0.277445 0.194850 0.271150
0 0.585487 0.278886 0.197572 0.269143
0 0.585838 0.280241 0.197351 0.275641
0 0.585801 0.282830 0.195376 0.276078
0 0.587407 0.283814 0.192038 0.269544
0 0.581684 0.280069 0.196277 0.267447
0 0.584651 0.278912 0.192410 0.276751
0 0.582812 0.278616 0.193299 0.270446
0 0.582871 0.280631 0.198594 0.268191
0 0.584989 0.281265 0.195674 0.273932
0 0.584302 0.281561 0.194108 0.280061
0 0.586048 0.279969 0.194005 0.275801
0 0.584690 0.279594 0.188471 0.276481
0 0.583141 0.280618 0.195326 0.275874
0 0.583686 0.280334 0.196164 0.275183
0 0.586167 0.283920 0.191604 0.279201
0 0.584649 0.279479 0.188202 0.271933
0 0.584066 0.278736 0.188923 0.272536
0 0.584214 0.282642 0.186766 0.270545
0 0.586364 0.283027 0.187485 0.267633