0 0.494558 0.432756 0.407940 0.611397
0 0.497700 0.431869 0.415444 0.609410
0 0.498050 0.425265 0.411873 0.596641
0 0.495411 0.429537 0.411550 0.593075
0 0.494892 0.427010 0.409949 0.582963
0 0.505022 0.428312 0.406811 0.592193
0 0.495062 0.426519 0.408037 0.582467
0 0.496528 0.433415 0.409242 0.580742
0 0.496940 0.431869 0.414078 0.583476
0 0.495721 0.426664 0.415672 0.580311
0 0.495533 0.435361 0.412034 0.589990
0 0.490600 0.430534 0.417930 0.598208
0 0.493873 0.430729 0.408744 0.581617
0 0.495821 0.429779 0.411604 0.592246
0 0.496076 0.431190 0.406953 0.584347
0 0.497080 0.426968 0.415083 0.600824
0 0.506734 0.424300 0.394404 0.582779
0 0.499473 0.436166 0.424973 0.623026
0 0.508504 0.435916 0.421463 0.592818
0 0.497126 0.432223 0.407769 0.577416
0 0.495769 0.434344 0.411411 0.586339
0 0.499749 0.430418 0.414938 0.584847
0 0.496172 0.429326 0.415685 0.597563
0 0.499628 0.431201 0.408733 0.585227
0 0.496388 0.431961 0.413486 0.595835
0 0.491583 0.426042 0.414079 0.582520
0 0.493579 0.429100 0.416661 0.592236
0 0.496644 0.427490 0.410327 0.580398
0 0.499393 0.428579 0.410039 0.588207
0 0.499957 0.425819 0.393191 0.572620
0 0.501906 0.425524 0.402006 0.589053
0 0.495975 0.428181 0.410915 0.596691
0 0.508874 0.428366 0.428641 0.595118
0 0.495544 0.429328 0.414513 0.580375
0 0.496492 0.429619 0.416201 0.593414
0 0.498140 0.429834 0.411815 0.575963
0 0.497243 0.431297 0.416100 0.594761
0 0.498157 0.427124 0.411991 0.575349
0 0.496236 0.435288 0.414470 0.583662
0 0.495390 0.430015 0.412141 0.571047
0 0.497931 0.435917 0.414978 0.579791
0 0.493943 0.424668 0.412764 0.572404
0 0.496020 0.426108 0.416449 0.584768
0 0.498479 0.422331 0.392698 0.566566
0 0.504591 0.421979 0.396677 0.580826
0 0.495467 0.428312 0.415689 0.593417
0 0.513788 0.420870 0.431186 0.590670
0 0.493883 0.421035 0.416693 0.574813
0 0.497087 0.416262 0.416932 0.587842
0 0.498233 0.422036 0.414988 0.580015
0 0.499746 0.423732 0.416225 0.594935
0 0.497281 0.418639 0.418945 0.585879
0 0.495544 0.428955 0.413313 0.578495
0 0.492945 0.424370 0.419942 0.582401
0 0.492354 0.431094 0.415722 0.582170
0 0.494623 0.419272 0.420671 0.588012
0 0.495270 0.417670 0.415064 0.584018
0 0.499912 0.419173 0.394389 0.585560
0 0.503667 0.415675 0.387458 0.595493
0 0.497069 0.428206 0.423627 0.599976
0 0.510489 0.422875 0.435668 0.580351
0 0.493368 0.422955 0.417820 0.571679
0 0.502370 0.415346 0.423810 0.591067
0 0.498297 0.421843 0.420398 0.584840
0 0.500276 0.420901 0.426761 0.597880
0 0.495432 0.419978 0.423726 0.595399
0 0.492194 0.424603 0.426411 0.594568
0 0.494234 0.427258 0.421538 0.590974
0 0.491388 0.430749 0.421967 0.592070
0 0.495243 0.422849 0.422645 0.591890
0 0.495529 0.421570 0.418846 0.592697
0 0.505505 0.424363 0.407961 0.581401
0 0.506908 0.419852 0.400792 0.590677
0 0.491164 0.427401 0.435097 0.597662
0 0.498363 0.428378 0.417080 0.562849
0 0.494553 0.425920 0.424047 0.571751
0 0.494909 0.427871 0.422714 0.577722
0 0.495999 0.431606 0.421929 0.574082
0 0.496840 0.434710 0.419828 0.569758
0 0.495899 0.437341 0.422020 0.568662