0 0.618578 0.335467 0.282412 0.361050
0 0.620125 0.337027 0.288774 0.362558
0 0.618606 0.338506 0.285123 0.352968
0 0.619687 0.338066 0.288561 0.350552
0 0.620291 0.341656 0.285543 0.373225
0 0.619021 0.342251 0.288551 0.374297
0 0.620447 0.342761 0.287817 0.357569
0 0.619317 0.343410 0.298707 0.355281
0 0.622246 0.342019 0.287382 0.371117
0 0.620472 0.342792 0.286648 0.369638
0 0.620660 0.343366 0.289968 0.360186
0 0.618216 0.342209 0.298883 0.360625
0 0.620228 0.343559 0.286659 0.362723
0 0.621976 0.343668 0.284199 0.365397
0 0.619740 0.344566 0.284091 0.360215
0 0.618554 0.345046 0.293897 0.363499
0 0.618553 0.342912 0.284458 0.357701
0 0.623090 0.344824 0.280454 0.357437
0 0.621124 0.345807 0.278989 0.355520
0 0.618376 0.344706 0.288512 0.357616
0 0.619448 0.342537 0.283674 0.356198
0 0.621104 0.343350 0.279241 0.357592
0 0.622003 0.344711 0.280877 0.358644
0 0.621044 0.343929 0.288865 0.355665
0 0.620084 0.345526 0.281455 0.361756
0 0.619700 0.345058 0.278088 0.362339
0 0.620600 0.343154 0.276169 0.359240
0 0.622929 0.344673 0.288677 0.363311
0 0.617981 0.349070 0.272230 0.377680
0 0.619593 0.345472 0.270940 0.372001
0 0.620881 0.344209 0.274606 0.368020
0 0.622933 0.341492 0.295048 0.365141
0 0.619730 0.339070 0.287577 0.354657
0 0.620880 0.339007 0.289335 0.352882
0 0.624394 0.339141 0.292917 0.364250
0 0.619443 0.342564 0.292631 0.360668
0 0.621834 0.343244 0.288268 0.356937
0 0.620113 0.341622 0.286303 0.346787
0 0.623262 0.341871 0.290912 0.352289
0 0.622305 0.337078 0.292275 0.367560
0 0.625767 0.342223 0.295051 0.364672
0 0.621839 0.346819 0.296179 0.360971
0 0.621977 0.346774 0.290317 0.359281
0 0.619789 0.342887 0.288022 0.357525
0 0.618994 0.343562 0.285078 0.349869
0 0.625126 0.343537 0.298392 0.366814
0 0.620356 0.343352 0.288298 0.352486
0 0.618824 0.346104 0.287667 0.363400
0 0.617856 0.347504 0.290333 0.360485
0 0.615205 0.343926 0.285267 0.358385
0 0.620692 0.347620 0.297389 0.369176
0 0.618765 0.344601 0.295694 0.366646
0 0.622189 0.345812 0.284321 0.364853
0 0.616561 0.346409 0.285468 0.365152
0 0.618830 0.346547 0.288013 0.367138
0 0.624517 0.342546 0.288255 0.380799
0 0.628321 0.349077 0.282615 0.374354
0 0.626149 0.349663 0.285552 0.364129