0 0.650469 0.269970 0.178359 0.271703
0 0.651601 0.271766 0.178782 0.265108
0 0.649375 0.270201 0.175302 0.257037
0 0.650764 0.272023 0.181545 0.257796
0 0.651438 0.272772 0.176942 0.254036
0 0.651489 0.273290 0.178586 0.253806
0 0.649555 0.267389 0.173308 0.256667
0 0.648883 0.270633 0.178939 0.252341
0 0.650631 0.271350 0.180364 0.258267
0 0.650540 0.271290 0.180963 0.254005
0 0.651318 0.272688 0.180659 0.255863
0 0.652075 0.272433 0.180559 0.252775
0 0.649271 0.269393 0.172341 0.253226
0 0.649338 0.270167 0.177020 0.249038
0 0.651781 0.272099 0.178865 0.254330
0 0.650972 0.272530 0.178135 0.249530
0 0.651594 0.273210 0.180554 0.250323
0 0.652213 0.273156 0.178678 0.248415
0 0.650684 0.271357 0.174166 0.249312
0 0.650775 0.272120 0.178883 0.246913
0 0.652215 0.273804 0.177543 0.249961
0 0.652546 0.274181 0.178199 0.246795
0 0.652715 0.272249 0.179999 0.248940
0 0.653740 0.273475 0.179598 0.247401
0 0.650901 0.273533 0.171160 0.240826
0 0.650535 0.272159 0.176734 0.244007
0 0.652705 0.274277 0.177024 0.245776
0 0.653558 0.272592 0.176870 0.247538
0 0.652808 0.272052 0.174528 0.248796
0 0.656280 0.274294 0.177853 0.247095
0 0.650297 0.271609 0.174336 0.245325
0 0.652206 0.271934 0.176228 0.242659
0 0.652880 0.272543 0.174338 0.248562
0 0.653991 0.273696 0.173450 0.246652
0 0.651099 0.273874 0.169819 0.243717
0 0.654395 0.274225 0.172616 0.243683