0 0.941867 0.619685 0.024391 0.042642
0 0.942116 0.619931 0.026212 0.044613
0 0.491376 0.389977 0.229566 0.320214
0 0.493554 0.388073 0.228550 0.319273
0 0.490146 0.379960 0.220466 0.317874
0 0.493592 0.383611 0.224516 0.306017
0 0.492299 0.383989 0.227368 0.304170
0 0.493118 0.385043 0.231014 0.303802
0 0.494796 0.382986 0.230092 0.308190
0 0.492597 0.381836 0.222298 0.305894
0 0.494409 0.382648 0.226381 0.301256
0 0.494277 0.382956 0.228128 0.305602
0 0.493703 0.384611 0.230452 0.307074
0 0.491850 0.385543 0.230226 0.303322
0 0.496075 0.385541 0.235645 0.297889
0 0.492095 0.380733 0.220053 0.303067
0 0.492988 0.381979 0.226598 0.309455
0 0.494766 0.382847 0.228573 0.311106
0 0.493291 0.383468 0.229240 0.307933
0 0.490919 0.383990 0.229734 0.305029
0 0.494379 0.388307 0.234094 0.293229
0 0.492168 0.380103 0.221794 0.303208
0 0.494226 0.381431 0.225797 0.306867
0 0.494389 0.382504 0.231410 0.308871
0 0.493296 0.383540 0.228596 0.306099
0 0.491899 0.384051 0.229062 0.304585
0 0.494976 0.388807 0.231333 0.294248
0 0.492505 0.380531 0.225806 0.305083
0 0.494170 0.382099 0.225235 0.299040
0 0.494550 0.383081 0.226712 0.305487
0 0.494387 0.384447 0.229049 0.306460
0 0.494018 0.383655 0.228242 0.303479
0 0.496150 0.387763 0.231573 0.301347
0 0.490396 0.383532 0.223030 0.303770
0 0.492452 0.384845 0.225853 0.304627
0 0.493744 0.384599 0.224487 0.307440
0 0.494627 0.386103 0.226405 0.312261
0 0.495238 0.386495 0.225481 0.310063
0 0.497487 0.390001 0.231354 0.305050
0 0.491166 0.383723 0.224002 0.311897
0 0.493055 0.383765 0.222681 0.312357
0 0.493569 0.385296 0.226776 0.314872
0 0.497222 0.387946 0.224287 0.312164
0 0.494176 0.387048 0.224481 0.316559
0 0.495974 0.387073 0.226074 0.317523
0 0.495878 0.383814 0.231674 0.310464
0 0.496831 0.385295 0.229586 0.305263
0 0.492492 0.382932 0.228633 0.308991
0 0.497001 0.382493 0.225311 0.305024
0 0.496563 0.383277 0.226888 0.319795
0 0.494418 0.387475 0.228454 0.303848
0 0.497060 0.388005 0.223582 0.303235
0 0.494884 0.386603 0.225818 0.305381
0 0.495205 0.387290 0.226845 0.302571
0 0.498106 0.384701 0.224260 0.308967
0 0.497014 0.388005 0.222306 0.300987
0 0.497455 0.389807 0.223886 0.309100
0 0.495469 0.388725 0.222259 0.299317
0 0.494974 0.390479 0.234495 0.308801
0 0.497916 0.390285 0.225372 0.301982
0 0.497524 0.395452 0.228517 0.307101
0 0.497379 0.391895 0.224885 0.312823