0 0.416415 0.354030 0.268290 0.377888
0 0.419252 0.352683 0.266849 0.376708
0 0.417674 0.360955 0.266170 0.388901
0 0.416667 0.362191 0.268467 0.387869
0 0.419132 0.359171 0.274161 0.379620
0 0.421412 0.359074 0.271794 0.373237
0 0.419441 0.355982 0.264647 0.373103
0 0.417204 0.355421 0.264854 0.367891
0 0.418806 0.354268 0.267937 0.372860
0 0.420640 0.356165 0.269478 0.367870
0 0.419645 0.354892 0.266292 0.372827
0 0.419074 0.353117 0.266719 0.375315
0 0.417868 0.354091 0.266532 0.374955
0 0.418064 0.356285 0.271386 0.372738
0 0.418397 0.353284 0.264167 0.375939
0 0.421126 0.352838 0.265791 0.374312
0 0.419522 0.353458 0.262692 0.366768
0 0.419437 0.353929 0.265648 0.360345
0 0.419302 0.348041 0.260740 0.367782
0 0.420734 0.348080 0.262576 0.362185
0 0.420956 0.348988 0.259989 0.361190
0 0.422121 0.351018 0.266029 0.359361
0 0.418046 0.348822 0.252307 0.362441
0 0.419653 0.348323 0.256762 0.363623
0 0.419342 0.350860 0.256604 0.363655
0 0.421949 0.353775 0.264432 0.363063
0 0.416638 0.349035 0.246279 0.378067
0 0.418999 0.348215 0.255593 0.372676
0 0.419337 0.350933 0.256917 0.372064
0 0.421667 0.355613 0.282097 0.397789
0 0.421804 0.355062 0.273220 0.392635
0 0.424157 0.355079 0.277921 0.390526
0 0.423743 0.351881 0.281062 0.381962
0 0.421227 0.354635 0.273179 0.369807
0 0.422259 0.355491 0.268610 0.370332
0 0.422673 0.349623 0.273953 0.366787
0 0.423969 0.345956 0.276320 0.373397
0 0.425108 0.359342 0.279464 0.382782
0 0.422614 0.357541 0.275553 0.378969
0 0.421619 0.355630 0.267561 0.366945
0 0.420143 0.350614 0.271720 0.371694
0 0.420417 0.351683 0.267434 0.372006
0 0.424653 0.353113 0.276090 0.376733
0 0.419458 0.357057 0.271723 0.370972
0 0.421487 0.356527 0.269836 0.370433
0 0.425388 0.354529 0.270844 0.371713
0 0.420613 0.354663 0.263516 0.376898
0 0.422030 0.357026 0.265492 0.374824
0 0.419205 0.357212 0.273520 0.369443
0 0.421396 0.357932 0.269010 0.367366
0 0.423648 0.358015 0.266412 0.369239
0 0.428542 0.352794 0.269152 0.378592
0 0.424148 0.357937 0.273042 0.367762
0 0.428177 0.359744 0.270079 0.361046
0 0.430317 0.361664 0.263066 0.363162