0 0.672729 0.312773 0.320642 0.429532
0 0.672258 0.312226 0.329754 0.422048
0 0.672042 0.310218 0.325734 0.432081
0 0.672394 0.312790 0.328130 0.432233
0 0.676343 0.308071 0.324291 0.417262
0 0.676653 0.308423 0.320317 0.401804
0 0.675928 0.304512 0.331794 0.409304
0 0.674362 0.304474 0.337327 0.412194
0 0.663594 0.319432 0.326064 0.448738
0 0.676056 0.320079 0.321190 0.431091
0 0.673573 0.315867 0.320178 0.427751
0 0.677658 0.313579 0.324606 0.425869
0 0.676220 0.308369 0.325309 0.423061
0 0.676283 0.304261 0.325623 0.409131
0 0.684943 0.305672 0.317777 0.421121
0 0.667265 0.324735 0.321761 0.447529
0 0.675665 0.317768 0.324204 0.432862
0 0.671267 0.314379 0.326555 0.433131
0 0.673611 0.314674 0.332729 0.439406
0 0.680667 0.313600 0.332741 0.427458
0 0.677937 0.309306 0.317724 0.411219
0 0.684776 0.311302 0.313417 0.425648
0 0.676731 0.320755 0.321919 0.444678
0 0.672344 0.316515 0.321471 0.436247
0 0.670245 0.310815 0.332025 0.439271
0 0.678839 0.309933 0.338091 0.417591
0 0.679104 0.315150 0.325011 0.420062
0 0.675602 0.326126 0.333825 0.464817
0 0.678665 0.319622 0.332701 0.451975
0 0.673641 0.314750 0.342571 0.450672
0 0.674693 0.317170 0.345435 0.451081
0 0.673497 0.318604 0.329516 0.465384
0 0.676545 0.319425 0.333908 0.495813
0 0.672036 0.314089 0.337737 0.510350
0 0.672368 0.323602 0.340613 0.503672