0 0.493459 0.432177 0.414061 0.583609
0 0.497398 0.441364 0.422249 0.605463
0 0.493250 0.451448 0.420367 0.608978
0 0.497462 0.447513 0.424686 0.596976
0 0.505963 0.439099 0.420298 0.580994
0 0.493661 0.438211 0.418680 0.584407
0 0.498431 0.447705 0.414493 0.581424
0 0.498076 0.440328 0.423046 0.585539
0 0.495465 0.434206 0.418061 0.581052
0 0.493490 0.444925 0.434353 0.584223
0 0.485322 0.439547 0.433075 0.591545
0 0.493836 0.443889 0.435274 0.578883
0 0.492039 0.441470 0.432678 0.584430
0 0.496817 0.443563 0.426426 0.575687
0 0.505595 0.437225 0.417777 0.571899
0 0.501165 0.451240 0.410256 0.597122
0 0.498109 0.443192 0.418987 0.582375
0 0.496528 0.445878 0.407660 0.577313
0 0.497756 0.446609 0.423114 0.583081
0 0.492949 0.440774 0.418831 0.584556
0 0.495845 0.446501 0.437903 0.587681
0 0.492872 0.444948 0.429635 0.588979
0 0.493268 0.444129 0.439950 0.580341
0 0.493169 0.446484 0.422039 0.576606
0 0.497061 0.445652 0.432433 0.575214
0 0.500730 0.445317 0.432777 0.585146
0 0.504233 0.443854 0.416540 0.569235
0 0.502695 0.438725 0.419366 0.581391
0 0.501690 0.446530 0.423685 0.578969
0 0.501028 0.448962 0.412092 0.601183
0 0.493133 0.444872 0.418811 0.577390
0 0.490548 0.445511 0.413951 0.587249
0 0.495648 0.441852 0.425680 0.590393
0 0.493066 0.441022 0.419125 0.595880
0 0.500293 0.444931 0.437380 0.594966
0 0.499557 0.451465 0.422946 0.586128
0 0.496299 0.447936 0.437705 0.598514
0 0.498371 0.454512 0.421341 0.583329
0 0.497627 0.442542 0.441480 0.598109
0 0.502885 0.445482 0.424357 0.584560
0 0.502789 0.447789 0.417302 0.574390
0 0.505229 0.443137 0.420136 0.580666
0 0.499386 0.449418 0.424197 0.572452
0 0.507917 0.444113 0.471997 0.641839
0 0.500870 0.449084 0.414878 0.607099
0 0.492668 0.446621 0.415895 0.581499
0 0.492927 0.443160 0.410055 0.587215
0 0.498738 0.443395 0.433632 0.589698
0 0.502094 0.444269 0.426738 0.590506
0 0.502430 0.444969 0.442135 0.586271
0 0.503804 0.452761 0.432466 0.575357
0 0.499496 0.449952 0.431780 0.591545
0 0.501778 0.457641 0.426824 0.580411
0 0.498314 0.444358 0.438208 0.609167
0 0.499084 0.449171 0.421734 0.586328
0 0.504806 0.448616 0.415437 0.594755
0 0.503408 0.445346 0.409365 0.595250
0 0.499674 0.453962 0.434320 0.594737
0 0.478727 0.462623 0.466858 0.619926
0 0.503959 0.454013 0.425403 0.617928
0 0.493724 0.452326 0.413041 0.585631
0 0.495437 0.446951 0.413472 0.595726
0 0.498743 0.450921 0.429794 0.587226
0 0.504289 0.451212 0.439244 0.605638
0 0.503091 0.448105 0.432214 0.599392
0 0.505350 0.460640 0.434654 0.595150
0 0.499758 0.448501 0.432767 0.618682
0 0.502397 0.458308 0.431469 0.608018
0 0.496530 0.450104 0.434438 0.621295
0 0.498453 0.451894 0.421331 0.600237
0 0.502526 0.454177 0.424781 0.614003
0 0.499232 0.453555 0.413974 0.614390
0 0.496771 0.463624 0.432965 0.610930
0 0.487988 0.465100 0.470998 0.642900
0 0.506890 0.466110 0.428482 0.615816
0 0.499000 0.460182 0.417896 0.624508
0 0.499684 0.455796 0.417884 0.616171
0 0.505439 0.459342 0.431770 0.638634
0 0.506456 0.452769 0.428854 0.637777
0 0.505844 0.466170 0.443009 0.646318
0 0.502457 0.453287 0.434895 0.645590
0 0.503187 0.463209 0.438330 0.638957
0 0.498179 0.456633 0.439774 0.639298
0 0.498732 0.458193 0.443464 0.640912
0 0.502162 0.461853 0.418606 0.628360
0 0.493979 0.473502 0.432248 0.620082
0 0.496024 0.475311 0.411192 0.610378
0 0.508150 0.464573 0.431756 0.626530
0 0.508457 0.482251 0.452443 0.639026
0 0.505120 0.460937 0.434686 0.644945
0 0.504202 0.472731 0.448168 0.642298
0 0.504023 0.472124 0.434547 0.619951
0 0.503452 0.473716 0.446702 0.629733
0 0.495218 0.481517 0.425987 0.607198
0 0.509311 0.480436 0.414489 0.629476
0 0.502592 0.483690 0.405233 0.627716