0 0.504904 0.390826 0.248710 0.335995
0 0.507498 0.396018 0.248422 0.328593
0 0.506162 0.398247 0.252260 0.334495
0 0.506217 0.397715 0.255200 0.340229
0 0.507369 0.396322 0.246648 0.332277
0 0.508432 0.400495 0.246803 0.332584
0 0.507775 0.402425 0.254174 0.338472
0 0.508490 0.402587 0.252345 0.339879
0 0.509554 0.401855 0.255140 0.338122
0 0.508236 0.400129 0.246016 0.337547
0 0.509087 0.402203 0.248540 0.342887
0 0.509493 0.403626 0.251900 0.345388
0 0.508727 0.404274 0.250132 0.345265
0 0.509341 0.405340 0.253867 0.342237
0 0.508310 0.400995 0.245803 0.338159
0 0.509969 0.402290 0.248903 0.347120
0 0.510473 0.403384 0.249643 0.343186
0 0.509520 0.403835 0.250993 0.349337
0 0.509856 0.405108 0.249949 0.341960
0 0.507239 0.401275 0.246913 0.333275
0 0.509786 0.403678 0.247793 0.341500
0 0.510309 0.404135 0.247439 0.344029
0 0.509600 0.402931 0.246125 0.349133
0 0.511439 0.403366 0.249101 0.342054
0 0.506370 0.401997 0.242135 0.336116
0 0.510060 0.403354 0.244488 0.337720
0 0.509931 0.400547 0.246028 0.342569
0 0.510370 0.402252 0.244912 0.348754
0 0.511963 0.403777 0.243844 0.342520
0 0.506579 0.403523 0.242979 0.339410
0 0.509126 0.401048 0.244865 0.342999
0 0.509708 0.400306 0.244654 0.351842
0 0.509617 0.402718 0.243965 0.355973
0 0.512518 0.405487 0.242660 0.345572
0 0.510875 0.401987 0.240371 0.348744
0 0.509220 0.401550 0.242658 0.353034
0 0.510257 0.402176 0.242370 0.356157
0 0.511488 0.402736 0.236379 0.364747
0 0.506395 0.406241 0.248599 0.344969
0 0.512575 0.405157 0.252154 0.343798
0 0.510099 0.406294 0.255057 0.343738
0 0.511433 0.404757 0.252538 0.344066
0 0.507887 0.410405 0.253097 0.350461
0 0.510207 0.406134 0.250599 0.347866
0 0.509294 0.406652 0.250853 0.345143
0 0.513844 0.404964 0.251549 0.346111
0 0.511948 0.408222 0.257360 0.344718
0 0.511767 0.405463 0.249759 0.355642
0 0.509096 0.408263 0.250282 0.351913
0 0.511089 0.409115 0.252015 0.347473
0 0.511233 0.406485 0.249878 0.346558
0 0.507304 0.408499 0.254243 0.354051
0 0.509576 0.408558 0.242906 0.348539
0 0.509731 0.407325 0.244941 0.358111
0 0.510950 0.407998 0.246303 0.352097
0 0.511058 0.404120 0.245582 0.358572
0 0.515040 0.412953 0.251469 0.353258