0 0.436876 0.489001 0.456705 0.697773
0 0.431817 0.502725 0.476836 0.700677
0 0.436743 0.500039 0.470586 0.681598
0 0.432374 0.494763 0.468832 0.683724
0 0.432754 0.501381 0.470088 0.687050
0 0.431556 0.495063 0.461940 0.672136
0 0.431472 0.494688 0.462152 0.684386
0 0.432108 0.495698 0.456618 0.668435
0 0.431811 0.497555 0.464177 0.686038
0 0.441986 0.490829 0.452761 0.647614
0 0.438645 0.501090 0.458459 0.668971
0 0.441052 0.500638 0.451629 0.669736
0 0.431627 0.491131 0.468204 0.678351
0 0.430306 0.503538 0.478688 0.668281
0 0.433435 0.496213 0.475613 0.663557
0 0.443819 0.501793 0.474389 0.665567
0 0.435936 0.497699 0.484541 0.676383
0 0.432094 0.502183 0.467487 0.664463
0 0.434960 0.493524 0.483269 0.670350
0 0.431010 0.497326 0.468918 0.663548
0 0.432030 0.494884 0.471714 0.676904
0 0.431188 0.496391 0.468386 0.681074
0 0.437453 0.497446 0.463726 0.666864
0 0.434381 0.500899 0.457748 0.669937
0 0.434487 0.499013 0.456762 0.668203
0 0.447234 0.502564 0.443203 0.669844
0 0.430534 0.491636 0.469583 0.670621
0 0.431258 0.498045 0.484240 0.669976
0 0.430786 0.497726 0.481532 0.655088
0 0.434803 0.496027 0.479605 0.661848
0 0.431922 0.493177 0.484130 0.665924
0 0.429304 0.494753 0.475424 0.665850
0 0.430070 0.489089 0.488632 0.659404
0 0.428825 0.492889 0.472997 0.660292
0 0.431352 0.491562 0.483623 0.666886
0 0.429790 0.497677 0.471763 0.664048
0 0.434604 0.492852 0.471588 0.662911
0 0.433058 0.496494 0.457194 0.661742
0 0.432338 0.497559 0.466224 0.658845
0 0.441098 0.500584 0.450085 0.659549
0 0.435767 0.493521 0.482301 0.670013
0 0.434854 0.492562 0.494992 0.687275
0 0.433215 0.494622 0.494764 0.682028
0 0.437398 0.490675 0.487675 0.687618
0 0.434230 0.490261 0.484725 0.683266
0 0.435015 0.490466 0.476544 0.687859
0 0.431321 0.489008 0.479395 0.674655
0 0.434544 0.493803 0.471112 0.683225
0 0.429244 0.491644 0.486315 0.683454
0 0.429206 0.497636 0.470888 0.679001
0 0.434936 0.492414 0.473801 0.680015
0 0.434025 0.493833 0.462680 0.685553
0 0.427344 0.498095 0.475742 0.667169
0 0.434569 0.503003 0.463856 0.654993
0 0.430820 0.505463 0.470717 0.677509
0 0.432169 0.485404 0.472955 0.640501
0 0.432888 0.485819 0.486444 0.660011
0 0.436739 0.487493 0.491175 0.637935
0 0.443319 0.484104 0.486394 0.649514
0 0.435862 0.485657 0.484806 0.667984
0 0.435181 0.490149 0.468070 0.660567
0 0.428201 0.488269 0.481846 0.664062
0 0.426019 0.491448 0.466505 0.654509
0 0.427773 0.487991 0.482438 0.675898
0 0.424958 0.490947 0.456145 0.653580
0 0.432578 0.489210 0.463651 0.662003
0 0.433041 0.489680 0.453148 0.663976
0 0.424420 0.484805 0.471949 0.649841
0 0.433872 0.494773 0.460670 0.647138
0 0.434914 0.501092 0.484980 0.669533
0 0.433458 0.493334 0.459285 0.618335
0 0.427868 0.493091 0.478173 0.638984
0 0.435295 0.494105 0.478176 0.630025
0 0.443861 0.494350 0.478435 0.639824
0 0.435019 0.488249 0.482270 0.653720
0 0.435238 0.492339 0.464762 0.635700
0 0.431583 0.492408 0.483488 0.648021
0 0.430522 0.493639 0.465748 0.630165
0 0.428025 0.494679 0.483336 0.650311
0 0.425273 0.494033 0.457381 0.623139
0 0.429905 0.494802 0.474061 0.646443
0 0.431028 0.492235 0.453068 0.634267
0 0.423980 0.491466 0.465456 0.634164
0 0.431340 0.497943 0.458742 0.640390
0 0.433575 0.512822 0.442669 0.592031
0 0.425346 0.502287 0.459217 0.613103
0 0.426667 0.504384 0.458933 0.604657
0 0.438463 0.501940 0.477565 0.631983
0 0.432888 0.495161 0.476241 0.628369
0 0.437660 0.490948 0.482009 0.631862
0 0.431384 0.498748 0.474078 0.629848
0 0.432586 0.496117 0.469841 0.625512
0 0.426903 0.501647 0.472990 0.642619
0 0.424652 0.502047 0.463651 0.628401
0 0.429497 0.503569 0.476142 0.631100
0 0.432671 0.503615 0.460235 0.624092
0 0.425071 0.500345 0.473044 0.622651
0 0.437858 0.514763 0.464503 0.622940
0 0.427976 0.510527 0.460674 0.596177
0 0.434634 0.515718 0.470654 0.610783
0 0.432270 0.506054 0.464445 0.606139
0 0.433902 0.508056 0.487084 0.615776
0 0.431073 0.504231 0.477131 0.616418
0 0.428857 0.502570 0.476612 0.598381
0 0.428885 0.505122 0.472421 0.620434
0 0.426758 0.503780 0.469769 0.602572
0 0.425633 0.510880 0.467952 0.595636
0 0.422975 0.523095 0.483884 0.598999
0 0.428175 0.526087 0.443375 0.588198