0 0.474429 0.375468 0.400540 0.487140
0 0.473496 0.380935 0.394853 0.468182
0 0.474020 0.373708 0.397639 0.463963
0 0.472025 0.375613 0.422286 0.513521
0 0.480625 0.380286 0.430081 0.510620
0 0.479997 0.381275 0.423401 0.490894
0 0.479228 0.378903 0.421850 0.485915
0 0.480304 0.375859 0.417593 0.463337
0 0.463572 0.389183 0.425249 0.539019
0 0.474174 0.391144 0.432775 0.544717
0 0.478834 0.387977 0.428514 0.528802
0 0.473925 0.392449 0.428765 0.525213
0 0.476564 0.392263 0.437290 0.526958
0 0.479139 0.394911 0.429203 0.499506
0 0.485890 0.388282 0.417609 0.482467
0 0.462960 0.400259 0.425617 0.541541
0 0.461823 0.396999 0.422311 0.562410
0 0.474784 0.393863 0.436023 0.545074
0 0.472629 0.391100 0.437840 0.561642
0 0.477881 0.391990 0.434580 0.539872
0 0.472192 0.392110 0.431212 0.548326
0 0.475368 0.389120 0.421320 0.524644
0 0.477608 0.390284 0.426924 0.519575
0 0.475733 0.389932 0.422311 0.494328
0 0.482027 0.392688 0.415005 0.486061
0 0.458916 0.408652 0.419052 0.552253
0 0.456839 0.403412 0.421013 0.574488
0 0.473189 0.399207 0.440269 0.553347
0 0.474612 0.403574 0.438382 0.562095
0 0.474099 0.393972 0.434047 0.546674
0 0.475747 0.401563 0.429922 0.548315
0 0.473909 0.399953 0.420778 0.536685
0 0.478444 0.411719 0.429463 0.543616
0 0.477666 0.403732 0.426968 0.540738
0 0.481455 0.411537 0.427353 0.539373
0 0.477983 0.403367 0.424963 0.524136
0 0.481377 0.404893 0.417886 0.503989
0 0.491072 0.398919 0.426429 0.525496
0 0.457837 0.410872 0.409302 0.551583
0 0.464452 0.402170 0.419177 0.583927
0 0.473657 0.404285 0.427610 0.548959
0 0.478053 0.407698 0.440263 0.568375
0 0.481322 0.401393 0.430690 0.549206
0 0.483143 0.405728 0.432211 0.554366
0 0.474498 0.407127 0.427111 0.553675
0 0.478740 0.417641 0.431302 0.553866
0 0.472636 0.413596 0.429801 0.547655
0 0.475579 0.419575 0.428329 0.544870
0 0.475866 0.413836 0.427100 0.542120
0 0.483168 0.413150 0.423203 0.544353
0 0.482704 0.415481 0.411803 0.514356
0 0.484703 0.411741 0.415045 0.532672
0 0.473817 0.412255 0.423291 0.576412
0 0.470331 0.414806 0.433431 0.569494
0 0.484668 0.420024 0.433956 0.581446
0 0.476455 0.417321 0.436388 0.564233
0 0.481055 0.430636 0.447989 0.577237
0 0.471975 0.416863 0.436553 0.559146
0 0.473511 0.425492 0.440869 0.558079
0 0.477908 0.417498 0.441746 0.565646
0 0.480901 0.422646 0.441467 0.563329
0 0.477755 0.419597 0.440500 0.562946
0 0.482322 0.425495 0.435747 0.570360
0 0.479374 0.428945 0.433827 0.571867
0 0.475523 0.416986 0.442638 0.604400
0 0.479573 0.428169 0.471579 0.633798
0 0.475377 0.416174 0.436743 0.598111
0 0.474730 0.429723 0.460337 0.610350
0 0.479076 0.422563 0.427239 0.601490
0 0.481995 0.429821 0.454515 0.626204
0 0.469635 0.441501 0.469828 0.630463
0 0.473965 0.449459 0.441305 0.579405
0 0.475784 0.445715 0.441089 0.576522
0 0.476330 0.456640 0.429694 0.589724