0 0.486489 0.416214 0.385412 0.541028
0 0.490727 0.412501 0.391863 0.538090
0 0.481038 0.402462 0.387169 0.541598
0 0.488554 0.409539 0.389496 0.540090
0 0.485223 0.411519 0.393013 0.533459
0 0.485750 0.408645 0.397511 0.524183
0 0.491068 0.405010 0.394165 0.533897
0 0.486093 0.411429 0.393248 0.542972
0 0.490093 0.416946 0.398107 0.538351
0 0.486692 0.417993 0.399715 0.541212
0 0.485647 0.415149 0.400010 0.532452
0 0.490745 0.414430 0.397480 0.532635
0 0.495927 0.408694 0.394932 0.534602
0 0.486826 0.419319 0.400756 0.556494
0 0.488265 0.417646 0.399680 0.551072
0 0.488134 0.419504 0.403488 0.555547
0 0.489022 0.417151 0.401332 0.550419
0 0.490491 0.414881 0.402802 0.545272
0 0.490659 0.411325 0.393825 0.530836
0 0.487202 0.415788 0.400566 0.546983
0 0.488190 0.417295 0.404450 0.549827
0 0.486199 0.417466 0.403429 0.543216
0 0.487277 0.420171 0.404498 0.542387
0 0.488773 0.413321 0.396397 0.544563
0 0.488754 0.411891 0.390940 0.540989
0 0.484445 0.413783 0.397414 0.551062
0 0.489166 0.414131 0.401377 0.551104
0 0.488975 0.412239 0.402668 0.557499
0 0.487003 0.415505 0.406670 0.551935
0 0.488267 0.412358 0.402822 0.552336
0 0.491470 0.413321 0.392945 0.552846
0 0.485258 0.419424 0.401227 0.541930
0 0.488875 0.420183 0.398922 0.544016
0 0.489674 0.419582 0.402675 0.548927
0 0.491598 0.418898 0.405881 0.551164
0 0.490339 0.418173 0.404473 0.555467
0 0.489676 0.422721 0.387066 0.530240
0 0.489253 0.418946 0.392644 0.540078
0 0.488319 0.417944 0.396515 0.554222
0 0.490644 0.424886 0.401265 0.547384
0 0.492030 0.431102 0.381718 0.533752
0 0.492421 0.434633 0.380527 0.540434