0 0.515177 0.370027 0.273484 0.359580
0 0.517264 0.372807 0.271686 0.354413
0 0.515892 0.373341 0.270852 0.356626
0 0.516943 0.378453 0.276220 0.361400
0 0.518032 0.379469 0.278548 0.365800
0 0.516378 0.380059 0.275771 0.363967
0 0.516828 0.378808 0.276310 0.361214
0 0.517253 0.382754 0.278534 0.366894
0 0.517169 0.383733 0.279630 0.371884
0 0.516763 0.384417 0.276733 0.367342
0 0.516862 0.383754 0.279384 0.364384
0 0.517860 0.381220 0.278608 0.354209
0 0.516960 0.382993 0.279590 0.359213
0 0.515356 0.381770 0.274022 0.358952
0 0.516369 0.382081 0.278948 0.361317
0 0.517960 0.380970 0.277175 0.355056
0 0.517788 0.380735 0.276349 0.356372
0 0.515496 0.379305 0.272149 0.360701
0 0.515803 0.381863 0.279893 0.356984
0 0.516226 0.381133 0.277037 0.359342
0 0.516975 0.381467 0.278718 0.364099
0 0.515799 0.380542 0.276640 0.361865
0 0.516873 0.381388 0.283366 0.361277
0 0.516387 0.379843 0.279730 0.360979
0 0.516705 0.380475 0.277282 0.362489
0 0.516311 0.379479 0.273215 0.363711
0 0.517641 0.381734 0.284382 0.364470
0 0.516915 0.381178 0.278030 0.362412
0 0.517689 0.380343 0.272943 0.364157
0 0.517254 0.380898 0.274603 0.366314
0 0.518832 0.378752 0.283262 0.369728
0 0.522238 0.385364 0.284319 0.361598
0 0.520031 0.387540 0.282411 0.367436
0 0.518335 0.384610 0.285151 0.369324
0 0.517936 0.384796 0.284150 0.365278
0 0.518465 0.383378 0.282351 0.360643
0 0.517990 0.386042 0.280485 0.365774
0 0.520043 0.382337 0.281898 0.360930
0 0.519077 0.379059 0.280557 0.360153
0 0.515498 0.382795 0.289371 0.369307
0 0.517612 0.382848 0.285767 0.373021
0 0.514666 0.382553 0.283773 0.369667
0 0.517164 0.383312 0.284476 0.370652
0 0.518856 0.383912 0.281639 0.365651
0 0.519067 0.380486 0.281683 0.364459
0 0.514630 0.383850 0.277604 0.361656
0 0.518246 0.383381 0.282202 0.367902
0 0.517723 0.384744 0.280626 0.363587
0 0.518059 0.382208 0.283127 0.365830
0 0.518091 0.381537 0.278273 0.368870
0 0.514155 0.387548 0.274384 0.360447
0 0.517220 0.386656 0.279672 0.369756
0 0.517062 0.384739 0.277719 0.361970
0 0.518705 0.387651 0.275082 0.362632