0 0.494182 0.453825 0.478276 0.606422
0 0.498080 0.454088 0.480016 0.596351
0 0.499822 0.479713 0.517563 0.627927
0 0.504776 0.488196 0.507415 0.627815
0 0.500594 0.474072 0.504505 0.627895
0 0.511736 0.481727 0.501388 0.616509
0 0.494902 0.478810 0.511947 0.656983
0 0.499331 0.485420 0.503506 0.642970
0 0.492908 0.474803 0.513907 0.644049
0 0.490557 0.481048 0.495459 0.614001
0 0.499148 0.468601 0.505510 0.620513
0 0.500208 0.480509 0.500277 0.604193
0 0.501211 0.474971 0.480521 0.598399
0 0.511709 0.479075 0.486398 0.621080
0 0.488787 0.469351 0.515940 0.623105
0 0.499802 0.470639 0.513162 0.606064
0 0.486229 0.462643 0.486404 0.581046
0 0.501489 0.465050 0.483270 0.590376
0 0.500473 0.461215 0.507865 0.586756
0 0.508561 0.463585 0.494955 0.580509
0 0.499360 0.458134 0.501842 0.600440
0 0.500714 0.463428 0.488060 0.588656
0 0.495053 0.456104 0.503868 0.601231
0 0.498551 0.465830 0.483733 0.585047
0 0.495976 0.451173 0.500218 0.588768
0 0.497745 0.461852 0.491558 0.585630
0 0.503489 0.451617 0.484975 0.573024
0 0.499502 0.461493 0.481309 0.575737
0 0.509428 0.462808 0.484196 0.600235
0 0.514975 0.462560 0.462942 0.596244
0 0.506273 0.464238 0.536546 0.627209
0 0.510438 0.469117 0.514156 0.607090
0 0.490869 0.465811 0.480187 0.587266
0 0.501558 0.470748 0.477552 0.602638
0 0.497017 0.464608 0.489097 0.592056
0 0.497526 0.471448 0.482445 0.593676
0 0.498862 0.457761 0.500115 0.607998
0 0.492640 0.462272 0.483872 0.599719
0 0.492945 0.456955 0.495094 0.606564
0 0.494234 0.461427 0.471820 0.586986
0 0.492444 0.453134 0.499870 0.601771
0 0.492202 0.457884 0.475251 0.586930
0 0.500201 0.453125 0.487186 0.580147
0 0.499897 0.456076 0.472858 0.575372
0 0.506393 0.456440 0.482180 0.586883
0 0.509649 0.464681 0.461975 0.593622
0 0.516040 0.462916 0.563257 0.641979
0 0.508500 0.471052 0.517810 0.607145
0 0.483320 0.469608 0.484488 0.599338
0 0.489919 0.480185 0.478922 0.610412
0 0.494680 0.464085 0.501611 0.605076
0 0.498532 0.474230 0.498476 0.606354
0 0.501828 0.459479 0.500101 0.627347
0 0.503132 0.464437 0.494440 0.622655
0 0.492616 0.462218 0.472424 0.629683
0 0.496431 0.466686 0.474106 0.621768
0 0.494325 0.459427 0.484968 0.634563
0 0.490889 0.463261 0.470794 0.621966
0 0.500301 0.456449 0.490614 0.605765
0 0.494454 0.467090 0.471461 0.596986
0 0.504659 0.462636 0.470158 0.608202
0 0.513614 0.463480 0.467004 0.604111
0 0.517872 0.469654 0.566694 0.647331
0 0.511168 0.461617 0.522848 0.593765
0 0.484808 0.466688 0.485703 0.589747
0 0.493438 0.466671 0.489854 0.609566
0 0.497247 0.460791 0.507319 0.604230
0 0.500697 0.470627 0.511606 0.623115
0 0.501852 0.453839 0.494625 0.614175
0 0.507343 0.458490 0.500561 0.635383
0 0.494036 0.457125 0.476810 0.623119
0 0.491851 0.457142 0.490253 0.637289
0 0.497768 0.458450 0.480989 0.623747
0 0.493313 0.456523 0.487834 0.636380
0 0.501498 0.468736 0.489953 0.607340
0 0.494845 0.469546 0.479379 0.609933
0 0.504009 0.470781 0.477657 0.606913
0 0.510406 0.465776 0.464631 0.606086
0 0.506261 0.451887 0.514231 0.609186
0 0.479206 0.468997 0.484181 0.599503
0 0.492101 0.455725 0.480403 0.615128
0 0.494445 0.455736 0.492578 0.632278
0 0.499597 0.462185 0.494508 0.644259
0 0.499610 0.448001 0.494905 0.646438
0 0.503895 0.454878 0.502708 0.659110
0 0.498960 0.446518 0.489787 0.657118
0 0.496986 0.448825 0.487436 0.652902
0 0.504584 0.449865 0.494891 0.662385
0 0.496590 0.442203 0.494695 0.669246
0 0.501844 0.449318 0.489204 0.653752
0 0.502487 0.456309 0.473358 0.643579
0 0.514831 0.467708 0.463105 0.641473
0 0.491081 0.435795 0.493221 0.671697
0 0.493333 0.450492 0.484124 0.659946
0 0.500615 0.431198 0.504247 0.703813
0 0.505506 0.440504 0.491854 0.677971
0 0.511453 0.429590 0.516429 0.706758
0 0.505935 0.435206 0.494890 0.680538
0 0.500552 0.431034 0.504244 0.679246
0 0.500901 0.424990 0.519259 0.692180
0 0.507489 0.435126 0.502084 0.683624
0 0.501977 0.456643 0.503269 0.675206
0 0.503658 0.477432 0.492972 0.619339
0 0.498123 0.476419 0.492974 0.598326
0 0.479292 0.473594 0.537220 0.600908