0 0.670926 0.402652 0.271828 0.369658
0 0.669665 0.402188 0.276087 0.359178
0 0.671698 0.405484 0.278671 0.370211
0 0.672285 0.407021 0.282145 0.373327
0 0.671236 0.405908 0.282352 0.370896
0 0.667445 0.402905 0.279086 0.345017
0 0.670234 0.404385 0.278490 0.354956
0 0.670849 0.406952 0.280087 0.364834
0 0.671175 0.408525 0.281073 0.370859
0 0.670537 0.408721 0.281824 0.368167
0 0.666877 0.404247 0.281080 0.342346
0 0.668582 0.404684 0.279621 0.354588
0 0.672492 0.406933 0.280728 0.360531
0 0.670886 0.408274 0.278525 0.364033
0 0.671134 0.408746 0.279581 0.364708
0 0.667112 0.405181 0.276697 0.342860
0 0.668641 0.403772 0.275621 0.353498
0 0.671090 0.405470 0.275307 0.359904
0 0.670660 0.406743 0.274517 0.368248
0 0.671824 0.409964 0.275871 0.368800
0 0.667670 0.405368 0.279453 0.347629
0 0.669613 0.403337 0.277561 0.356433
0 0.671675 0.405349 0.277955 0.356128
0 0.671649 0.406422 0.274736 0.359766
0 0.673592 0.408165 0.273039 0.357242
0 0.667752 0.401837 0.279173 0.350445
0 0.670496 0.400896 0.274804 0.356504
0 0.670145 0.402837 0.271692 0.352471
0 0.671473 0.404891 0.271263 0.362265
0 0.672982 0.404779 0.267117 0.360855
0 0.670599 0.403535 0.273303 0.355305
0 0.672605 0.404410 0.267837 0.352626
0 0.674156 0.405449 0.267273 0.355321
0 0.674144 0.406185 0.266173 0.357047
0 0.669203 0.404741 0.286332 0.368111
0 0.666403 0.405463 0.285474 0.360827
0 0.667503 0.403912 0.286295 0.368863
0 0.669502 0.403460 0.281663 0.355364
0 0.670027 0.406522 0.282539 0.357439
0 0.671510 0.408068 0.279122 0.361231
0 0.670399 0.404968 0.280564 0.366124
0 0.669716 0.404662 0.280916 0.365887
0 0.671460 0.407522 0.279841 0.359070
0 0.667767 0.407545 0.276762 0.363676
0 0.669727 0.405025 0.282279 0.359618
0 0.666898 0.405781 0.279197 0.368408
0 0.669351 0.404958 0.279741 0.363870
0 0.671832 0.407301 0.274804 0.347928
0 0.667945 0.409584 0.279351 0.366909
0 0.669030 0.408420 0.278827 0.368198
0 0.667558 0.404002 0.276608 0.367261
0 0.666147 0.404743 0.272159 0.373384
0 0.670699 0.408951 0.270171 0.345132
0 0.667931 0.405577 0.267983 0.363846
0 0.670135 0.407505 0.274917 0.367021
0 0.666198 0.405895 0.274554 0.373632
0 0.669229 0.401996 0.278821 0.385965
0 0.673781 0.412592 0.270708 0.358555
0 0.673580 0.410873 0.276748 0.361204
0 0.674429 0.414384 0.278189 0.368903