0 0.530618 0.387773 0.274992 0.351282
0 0.531901 0.390153 0.276880 0.352214
0 0.527482 0.394885 0.282749 0.353206
0 0.529019 0.395149 0.280284 0.361781
0 0.531048 0.396168 0.279658 0.358492
0 0.529440 0.396793 0.277528 0.357401
0 0.527072 0.394216 0.284100 0.347515
0 0.527429 0.393544 0.279009 0.350526
0 0.527406 0.395819 0.273649 0.347859
0 0.526522 0.397072 0.277482 0.343263
0 0.526825 0.393791 0.283416 0.343605
0 0.529051 0.394896 0.276023 0.342610
0 0.527783 0.396161 0.273991 0.345612
0 0.527011 0.398862 0.276158 0.340973
0 0.527291 0.391976 0.279680 0.347737
0 0.527230 0.393891 0.277974 0.346519
0 0.527567 0.396108 0.277290 0.349724
0 0.528422 0.399465 0.276356 0.339919
0 0.528790 0.403280 0.278055 0.332194
0 0.526675 0.391579 0.280421 0.348040
0 0.526625 0.393251 0.280224 0.345647
0 0.527217 0.394539 0.278659 0.349763
0 0.528631 0.396277 0.274319 0.344590
0 0.529270 0.401856 0.284759 0.336284
0 0.525963 0.393865 0.286702 0.349657
0 0.526156 0.394877 0.278789 0.348235
0 0.526917 0.397139 0.280244 0.351490
0 0.526976 0.399058 0.278052 0.351452
0 0.529510 0.405952 0.283115 0.338753
0 0.527132 0.399721 0.272169 0.347794
0 0.527698 0.401843 0.275496 0.345933
0 0.528807 0.405759 0.277508 0.347155
0 0.885749 0.509590 0.072543 0.122490
0 0.887660 0.510670 0.073946 0.121104
0 0.888839 0.509687 0.077153 0.121333
0 0.886856 0.510754 0.072367 0.119026
0 0.887622 0.511299 0.072878 0.122778
0 0.887295 0.511116 0.073221 0.118118
0 0.885337 0.511677 0.071474 0.120075
0 0.887227 0.510913 0.072174 0.121773
0 0.889637 0.511960 0.074611 0.118495
0 0.527358 0.401890 0.284630 0.371249
0 0.528213 0.402057 0.286433 0.372209
0 0.531076 0.397836 0.289157 0.376126
0 0.526295 0.400355 0.283979 0.367419
0 0.526129 0.401853 0.280230 0.361501
0 0.529569 0.397905 0.279917 0.359890
0 0.530482 0.398123 0.279910 0.353441
0 0.531243 0.393456 0.285215 0.357304
0 0.530041 0.400482 0.279313 0.357751
0 0.526255 0.400526 0.281914 0.369931
0 0.527543 0.399142 0.281066 0.362477
0 0.527440 0.398411 0.281100 0.364061
0 0.531435 0.395823 0.281306 0.361074
0 0.527772 0.400484 0.281354 0.352220
0 0.526456 0.401150 0.285346 0.361622
0 0.527759 0.403296 0.285170 0.364261
0 0.526757 0.398055 0.283971 0.357460
0 0.529653 0.395711 0.278758 0.364948
0 0.526573 0.404774 0.276824 0.358360
0 0.526818 0.401398 0.282274 0.359510
0 0.526368 0.399229 0.282954 0.367249
0 0.525997 0.400910 0.279702 0.364416
0 0.526968 0.402453 0.283370 0.376066
0 0.526576 0.395095 0.281154 0.367259
0 0.526860 0.401765 0.286721 0.375391
0 0.527903 0.400671 0.285886 0.371312