0 0.612429 0.209196 0.153566 0.218133
0 0.613609 0.211375 0.155703 0.214242
0 0.614544 0.209804 0.154852 0.216099
0 0.610467 0.209476 0.150828 0.210683
0 0.611928 0.210791 0.150697 0.207135
0 0.611747 0.210704 0.149977 0.208857
0 0.611642 0.211213 0.149055 0.207156
0 0.614035 0.209429 0.153009 0.211847
0 0.610098 0.209980 0.151536 0.207488
0 0.610364 0.210733 0.151154 0.209002
0 0.611548 0.210050 0.149620 0.207797
0 0.611829 0.209306 0.148229 0.207015
0 0.612605 0.208953 0.150019 0.207698
0 0.607541 0.210633 0.147821 0.208239
0 0.609294 0.210337 0.145430 0.204014
0 0.610791 0.210702 0.148781 0.206450
0 0.610170 0.210913 0.149030 0.208701
0 0.611726 0.210435 0.148856 0.210225
0 0.612316 0.210165 0.149142 0.210342
0 0.614841 0.210725 0.152060 0.212762
0 0.610273 0.208793 0.144180 0.205101
0 0.610110 0.209565 0.147148 0.205748
0 0.610804 0.209511 0.147791 0.206473
0 0.611207 0.210234 0.148682 0.210398
0 0.612627 0.209630 0.147842 0.210082
0 0.608518 0.211252 0.143520 0.207198
0 0.610078 0.209442 0.143761 0.206314
0 0.611394 0.209873 0.146693 0.208293
0 0.610408 0.211151 0.144028 0.209304
0 0.615138 0.214091 0.147908 0.206063
0 0.611029 0.212794 0.149232 0.215314