0 0.598855 0.374929 0.353072 0.544934
0 0.602158 0.385535 0.345624 0.538861
0 0.600106 0.382297 0.344903 0.537370
0 0.605355 0.373299 0.341634 0.547889
0 0.600500 0.387218 0.349432 0.545461
0 0.603251 0.387758 0.347181 0.540147
0 0.603427 0.388166 0.346268 0.539867
0 0.604643 0.380853 0.344602 0.538477
0 0.606376 0.369954 0.342946 0.539356
0 0.600747 0.377719 0.349232 0.531690
0 0.601616 0.382399 0.343614 0.522455
0 0.604487 0.380736 0.346863 0.532435
0 0.606261 0.385943 0.348033 0.540409
0 0.605182 0.379083 0.354792 0.533538
0 0.605507 0.377165 0.345387 0.539561
0 0.598614 0.378777 0.339420 0.515855
0 0.601232 0.379343 0.344655 0.524165
0 0.601282 0.380349 0.345906 0.523413
0 0.601955 0.378974 0.345488 0.517780
0 0.606520 0.378116 0.345448 0.523815
0 0.606518 0.376974 0.332155 0.526978
0 0.599446 0.378662 0.337337 0.509997
0 0.600856 0.378942 0.338514 0.518571
0 0.601608 0.376554 0.342240 0.520459
0 0.603923 0.376406 0.337243 0.509731
0 0.605952 0.375392 0.341554 0.518341
0 0.610458 0.375507 0.340957 0.520707
0 0.600634 0.385283 0.350280 0.502063
0 0.606351 0.378916 0.335040 0.512332
0 0.606622 0.374318 0.338091 0.510222
0 0.607336 0.375915 0.345721 0.495332
0 0.605835 0.372359 0.342009 0.509249
0 0.609278 0.380531 0.330269 0.515177
0 0.600698 0.387984 0.344260 0.497123
0 0.607033 0.371444 0.340187 0.514543
0 0.607705 0.375477 0.340701 0.509691
0 0.610117 0.376842 0.342576 0.509381
0 0.607520 0.396237 0.353187 0.481370
0 0.608788 0.388165 0.347893 0.486993