0 0.013979 0.473076 0.025271 0.029456
0 0.195520 0.465735 0.031577 0.033743
0 0.897548 0.469184 0.021331 0.025388
0 0.520271 0.202678 0.187922 0.271175
0 0.522628 0.202909 0.188730 0.269310
0 0.520682 0.203176 0.185934 0.269024
0 0.520681 0.203932 0.188141 0.269182
0 0.520649 0.205036 0.189982 0.267852
0 0.520967 0.204163 0.188898 0.271886
0 0.518399 0.201311 0.186448 0.270266
0 0.520090 0.202265 0.187263 0.267392
0 0.520967 0.202362 0.186146 0.270699
0 0.519884 0.201781 0.189809 0.269905
0 0.519052 0.202969 0.188758 0.271745
0 0.522506 0.203045 0.190165 0.267587
0 0.518742 0.199764 0.187018 0.267625
0 0.519179 0.199748 0.186868 0.270679
0 0.519863 0.202183 0.189110 0.273392
0 0.519849 0.201108 0.187673 0.271294
0 0.519382 0.200960 0.188427 0.273743
0 0.520110 0.203078 0.187872 0.262349
0 0.518974 0.199889 0.186787 0.267692
0 0.519735 0.200553 0.184770 0.266564
0 0.519046 0.201461 0.185957 0.269658
0 0.520767 0.200967 0.185000 0.266491
0 0.519590 0.200598 0.189177 0.269449
0 0.521362 0.203146 0.182664 0.260165
0 0.518731 0.201217 0.186376 0.265070
0 0.518758 0.200993 0.186309 0.264517
0 0.519214 0.200493 0.185920 0.265494
0 0.520630 0.202688 0.185719 0.264002
0 0.519936 0.202250 0.185375 0.267328
0 0.521919 0.204756 0.181207 0.260941
0 0.518289 0.204819 0.186336 0.258134
0 0.518635 0.201101 0.184091 0.261737
0 0.518502 0.201423 0.187858 0.260916
0 0.519819 0.202059 0.185672 0.261284
0 0.520903 0.203327 0.184669 0.267237
0 0.517424 0.202896 0.182906 0.259222
0 0.518739 0.202570 0.187674 0.260361
0 0.520261 0.202929 0.187643 0.263229