0 0.459610 0.426167 0.308917 0.470371
0 0.464386 0.429435 0.312524 0.471542
0 0.471531 0.423555 0.317368 0.480278
0 0.462741 0.431602 0.314710 0.480918
0 0.460244 0.437717 0.320325 0.469106
0 0.465268 0.436095 0.320689 0.470319
0 0.468002 0.438985 0.318398 0.466649
0 0.459474 0.427307 0.312918 0.468942
0 0.463732 0.427183 0.315655 0.467513
0 0.463055 0.432081 0.314251 0.462282
0 0.466576 0.431169 0.312664 0.447208
0 0.466516 0.429793 0.309234 0.445497
0 0.470255 0.430995 0.317333 0.446295
0 0.462162 0.433566 0.316384 0.455784
0 0.461983 0.435244 0.309758 0.460784
0 0.467885 0.434745 0.317872 0.455659
0 0.464793 0.434964 0.313273 0.438916
0 0.460034 0.432855 0.310520 0.444807
0 0.464735 0.432933 0.312742 0.432648
0 0.457826 0.431093 0.319091 0.457356
0 0.461567 0.432216 0.316240 0.453789
0 0.463453 0.436032 0.315778 0.447179
0 0.462692 0.440200 0.317541 0.424706
0 0.464202 0.437902 0.317806 0.428418
0 0.463987 0.432274 0.316243 0.428811
0 0.458614 0.436163 0.316650 0.432173
0 0.460633 0.437726 0.319222 0.438019
0 0.463428 0.436913 0.318592 0.427845
0 0.461677 0.432874 0.318948 0.429837
0 0.469741 0.434580 0.322410 0.426722
0 0.461508 0.436803 0.322154 0.433671
0 0.463784 0.430728 0.324374 0.418878
0 0.464949 0.435099 0.325321 0.418846