0 0.518676 0.311280 0.255142 0.356832
0 0.519790 0.313973 0.258299 0.350791
0 0.520719 0.314046 0.263167 0.351273
0 0.518924 0.316210 0.259751 0.347859
0 0.521178 0.315194 0.263135 0.349128
0 0.518587 0.316097 0.253330 0.350033
0 0.521328 0.317255 0.261474 0.352577
0 0.520548 0.316451 0.265419 0.359763
0 0.520572 0.317897 0.262853 0.358321
0 0.519350 0.319220 0.262230 0.352384
0 0.518555 0.318501 0.258770 0.349909
0 0.521196 0.319203 0.262531 0.360424
0 0.521119 0.318774 0.263366 0.365612
0 0.521143 0.319903 0.259030 0.363662
0 0.520237 0.320889 0.263598 0.360635
0 0.520719 0.318310 0.259938 0.360820
0 0.521723 0.318017 0.264893 0.358706
0 0.519927 0.318547 0.259266 0.360769
0 0.520144 0.320946 0.264924 0.363003
0 0.520786 0.316605 0.260553 0.357144
0 0.521261 0.318508 0.262445 0.355526
0 0.519781 0.318030 0.260994 0.359596
0 0.521301 0.320708 0.262686 0.358373
0 0.520435 0.317643 0.258782 0.363414
0 0.521475 0.318100 0.263870 0.362619
0 0.519858 0.318047 0.261945 0.360934
0 0.521516 0.320294 0.264618 0.360037
0 0.521209 0.317770 0.259871 0.362995
0 0.520663 0.319036 0.259548 0.357727
0 0.520445 0.318551 0.258950 0.362855
0 0.522457 0.320699 0.264666 0.363688
0 0.520230 0.322432 0.263110 0.360377
0 0.521678 0.320041 0.254104 0.361248
0 0.520999 0.322060 0.256908 0.361312
0 0.524097 0.324613 0.263172 0.363431
0 0.519862 0.318003 0.258040 0.357745
0 0.522422 0.322772 0.264731 0.356266
0 0.523236 0.322546 0.266647 0.360190
0 0.521780 0.321663 0.266887 0.360722
0 0.522221 0.321809 0.261645 0.354730
0 0.522683 0.322157 0.265216 0.349430
0 0.523651 0.322652 0.267408 0.356283
0 0.521564 0.321544 0.265444 0.358946
0 0.523728 0.318982 0.261173 0.353037
0 0.522122 0.321547 0.264359 0.355407
0 0.521276 0.321877 0.264289 0.355477
0 0.523403 0.322264 0.265183 0.359506
0 0.521481 0.320229 0.263298 0.356991
0 0.522897 0.320842 0.262737 0.356508
0 0.521192 0.323344 0.256487 0.352196
0 0.522892 0.318338 0.260361 0.357757
0 0.520853 0.321526 0.261283 0.353651
0 0.521759 0.318694 0.261308 0.360357
0 0.519728 0.321662 0.258161 0.365611
0 0.521234 0.321887 0.266051 0.361016
0 0.522051 0.322542 0.261131 0.361174
0 0.522129 0.325347 0.255770 0.355650