0 0.326434 0.289856 0.232161 0.304386
0 0.327495 0.290680 0.232328 0.297357
0 0.326821 0.290519 0.232804 0.294339
0 0.327140 0.287491 0.231808 0.295247
0 0.325291 0.288166 0.230576 0.303626
0 0.328324 0.290757 0.231176 0.299673
0 0.326955 0.289547 0.230262 0.298872
0 0.326442 0.291147 0.234575 0.300016
0 0.325680 0.291132 0.232717 0.298908
0 0.325416 0.289564 0.234108 0.290790
0 0.325925 0.289692 0.232011 0.299303
0 0.327363 0.290709 0.234782 0.303927
0 0.326737 0.290140 0.234507 0.305078
0 0.326699 0.291581 0.235959 0.300599
0 0.325848 0.292223 0.236834 0.297112
0 0.324175 0.293388 0.235759 0.293649
0 0.325332 0.290163 0.234769 0.296735
0 0.325980 0.289429 0.231722 0.301931
0 0.327187 0.291242 0.236814 0.303247
0 0.326628 0.291224 0.237120 0.298556
0 0.326391 0.292369 0.239237 0.296837
0 0.326897 0.292600 0.236616 0.294945
0 0.325886 0.290149 0.233171 0.299964
0 0.325833 0.289600 0.232003 0.298458
0 0.325693 0.289419 0.235344 0.301016
0 0.325327 0.290870 0.237796 0.297524
0 0.324731 0.292650 0.236392 0.294920
0 0.327578 0.293094 0.229705 0.291169
0 0.324874 0.291167 0.232523 0.295916
0 0.325184 0.289628 0.231532 0.298875
0 0.325807 0.291151 0.236362 0.299795
0 0.325486 0.292090 0.236430 0.295807
0 0.324737 0.293803 0.235779 0.298200
0 0.328089 0.296129 0.229721 0.290895
0 0.323985 0.289491 0.233392 0.294890
0 0.324482 0.290853 0.232470 0.292677
0 0.324419 0.292806 0.232032 0.291164
0 0.325481 0.295278 0.231387 0.298105
0 0.330545 0.302568 0.225684 0.288453
0 0.326236 0.294819 0.231191 0.289832
0 0.327306 0.297013 0.231207 0.287387
0 0.330457 0.300494 0.228770 0.288798
0 0.328224 0.284848 0.235356 0.311512
0 0.331985 0.290124 0.242032 0.294627
0 0.325936 0.290096 0.238386 0.300645
0 0.324199 0.291996 0.236291 0.295345
0 0.329873 0.289136 0.239873 0.305936
0 0.327491 0.291668 0.238479 0.303382
0 0.326526 0.291000 0.237843 0.295521
0 0.327621 0.289734 0.233616 0.293416
0 0.330628 0.290989 0.237517 0.300914
0 0.326915 0.295603 0.235969 0.299465
0 0.326182 0.293330 0.240850 0.304317
0 0.329245 0.291603 0.234340 0.300434
0 0.329285 0.291287 0.233582 0.295133
0 0.330381 0.291026 0.237642 0.297777
0 0.326221 0.295409 0.233331 0.297765
0 0.327594 0.293053 0.238229 0.296480
0 0.328681 0.295135 0.240168 0.290470
0 0.328771 0.294556 0.236726 0.303056