0 0.473143 0.339853 0.255517 0.344353
0 0.478608 0.341483 0.263537 0.345870
0 0.478678 0.342075 0.259805 0.343824
0 0.481961 0.341301 0.259946 0.348516
0 0.476106 0.343987 0.259049 0.333826
0 0.479879 0.342236 0.276821 0.342802
0 0.479024 0.342419 0.268414 0.340839
0 0.478725 0.344548 0.267399 0.340587
0 0.478126 0.344237 0.262388 0.335718
0 0.479015 0.343182 0.277795 0.352405
0 0.480843 0.342210 0.274145 0.352365
0 0.478976 0.343892 0.275285 0.350057
0 0.478177 0.342535 0.263788 0.333168
0 0.480833 0.340417 0.275508 0.348054
0 0.481682 0.339834 0.272362 0.347005
0 0.478232 0.340968 0.272656 0.351201
0 0.480404 0.341847 0.261992 0.327961
0 0.479972 0.340111 0.271309 0.343407
0 0.481574 0.338482 0.270883 0.346752
0 0.477977 0.338282 0.272043 0.352743
0 0.479838 0.343804 0.258498 0.322344
0 0.479198 0.342297 0.263982 0.329235
0 0.481210 0.339102 0.262229 0.339722
0 0.480121 0.339726 0.265413 0.345888
0 0.480040 0.342523 0.263819 0.342037
0 0.481465 0.343089 0.262146 0.346138
0 0.482092 0.343144 0.264430 0.352727
0 0.484822 0.339126 0.270623 0.356526
0 0.483386 0.341436 0.268967 0.356575
0 0.483026 0.341602 0.268290 0.361271
0 0.481976 0.336875 0.260036 0.353429
0 0.485014 0.342536 0.262144 0.341543
0 0.485044 0.346360 0.263284 0.343740
0 0.482146 0.342429 0.268309 0.343807
0 0.490012 0.344787 0.269057 0.350244
0 0.475752 0.344245 0.263355 0.353540
0 0.484140 0.346099 0.262200 0.341435
0 0.484332 0.342192 0.254225 0.332109
0 0.484860 0.344634 0.256198 0.340505
0 0.482545 0.343309 0.266533 0.351579
0 0.496597 0.344474 0.270244 0.369188
0 0.480821 0.344251 0.269345 0.352702
0 0.485333 0.342936 0.263731 0.349130
0 0.484300 0.347450 0.260971 0.343133
0 0.482810 0.345273 0.266415 0.352944
0 0.484978 0.340283 0.266937 0.350060
0 0.480825 0.346291 0.274131 0.354817
0 0.482181 0.342586 0.271401 0.356427
0 0.485051 0.346828 0.276023 0.352524
0 0.484066 0.347453 0.272470 0.365022
0 0.486896 0.348500 0.273774 0.357762