0 0.553517 0.349792 0.354171 0.491801
0 0.557118 0.351561 0.365037 0.502274
0 0.558221 0.350276 0.362071 0.494099
0 0.559773 0.356618 0.362103 0.495221
0 0.558023 0.353867 0.373134 0.504673
0 0.561315 0.347519 0.374575 0.497407
0 0.556008 0.351915 0.360790 0.499206
0 0.561617 0.350395 0.361778 0.484852
0 0.561185 0.355447 0.367037 0.494031
0 0.560875 0.359435 0.371621 0.509379
0 0.560816 0.355937 0.370492 0.506611
0 0.561024 0.351222 0.378394 0.506092
0 0.557513 0.356596 0.357679 0.485751
0 0.561788 0.350584 0.369107 0.483310
0 0.562829 0.352624 0.372781 0.498696
0 0.561789 0.350800 0.373410 0.503211
0 0.560238 0.347314 0.380673 0.504310
0 0.559806 0.345012 0.371969 0.500038
0 0.569307 0.346401 0.358019 0.499989
0 0.558174 0.353718 0.352180 0.487210
0 0.562634 0.350315 0.371214 0.483600
0 0.564954 0.351553 0.367077 0.495425
0 0.562366 0.352558 0.368306 0.492489
0 0.564518 0.351455 0.376300 0.493265
0 0.561942 0.348450 0.373312 0.500440
0 0.571411 0.350406 0.360030 0.493927
0 0.556397 0.358849 0.354479 0.489574
0 0.564453 0.350894 0.370743 0.491491
0 0.568846 0.350249 0.369097 0.493996
0 0.563892 0.348831 0.366802 0.494036
0 0.565767 0.351702 0.384144 0.500504
0 0.561797 0.349522 0.377717 0.511738
0 0.563600 0.357053 0.368180 0.486038
0 0.566599 0.352414 0.367669 0.494350
0 0.564202 0.354508 0.364096 0.483623
0 0.566627 0.355755 0.372096 0.497198
0 0.565828 0.365916 0.370300 0.494395
0 0.564579 0.354160 0.367165 0.506334
0 0.566990 0.349645 0.364221 0.496628
0 0.569411 0.360016 0.370085 0.495090