0 0.214314 0.531836 0.017993 0.023752
0 0.214710 0.532102 0.018665 0.024079
0 0.539600 0.413713 0.283959 0.367360
0 0.540556 0.416170 0.282056 0.369403
0 0.541219 0.418311 0.284141 0.369037
0 0.542130 0.419958 0.288095 0.368446
0 0.540684 0.421236 0.288783 0.372803
0 0.540603 0.422839 0.290862 0.367489
0 0.542154 0.420602 0.291077 0.365076
0 0.542239 0.421623 0.289634 0.373201
0 0.542096 0.424041 0.288090 0.372054
0 0.540473 0.424966 0.288045 0.367468
0 0.541452 0.423781 0.292930 0.370358
0 0.542140 0.423223 0.288123 0.364938
0 0.542171 0.424757 0.285765 0.365966
0 0.541018 0.424381 0.284761 0.364147
0 0.541489 0.425668 0.291642 0.366932
0 0.539871 0.422853 0.284982 0.363582
0 0.541506 0.424472 0.285188 0.360900
0 0.541250 0.423466 0.284814 0.359654
0 0.540576 0.422253 0.283146 0.360173
0 0.540949 0.423879 0.286453 0.360054
0 0.540800 0.423228 0.283851 0.358076
0 0.543859 0.425130 0.291968 0.359284
0 0.543551 0.424410 0.285267 0.363118
0 0.543007 0.424503 0.285425 0.364027
0 0.542614 0.423854 0.284236 0.361048
0 0.544115 0.424001 0.292763 0.361590
0 0.543654 0.426353 0.281162 0.371096
0 0.541740 0.415942 0.294905 0.381724
0 0.541349 0.418091 0.297325 0.385732
0 0.542335 0.422552 0.302353 0.376449
0 0.542619 0.423716 0.295499 0.381172
0 0.543847 0.425383 0.299152 0.379160
0 0.540639 0.426359 0.300116 0.379485
0 0.546305 0.420992 0.299940 0.374015
0 0.542825 0.424379 0.300556 0.377577
0 0.541097 0.424999 0.298863 0.381716
0 0.541220 0.424290 0.296148 0.379219
0 0.543733 0.422338 0.299670 0.375696
0 0.545962 0.419490 0.298806 0.388100
0 0.545653 0.425321 0.301843 0.376888
0 0.541342 0.424948 0.301373 0.386251
0 0.541088 0.425761 0.298898 0.385124
0 0.541043 0.427511 0.301882 0.380163
0 0.539518 0.425907 0.299436 0.382875
0 0.540986 0.426098 0.297606 0.384839
0 0.546199 0.427535 0.294256 0.374249
0 0.542649 0.424550 0.297889 0.391536
0 0.540735 0.427431 0.298393 0.384339
0 0.538025 0.425435 0.302684 0.391307
0 0.541334 0.424195 0.299488 0.384771
0 0.543172 0.429984 0.296016 0.395879
0 0.545171 0.430830 0.287266 0.383269
0 0.543529 0.429861 0.288765 0.380515
0 0.540802 0.432906 0.296067 0.387505
0 0.539915 0.431152 0.296988 0.385957
0 0.551219 0.430522 0.295115 0.390718
0 0.542847 0.434910 0.300214 0.403263