0 0.494969 0.329664 0.250844 0.376733
0 0.497378 0.337099 0.261586 0.381677
0 0.497634 0.341841 0.263862 0.391300
0 0.497838 0.343272 0.266591 0.396244
0 0.499139 0.346396 0.261094 0.392368
0 0.499580 0.347832 0.265069 0.386782
0 0.502277 0.350410 0.273133 0.377681
0 0.499048 0.346321 0.255964 0.386462
0 0.499389 0.347881 0.262023 0.384390
0 0.502299 0.351682 0.271436 0.376134
0 0.500902 0.344820 0.261531 0.397463
0 0.501133 0.348457 0.263065 0.387879
0 0.502771 0.352672 0.273162 0.382746
0 0.499471 0.346315 0.258607 0.386447
0 0.503969 0.346481 0.264685 0.391826
0 0.503004 0.350424 0.263982 0.381907
0 0.502535 0.354509 0.267143 0.379643
0 0.501398 0.346970 0.262443 0.376705
0 0.504238 0.347289 0.268499 0.386341
0 0.503447 0.349683 0.263791 0.376316
0 0.503119 0.353942 0.266722 0.372443
0 0.500753 0.349406 0.264070 0.368071
0 0.503455 0.349479 0.264928 0.373366
0 0.502934 0.351329 0.263757 0.367192
0 0.505506 0.354471 0.267545 0.363366
0 0.497740 0.352489 0.260692 0.382423
0 0.502828 0.351265 0.266581 0.377901
0 0.502762 0.353331 0.266708 0.374486
0 0.505680 0.357436 0.268604 0.369984
0 0.500027 0.344927 0.268419 0.425842
0 0.500040 0.349527 0.275634 0.413630
0 0.501588 0.347144 0.274399 0.410153
0 0.509793 0.348083 0.274011 0.419303
0 0.504846 0.343435 0.266271 0.397708
0 0.502514 0.346397 0.270176 0.389573
0 0.500897 0.346636 0.271699 0.390489
0 0.502688 0.347155 0.264333 0.389126
0 0.510675 0.343840 0.274716 0.399100
0 0.508691 0.342480 0.277293 0.404339
0 0.507109 0.347346 0.266324 0.400760
0 0.509434 0.348041 0.267137 0.394192
0 0.503486 0.345334 0.264447 0.385570
0 0.505523 0.347088 0.264264 0.387313
0 0.504247 0.350840 0.266893 0.382539
0 0.507665 0.351113 0.276485 0.399966
0 0.505164 0.346329 0.267279 0.392859
0 0.504761 0.347703 0.272270 0.387757
0 0.505245 0.353195 0.270849 0.376234
0 0.506172 0.352275 0.264778 0.381324
0 0.506029 0.354070 0.269860 0.383300
0 0.499492 0.348282 0.273684 0.392431
0 0.502275 0.348501 0.270460 0.391660
0 0.506215 0.353777 0.264712 0.371228
0 0.506770 0.351361 0.262825 0.377550
0 0.514267 0.357343 0.270686 0.375111
0 0.495993 0.350091 0.266829 0.398207
0 0.506908 0.352744 0.273367 0.383808
0 0.506424 0.352381 0.266516 0.372790
0 0.511655 0.354238 0.268021 0.374138