0 0.543047 0.518238 0.607398 0.845583
0 0.545780 0.520189 0.614901 0.875751
0 0.539698 0.524511 0.609314 0.874690
0 0.532076 0.517777 0.617535 0.864938
0 0.544601 0.504833 0.607281 0.828097
0 0.545918 0.515032 0.618055 0.835448
0 0.543842 0.521859 0.615292 0.850078
0 0.545381 0.519480 0.621945 0.861064
0 0.541174 0.530047 0.611622 0.863666
0 0.529766 0.523125 0.617565 0.878166
0 0.538506 0.518721 0.619394 0.873535
0 0.561094 0.509163 0.651545 0.824157
0 0.557830 0.519392 0.638056 0.842787
0 0.553313 0.519108 0.624194 0.856676
0 0.546786 0.522770 0.626224 0.865294
0 0.547694 0.519636 0.610338 0.858150
0 0.530523 0.520685 0.637296 0.862831
0 0.547013 0.515363 0.621100 0.850048
0 0.536122 0.504728 0.631367 0.841842
0 0.560029 0.495662 0.644275 0.802922
0 0.558355 0.507949 0.651870 0.829689
0 0.556368 0.512467 0.639673 0.839887
0 0.555290 0.520568 0.630007 0.846127
0 0.552477 0.525490 0.632637 0.839431
0 0.549624 0.519889 0.629951 0.850114
0 0.529162 0.521944 0.651512 0.848984
0 0.541625 0.525003 0.623386 0.835451
0 0.533262 0.517138 0.643770 0.823432
0 0.535250 0.509726 0.632909 0.827436
0 0.537154 0.464079 0.615977 0.764124
0 0.567899 0.491594 0.653748 0.805040
0 0.563337 0.496132 0.657745 0.837325
0 0.555424 0.510310 0.643660 0.848277
0 0.546074 0.506009 0.614924 0.826263
0 0.544350 0.504583 0.619349 0.820688
0 0.540825 0.485298 0.624806 0.819663
0 0.530534 0.497651 0.636293 0.797543
0 0.544692 0.497689 0.598234 0.779220
0 0.526204 0.496405 0.657364 0.784410
0 0.529953 0.494338 0.636952 0.779469
0 0.543330 0.457722 0.621473 0.779594
0 0.574177 0.477718 0.676924 0.812521
0 0.562694 0.484700 0.658378 0.829989
0 0.549320 0.496509 0.617014 0.815893
0 0.540545 0.498239 0.589486 0.818081
0 0.543401 0.486852 0.615837 0.820703
0 0.541111 0.475347 0.623517 0.811158
0 0.535851 0.470944 0.621847 0.792309
0 0.550490 0.480605 0.607195 0.780046
0 0.522021 0.479231 0.681322 0.775978
0 0.523797 0.477931 0.637541 0.767296
0 0.543282 0.484721 0.625564 0.795683
0 0.580003 0.470189 0.683449 0.791422
0 0.565786 0.467353 0.667412 0.794713
0 0.561170 0.479380 0.638826 0.782845
0 0.541333 0.472359 0.578440 0.794461
0 0.540323 0.455189 0.607279 0.800964
0 0.532825 0.455757 0.628139 0.789092
0 0.529955 0.461635 0.641272 0.792785
0 0.545663 0.480329 0.627882 0.780526
0 0.510212 0.476282 0.707732 0.787622
0 0.524896 0.474324 0.641718 0.768553
0 0.575959 0.474799 0.656571 0.804219
0 0.560136 0.470658 0.644843 0.786278
0 0.558685 0.478350 0.643461 0.789517
0 0.551780 0.475707 0.609379 0.797005
0 0.554234 0.469600 0.638053 0.814172
0 0.539832 0.464631 0.640142 0.815089
0 0.534888 0.480577 0.662456 0.798891
0 0.544476 0.491755 0.657783 0.770827
0 0.513939 0.491070 0.700323 0.774807
0 0.529764 0.484712 0.634184 0.755812
0 0.552988 0.477446 0.646348 0.790614
0 0.554453 0.469625 0.657139 0.823219
0 0.548180 0.484982 0.612110 0.821026
0 0.549286 0.485081 0.645760 0.855479
0 0.546035 0.477671 0.662874 0.871452
0 0.537887 0.481306 0.687968 0.853944
0 0.521534 0.490306 0.726592 0.828292
0 0.503886 0.480330 0.701903 0.789317
0 0.548765 0.490766 0.651221 0.762266
0 0.554179 0.493271 0.674213 0.757447
0 0.547063 0.498119 0.653837 0.772586
0 0.549517 0.498222 0.671364 0.801961
0 0.544582 0.492492 0.695640 0.812256
0 0.533982 0.499149 0.698918 0.807631
0 0.526373 0.507091 0.729972 0.759779
0 0.518485 0.509014 0.694066 0.717493
0 0.550752 0.504131 0.697614 0.749790
0 0.533099 0.493838 0.691005 0.756856
0 0.523080 0.507130 0.759031 0.750113
0 0.512592 0.512687 0.750245 0.762108
0 0.503120 0.545058 0.727216 0.697232