0 0.482336 0.377178 0.353641 0.454949
0 0.480791 0.383893 0.354392 0.452526
0 0.483142 0.380912 0.357194 0.451596
0 0.483171 0.374504 0.361922 0.448954
0 0.483409 0.382936 0.363533 0.451167
0 0.483851 0.383892 0.369541 0.460144
0 0.484022 0.383162 0.368290 0.455324
0 0.486434 0.381455 0.363745 0.461662
0 0.486693 0.378735 0.364571 0.452382
0 0.485283 0.384231 0.368969 0.451118
0 0.485006 0.384572 0.362738 0.455786
0 0.485056 0.383832 0.365179 0.452980
0 0.484605 0.380601 0.364354 0.447781
0 0.487518 0.375128 0.359349 0.452505
0 0.476347 0.381680 0.355930 0.437428
0 0.486754 0.380525 0.374584 0.452750
0 0.482878 0.383084 0.365208 0.453842
0 0.482583 0.382203 0.366424 0.457558
0 0.484511 0.384185 0.366717 0.454613
0 0.481350 0.381904 0.367418 0.451924
0 0.484602 0.380123 0.364487 0.453402
0 0.473891 0.386451 0.358216 0.441458
0 0.482697 0.380736 0.369416 0.449545
0 0.485634 0.383590 0.370585 0.453114
0 0.483233 0.385312 0.365283 0.456667
0 0.482890 0.384458 0.368535 0.454547
0 0.483796 0.383532 0.373418 0.452731
0 0.483800 0.381820 0.362971 0.448103
0 0.483177 0.382532 0.367612 0.450627
0 0.486340 0.385995 0.367418 0.452973
0 0.485889 0.382535 0.367504 0.452716
0 0.484115 0.385304 0.370219 0.460646
0 0.484255 0.385113 0.372397 0.465714
0 0.486194 0.386291 0.360220 0.448215
0 0.483106 0.383853 0.361688 0.457465
0 0.482522 0.382716 0.368206 0.461210
0 0.484140 0.390748 0.360695 0.455057