0 0.169246 0.641160 0.029469 0.039184
0 0.169298 0.640637 0.029583 0.038936
0 0.172268 0.640303 0.029105 0.040212
0 0.199110 0.638116 0.027208 0.038124
0 0.200198 0.639150 0.027834 0.038751
0 0.200771 0.639783 0.029828 0.039689
0 0.169340 0.640910 0.029213 0.039215
0 0.169461 0.640533 0.029552 0.039007
0 0.169425 0.640604 0.029520 0.038696
0 0.171064 0.641270 0.029523 0.039267
0 0.201331 0.638227 0.027450 0.038365
0 0.200584 0.638645 0.029056 0.038266
0 0.200057 0.638934 0.029248 0.038479
0 0.538592 0.241307 0.201854 0.285509
0 0.540060 0.243266 0.199329 0.278249
0 0.539154 0.243586 0.198250 0.276387
0 0.539794 0.242614 0.200913 0.280074
0 0.537049 0.242552 0.193335 0.279502
0 0.539526 0.242596 0.198140 0.275838
0 0.540674 0.242128 0.197464 0.278331
0 0.540226 0.242268 0.198884 0.280644
0 0.539791 0.241885 0.197523 0.281089
0 0.537023 0.243598 0.193825 0.282667
0 0.539466 0.242303 0.197171 0.282678
0 0.541195 0.243456 0.197434 0.282950
0 0.539402 0.244064 0.200222 0.283768
0 0.539524 0.244055 0.200401 0.288834
0 0.542004 0.243811 0.198362 0.285868
0 0.537188 0.244778 0.192517 0.282215
0 0.540045 0.243963 0.198212 0.280593
0 0.539184 0.244539 0.196506 0.284346
0 0.539177 0.243527 0.199426 0.283144
0 0.539173 0.242548 0.198297 0.285342
0 0.541944 0.244655 0.196692 0.283727
0 0.537651 0.243034 0.191070 0.282007
0 0.539981 0.241858 0.195327 0.284586
0 0.538658 0.243113 0.193667 0.283762
0 0.538328 0.242262 0.195183 0.280414
0 0.537960 0.241471 0.194712 0.286271
0 0.542077 0.241890 0.191806 0.284617
0 0.538610 0.242302 0.190509 0.284261
0 0.539785 0.243135 0.194768 0.284363
0 0.538856 0.243345 0.193886 0.282345
0 0.538622 0.242952 0.197143 0.287805
0 0.539277 0.242797 0.195141 0.294035
0 0.537520 0.244019 0.191144 0.281137
0 0.538842 0.241559 0.193184 0.284722
0 0.540963 0.242614 0.195129 0.281167
0 0.539819 0.242923 0.197602 0.289200
0 0.542916 0.246140 0.190220 0.290481
0 0.538151 0.245158 0.191500 0.284536
0 0.541523 0.239474 0.187887 0.283853
0 0.544115 0.241445 0.190673 0.290132