0 0.519901 0.397295 0.322116 0.447381
0 0.524046 0.390104 0.323104 0.429118
0 0.524795 0.395546 0.319120 0.422513
0 0.521445 0.394618 0.315783 0.418759
0 0.521692 0.392307 0.315736 0.426116
0 0.522717 0.382049 0.321049 0.432009
0 0.527459 0.391410 0.316914 0.419449
0 0.530062 0.388546 0.313258 0.416429
0 0.527570 0.387190 0.312430 0.420374
0 0.527829 0.384400 0.312926 0.426202
0 0.527415 0.385257 0.318909 0.421671
0 0.520949 0.385187 0.323138 0.419245
0 0.527355 0.384495 0.321181 0.421120
0 0.528090 0.385136 0.317340 0.425591
0 0.526292 0.386651 0.313220 0.425165
0 0.523047 0.388134 0.310712 0.425669
0 0.526702 0.383810 0.309601 0.428803
0 0.532102 0.385933 0.304052 0.430418
0 0.520116 0.396261 0.319693 0.424610
0 0.528336 0.385453 0.320834 0.415093
0 0.530473 0.380558 0.310614 0.427290
0 0.527025 0.386409 0.312562 0.431771
0 0.527799 0.384375 0.309921 0.427575
0 0.531048 0.381676 0.311538 0.426942
0 0.533563 0.389007 0.305059 0.422527
0 0.526268 0.388575 0.324679 0.426075
0 0.522570 0.384530 0.309827 0.433046
0 0.525531 0.382284 0.310890 0.430221
0 0.531468 0.375864 0.301293 0.431432
0 0.528041 0.373921 0.310230 0.442888
0 0.527389 0.388053 0.309439 0.424220
0 0.529628 0.385173 0.310911 0.417051
0 0.530936 0.382310 0.303837 0.430475