0 0.516530 0.463085 0.321854 0.404489
0 0.513912 0.463526 0.318185 0.397228
0 0.518180 0.463799 0.324112 0.402201
0 0.514440 0.462933 0.319901 0.410324
0 0.513179 0.467189 0.323510 0.413615
0 0.513195 0.469027 0.321588 0.419700
0 0.517733 0.470934 0.330447 0.409926
0 0.519246 0.467350 0.324271 0.418617
0 0.510086 0.464858 0.316972 0.415169
0 0.518270 0.467429 0.323305 0.416139
0 0.512691 0.467772 0.325824 0.410467
0 0.516070 0.468291 0.318947 0.413806
0 0.514496 0.468180 0.315734 0.408223
0 0.515688 0.464649 0.326175 0.408364
0 0.511036 0.468655 0.315697 0.403722
0 0.518463 0.470437 0.327141 0.417096
0 0.516157 0.469271 0.319994 0.409466
0 0.516255 0.471716 0.319052 0.409441
0 0.516497 0.470713 0.319296 0.409072
0 0.514069 0.468865 0.326945 0.407052
0 0.521736 0.473293 0.314616 0.414848
0 0.506957 0.471559 0.317975 0.404387
0 0.516712 0.471949 0.326518 0.415944
0 0.520011 0.471046 0.323084 0.409931
0 0.517194 0.470218 0.326370 0.414611
0 0.515016 0.468706 0.326612 0.419827
0 0.517304 0.462385 0.327566 0.420587
0 0.514036 0.470216 0.318964 0.421015
0 0.520158 0.472905 0.319141 0.400094
0 0.517774 0.471129 0.320548 0.410913
0 0.518334 0.471058 0.326142 0.414434
0 0.525252 0.473145 0.332527 0.428293
0 0.519976 0.473860 0.325359 0.427426
0 0.522078 0.469315 0.336461 0.432824
0 0.523379 0.472832 0.335816 0.433059