0 0.354064 0.399865 0.361165 0.462093
0 0.359879 0.399303 0.354178 0.459574
0 0.357927 0.399940 0.368009 0.472905
0 0.352394 0.404214 0.370098 0.477421
0 0.353294 0.401687 0.357870 0.471267
0 0.356392 0.400564 0.367090 0.474437
0 0.356839 0.385973 0.367445 0.429602
0 0.356835 0.386544 0.357640 0.435335
0 0.359660 0.390156 0.358094 0.437107
0 0.354541 0.389873 0.352601 0.426775
0 0.351597 0.388834 0.353914 0.436329
0 0.353056 0.385492 0.348534 0.441944
0 0.361359 0.392302 0.376153 0.426261
0 0.355542 0.388299 0.363109 0.437229
0 0.360946 0.386968 0.359665 0.431208
0 0.354557 0.385182 0.354595 0.428515
0 0.351233 0.385001 0.353552 0.423707
0 0.355290 0.386992 0.353116 0.432822
0 0.358247 0.391623 0.365469 0.424656
0 0.357509 0.382868 0.358077 0.428405
0 0.355160 0.384226 0.355171 0.422139
0 0.350362 0.384814 0.353843 0.430665
0 0.357686 0.383830 0.354660 0.432144
0 0.357313 0.382622 0.355817 0.449961
0 0.354446 0.383690 0.360911 0.441494
0 0.356625 0.385671 0.351760 0.433710
0 0.353251 0.386941 0.348566 0.429098
0 0.354944 0.388292 0.355221 0.432617
0 0.362797 0.385985 0.363724 0.451352
0 0.355083 0.382912 0.362554 0.434984
0 0.360972 0.383756 0.352743 0.437431
0 0.360701 0.383891 0.350887 0.439740
0 0.357812 0.388625 0.353471 0.439951
0 0.364532 0.392642 0.361300 0.455274