0 0.417670 0.549222 0.619153 0.850398
0 0.417172 0.544288 0.608920 0.837314
0 0.425789 0.556650 0.608713 0.874401
0 0.423591 0.565670 0.615582 0.879586
0 0.422364 0.569283 0.624267 0.881876
0 0.418681 0.571516 0.611383 0.870139
0 0.415469 0.563994 0.611874 0.860168
0 0.426493 0.550791 0.600798 0.867455
0 0.426045 0.555550 0.601175 0.857494
0 0.420807 0.559869 0.595624 0.861170
0 0.420471 0.561926 0.607325 0.867329
0 0.412271 0.566990 0.591402 0.878233
0 0.416148 0.568902 0.599563 0.872103
0 0.411721 0.566378 0.627951 0.876565
0 0.430135 0.537849 0.609931 0.822819
0 0.420246 0.546018 0.582797 0.818435
0 0.425884 0.551213 0.595026 0.824436
0 0.419231 0.553460 0.590153 0.834876
0 0.425547 0.546033 0.599793 0.834897
0 0.416577 0.547275 0.586626 0.840485
0 0.419287 0.554334 0.584029 0.839812
0 0.404066 0.556940 0.610757 0.844134
0 0.407056 0.551510 0.609928 0.856162
0 0.422223 0.531723 0.604402 0.834283
0 0.432838 0.539021 0.615561 0.823829
0 0.420235 0.547370 0.597154 0.829499
0 0.430927 0.548291 0.606541 0.821086
0 0.420455 0.556950 0.593529 0.838689
0 0.422586 0.552099 0.595744 0.846230
0 0.418379 0.555890 0.598083 0.858970
0 0.417171 0.560948 0.587669 0.851703
0 0.401207 0.559422 0.618375 0.851202
0 0.402775 0.561104 0.626778 0.849419
0 0.428923 0.523094 0.601340 0.793675
0 0.434095 0.527804 0.615536 0.801382
0 0.423678 0.525209 0.603895 0.809829
0 0.432526 0.521568 0.616139 0.799312
0 0.417080 0.526760 0.590939 0.806853
0 0.420154 0.529864 0.590832 0.812837
0 0.416944 0.543900 0.581737 0.826596
0 0.414379 0.548127 0.573808 0.822454
0 0.403315 0.555446 0.605997 0.825156
0 0.396782 0.560968 0.636726 0.839974
0 0.405706 0.556478 0.647599 0.870373
0 0.406087 0.510763 0.570780 0.749966
0 0.436023 0.517859 0.609035 0.769675
0 0.439177 0.526887 0.626789 0.788569
0 0.430114 0.526978 0.602591 0.798593
0 0.436255 0.525984 0.603718 0.783827
0 0.411539 0.524355 0.557986 0.755862
0 0.418338 0.517670 0.580407 0.799148
0 0.420739 0.519964 0.581910 0.798099
0 0.413634 0.533269 0.570123 0.812855
0 0.417435 0.541676 0.570595 0.820015
0 0.409369 0.549626 0.601427 0.815027
0 0.395799 0.554223 0.628062 0.822167
0 0.401782 0.556466 0.657094 0.864622
0 0.433609 0.522589 0.597559 0.756753
0 0.436273 0.520961 0.617952 0.789438
0 0.433270 0.526418 0.610688 0.785061
0 0.433650 0.521953 0.607417 0.776935
0 0.413690 0.522344 0.543154 0.750146
0 0.419278 0.513862 0.571567 0.796583
0 0.422660 0.520426 0.580067 0.800226
0 0.419909 0.532318 0.543836 0.757554
0 0.417278 0.525449 0.575341 0.817941
0 0.424764 0.541612 0.573551 0.820805
0 0.414336 0.547908 0.597313 0.815874
0 0.394015 0.556380 0.626535 0.809612
0 0.406281 0.558906 0.639272 0.842129
0 0.429126 0.523805 0.573446 0.720112
0 0.431548 0.523827 0.597806 0.756006
0 0.436597 0.533675 0.604983 0.754162
0 0.438672 0.526608 0.602177 0.760163
0 0.421868 0.530063 0.560904 0.745129
0 0.426635 0.521653 0.568402 0.766647
0 0.421739 0.534036 0.564819 0.759591
0 0.421570 0.522495 0.575812 0.783488
0 0.422144 0.536226 0.549354 0.749872
0 0.419108 0.525651 0.563656 0.785525
0 0.426189 0.543441 0.559613 0.797013
0 0.408482 0.543372 0.598114 0.805626
0 0.392534 0.556440 0.625327 0.813491
0 0.413350 0.568215 0.630502 0.842570
0 0.429493 0.527552 0.585198 0.735897
0 0.435940 0.521592 0.589348 0.758510
0 0.440567 0.522161 0.598638 0.763751
0 0.427828 0.537869 0.567219 0.753441
0 0.437115 0.522206 0.579792 0.774983
0 0.433505 0.539815 0.571539 0.766406
0 0.437737 0.522854 0.574614 0.779775
0 0.431986 0.542257 0.560113 0.763688
0 0.430045 0.532438 0.554089 0.772605
0 0.427837 0.543724 0.564601 0.775978
0 0.411372 0.540692 0.606814 0.779205
0 0.403999 0.548653 0.619222 0.790046
0 0.425839 0.553727 0.572755 0.653021
0 0.431534 0.547180 0.580390 0.692408
0 0.442376 0.541703 0.595926 0.702097
0 0.427948 0.555331 0.571732 0.712984
0 0.439575 0.539273 0.583019 0.723335
0 0.429274 0.559722 0.589022 0.732609
0 0.436663 0.544591 0.592032 0.742873
0 0.430723 0.566010 0.578048 0.721334
0 0.431405 0.555778 0.579859 0.741350
0 0.425399 0.570306 0.581470 0.741802
0 0.406976 0.569338 0.596204 0.722108
0 0.413856 0.567776 0.606618 0.752216
0 0.421036 0.560719 0.566860 0.662328
0 0.433185 0.551387 0.578520 0.665019
0 0.437976 0.548300 0.580446 0.694581
0 0.432058 0.551124 0.596352 0.676445
0 0.421502 0.556366 0.583715 0.669496
0 0.416173 0.574408 0.582990 0.680005
0 0.406663 0.583781 0.570710 0.696945
0 0.435886 0.566595 0.611532 0.666942
0 0.433396 0.575168 0.596581 0.659888
0 0.422742 0.584762 0.578445 0.661659
0 0.416448 0.597601 0.597967 0.677336