0 0.823169 0.245323 0.044032 0.073229
0 0.822818 0.245770 0.044067 0.074613
0 0.820115 0.245378 0.042557 0.071057
0 0.823445 0.245185 0.046383 0.076182
0 0.823515 0.245492 0.044257 0.076081
0 0.823414 0.245765 0.045212 0.073904
0 0.824329 0.245122 0.045352 0.075852
0 0.822413 0.247032 0.046744 0.076436
0 0.825957 0.247249 0.047281 0.077650
0 0.543301 0.103707 0.088424 0.109158
0 0.542133 0.106041 0.085186 0.110182
0 0.543083 0.107025 0.085260 0.109759
0 0.543246 0.106599 0.085044 0.107405
0 0.542972 0.108452 0.083869 0.108862
0 0.542860 0.106944 0.084489 0.109737
0 0.542884 0.107647 0.083961 0.107480
0 0.542429 0.107645 0.081946 0.109287
0 0.544476 0.109378 0.083762 0.109297