0 0.496746 0.451251 0.441711 0.641119
0 0.498263 0.459768 0.441950 0.646009
0 0.503018 0.461196 0.449971 0.641592
0 0.516007 0.455695 0.447961 0.628678
0 0.502628 0.461594 0.457788 0.638992
0 0.500875 0.467599 0.447475 0.626039
0 0.503624 0.463578 0.456191 0.649628
0 0.507374 0.464997 0.449593 0.634979
0 0.498250 0.467422 0.457455 0.644238
0 0.491604 0.465504 0.450494 0.640886
0 0.501512 0.466227 0.460457 0.636755
0 0.502178 0.465402 0.456947 0.641065
0 0.506147 0.466689 0.456714 0.629953
0 0.509178 0.470210 0.457863 0.637778
0 0.515538 0.463048 0.443512 0.623504
0 0.513247 0.471648 0.441010 0.632262
0 0.514750 0.468844 0.442789 0.622620
0 0.499930 0.467264 0.450196 0.632170
0 0.499852 0.464748 0.451099 0.617163
0 0.503712 0.469904 0.446086 0.617203
0 0.505497 0.467625 0.460438 0.628578
0 0.504687 0.466657 0.448846 0.621092
0 0.501470 0.466875 0.466883 0.630695
0 0.497607 0.468322 0.456653 0.631296
0 0.504628 0.463140 0.466721 0.625597
0 0.506134 0.466012 0.454068 0.626740
0 0.506934 0.466629 0.455283 0.628466
0 0.508550 0.470712 0.448971 0.632509
0 0.512964 0.465690 0.449572 0.625904
0 0.508689 0.468722 0.444295 0.634389
0 0.510203 0.476033 0.443593 0.631939
0 0.509707 0.477067 0.456411 0.637393
0 0.512626 0.455303 0.481298 0.646743
0 0.501337 0.468409 0.448711 0.635019
0 0.502052 0.467005 0.457822 0.618857
0 0.503960 0.467006 0.452187 0.631126
0 0.503113 0.464306 0.464516 0.632205
0 0.500131 0.467723 0.454053 0.630721
0 0.502576 0.460873 0.467581 0.628915
0 0.501534 0.464086 0.458574 0.631565
0 0.502193 0.463910 0.463429 0.627407
0 0.506020 0.470394 0.449587 0.622661
0 0.507603 0.461840 0.463467 0.638287
0 0.510935 0.467304 0.448330 0.631981
0 0.507571 0.465231 0.451108 0.620994
0 0.505030 0.464262 0.444432 0.626100
0 0.503396 0.468004 0.449543 0.621776
0 0.503965 0.476320 0.451250 0.630694
0 0.514093 0.457871 0.488731 0.637267
0 0.502953 0.463973 0.451093 0.618919
0 0.502595 0.462180 0.462332 0.605544
0 0.506429 0.459449 0.457976 0.622800
0 0.503720 0.460057 0.462389 0.619942
0 0.504283 0.463554 0.453315 0.623175
0 0.506638 0.460063 0.461751 0.631851
0 0.506276 0.469366 0.454500 0.632235
0 0.501352 0.461497 0.458004 0.626604
0 0.501948 0.466556 0.444371 0.612806
0 0.504600 0.458867 0.459273 0.642272
0 0.503320 0.464690 0.440593 0.626490
0 0.508244 0.461265 0.447070 0.619577
0 0.508750 0.458161 0.437665 0.624289
0 0.501710 0.460655 0.446137 0.619375
0 0.504734 0.471758 0.449549 0.627465
0 0.515394 0.461069 0.488485 0.618547
0 0.506776 0.459927 0.455175 0.613593
0 0.502456 0.463312 0.456684 0.603696
0 0.505785 0.459045 0.451971 0.612148
0 0.504755 0.459160 0.457789 0.618564
0 0.506664 0.459844 0.453167 0.618362
0 0.507320 0.458109 0.462981 0.629654
0 0.509227 0.464905 0.449149 0.613314
0 0.502184 0.459598 0.456097 0.615075
0 0.502493 0.462112 0.443785 0.598437
0 0.503528 0.455874 0.452712 0.622026
0 0.502330 0.455824 0.434036 0.600385
0 0.508144 0.460115 0.445199 0.611072
0 0.507029 0.453776 0.430032 0.602336
0 0.503908 0.456005 0.445481 0.606235
0 0.512388 0.467187 0.442519 0.605291
0 0.503919 0.463862 0.455778 0.600613
0 0.496461 0.466781 0.457916 0.595297
0 0.505238 0.462346 0.462859 0.609416
0 0.503710 0.460608 0.454341 0.609851
0 0.505776 0.460049 0.459315 0.619384
0 0.505411 0.463349 0.451186 0.612512
0 0.508005 0.465628 0.452610 0.615614
0 0.503694 0.462578 0.454992 0.615566
0 0.504622 0.462957 0.452813 0.609306
0 0.507956 0.464774 0.455004 0.621563
0 0.507495 0.463436 0.446352 0.609256
0 0.510165 0.467331 0.450799 0.607552
0 0.509994 0.460727 0.437701 0.601951
0 0.503383 0.461606 0.459217 0.600771
0 0.520421 0.470983 0.441125 0.600508
0 0.507831 0.472273 0.456338 0.603664
0 0.503503 0.468931 0.447617 0.594597
0 0.506271 0.470956 0.462630 0.611591
0 0.510777 0.463884 0.447497 0.604255
0 0.511033 0.469272 0.463627 0.612773
0 0.509730 0.462418 0.455598 0.599968
0 0.508187 0.462797 0.459250 0.587204
0 0.510984 0.463447 0.447327 0.610308
0 0.508530 0.457204 0.453323 0.599796
0 0.503661 0.462957 0.449109 0.589516
0 0.505723 0.468129 0.453444 0.592200
0 0.512977 0.477270 0.448211 0.587847
0 0.511961 0.476666 0.440629 0.573837