0 0.936480 0.333927 0.024521 0.026662
0 0.938039 0.334711 0.023282 0.026741
0 0.383598 0.343581 0.012364 0.016399
0 0.792168 0.343707 0.012347 0.015777
0 0.259904 0.353605 0.013341 0.017602
0 0.308017 0.358787 0.015458 0.022062
0 0.317857 0.357581 0.015760 0.021280
0 0.508615 0.222704 0.111443 0.186718
0 0.507027 0.225268 0.105564 0.179843
0 0.508430 0.226348 0.111297 0.185300
0 0.509431 0.228267 0.106233 0.177113
0 0.509679 0.226536 0.112031 0.188221
0 0.508692 0.227594 0.110325 0.183031
0 0.508776 0.229217 0.109398 0.175616
0 0.508841 0.229356 0.108385 0.180888
0 0.508575 0.229169 0.109920 0.181366
0 0.508363 0.228730 0.109652 0.183125
0 0.508435 0.228006 0.109451 0.183995
0 0.510559 0.230345 0.108947 0.170764
0 0.508717 0.227922 0.109661 0.179354
0 0.509146 0.226901 0.111041 0.182191
0 0.511552 0.227842 0.108656 0.176548
0 0.507994 0.227883 0.109762 0.181358
0 0.508710 0.228768 0.110272 0.182711
0 0.508815 0.226693 0.106517 0.187562
0 0.509751 0.226038 0.106884 0.182176
0 0.509672 0.229366 0.107954 0.176480
0 0.507199 0.226295 0.106680 0.182251
0 0.510718 0.226933 0.107706 0.181505
0 0.511411 0.227986 0.106810 0.180211
0 0.507404 0.227890 0.103895 0.178934
0 0.509481 0.228895 0.108810 0.182859
0 0.509335 0.226854 0.105945 0.184405
0 0.509780 0.228002 0.107829 0.179386
0 0.507828 0.228813 0.109674 0.180520
0 0.513671 0.231959 0.110507 0.183582
0 0.509415 0.231518 0.101805 0.179826