0 0.481436 0.141085 0.070397 0.092107
0 0.481794 0.142095 0.072504 0.087634
0 0.481438 0.142224 0.070582 0.089109
0 0.481270 0.142502 0.070640 0.088166
0 0.480578 0.142733 0.071415 0.087145
0 0.481139 0.142940 0.070575 0.089790
0 0.481326 0.142815 0.068484 0.089563
0 0.480562 0.142748 0.070266 0.087986
0 0.481471 0.141730 0.069250 0.091498
0 0.481305 0.142118 0.067836 0.087942
0 0.479400 0.140923 0.071598 0.093890
0 0.479980 0.141383 0.071001 0.094947
0 0.479956 0.141707 0.070724 0.093804
0 0.480695 0.142026 0.071108 0.097357
0 0.480297 0.141677 0.071070 0.096796
0 0.480213 0.142528 0.070954 0.095617
0 0.479996 0.142694 0.070934 0.097580