0 0.455671 0.483398 0.618342 0.860658
0 0.456551 0.484168 0.619645 0.876569
0 0.457060 0.486518 0.612534 0.867414
0 0.456361 0.479577 0.600840 0.850358
0 0.450806 0.495243 0.612295 0.870678
0 0.457421 0.501772 0.630432 0.889455
0 0.459545 0.498095 0.621749 0.898915
0 0.461598 0.503718 0.633994 0.902543
0 0.450056 0.500893 0.611514 0.886215
0 0.452186 0.498117 0.618487 0.872551
0 0.457840 0.502069 0.618325 0.904076
0 0.457567 0.509899 0.619992 0.902768
0 0.467178 0.512085 0.639318 0.917417
0 0.457646 0.514707 0.622227 0.927370
0 0.462774 0.514909 0.643218 0.925882
0 0.447170 0.511480 0.622196 0.924534
0 0.445530 0.509299 0.640983 0.921373
0 0.446460 0.503443 0.651837 0.927806
0 0.455166 0.494660 0.615831 0.903941
0 0.461088 0.505690 0.626425 0.908459
0 0.457634 0.508449 0.615888 0.919170
0 0.463563 0.514310 0.644867 0.934751
0 0.455426 0.520782 0.626580 0.946915
0 0.466137 0.513400 0.634843 0.945689
0 0.451213 0.513321 0.627509 0.937840
0 0.452547 0.510727 0.643076 0.939373
0 0.442068 0.504575 0.662681 0.936881
0 0.448308 0.496550 0.648138 0.920818
0 0.462934 0.491949 0.632959 0.887039
0 0.463961 0.500522 0.637246 0.880359
0 0.452862 0.503467 0.616622 0.896509
0 0.463725 0.502305 0.648437 0.899267
0 0.455204 0.511231 0.627963 0.908769
0 0.459343 0.499845 0.633308 0.925670
0 0.446933 0.502919 0.633165 0.922656
0 0.453056 0.504480 0.643825 0.920751
0 0.434317 0.507784 0.676776 0.938057
0 0.441859 0.502151 0.662965 0.922354
0 0.442345 0.476746 0.623374 0.861109
0 0.466306 0.489448 0.645140 0.869734
0 0.471419 0.496092 0.652982 0.901454
0 0.451633 0.500591 0.623075 0.885877
0 0.458222 0.497687 0.638601 0.878912
0 0.454850 0.500344 0.629692 0.881255
0 0.456968 0.494885 0.638244 0.887314
0 0.449264 0.499597 0.646628 0.900177
0 0.449400 0.505708 0.645911 0.923624
0 0.424370 0.512117 0.696642 0.952112
0 0.430605 0.509737 0.692015 0.937975
0 0.450369 0.501235 0.657053 0.927398
0 0.449170 0.465382 0.621049 0.842984
0 0.478277 0.475596 0.657679 0.842703
0 0.479622 0.482134 0.663964 0.866613
0 0.451415 0.484678 0.608882 0.864287
0 0.462128 0.486739 0.624399 0.858375
0 0.456812 0.483511 0.617943 0.863144
0 0.455848 0.479610 0.628315 0.876088
0 0.446021 0.482971 0.629738 0.882892
0 0.451105 0.488063 0.646439 0.891017
0 0.420843 0.493185 0.702426 0.910360
0 0.424506 0.485583 0.690569 0.904762
0 0.447697 0.486985 0.654789 0.900671
0 0.445441 0.481478 0.602463 0.835665
0 0.482905 0.479228 0.654751 0.855890
0 0.484650 0.476231 0.672252 0.879390
0 0.454690 0.479048 0.608609 0.869227
0 0.461688 0.472098 0.617059 0.867258
0 0.452686 0.468851 0.610792 0.866988
0 0.453087 0.466677 0.625882 0.895872
0 0.447471 0.468474 0.638117 0.912042
0 0.453088 0.475151 0.656817 0.913307
0 0.411929 0.477830 0.705460 0.928163
0 0.422432 0.473336 0.676577 0.923212
0 0.449296 0.484610 0.648981 0.899003
0 0.444180 0.491684 0.604420 0.822273
0 0.491757 0.496152 0.670139 0.858533
0 0.494511 0.494844 0.692631 0.884146
0 0.467665 0.499777 0.647799 0.872507
0 0.475276 0.484019 0.648974 0.871715
0 0.461560 0.483429 0.643843 0.864927
0 0.454369 0.479461 0.647345 0.891019
0 0.448449 0.480544 0.638881 0.901549
0 0.451698 0.482247 0.658808 0.906717
0 0.414819 0.480199 0.695987 0.917174
0 0.432758 0.477167 0.673612 0.925038
0 0.458778 0.490601 0.649867 0.886752
0 0.485992 0.510400 0.661456 0.845534
0 0.489371 0.502974 0.684624 0.858089
0 0.461383 0.512575 0.646041 0.872708
0 0.467405 0.507244 0.642845 0.864159
0 0.464536 0.506295 0.660049 0.859961
0 0.460342 0.499644 0.671078 0.883393
0 0.456118 0.501273 0.653607 0.889510
0 0.447046 0.492727 0.676291 0.897126
0 0.413494 0.487474 0.695351 0.919856
0 0.439501 0.479648 0.670414 0.895402
0 0.478353 0.524934 0.641036 0.799753
0 0.490849 0.515322 0.684772 0.802823
0 0.460215 0.521123 0.654168 0.812314
0 0.461815 0.515747 0.640409 0.820749
0 0.466788 0.518739 0.670015 0.823712
0 0.471034 0.517792 0.679986 0.838599
0 0.450522 0.514823 0.688046 0.848170
0 0.435999 0.505115 0.695791 0.847208
0 0.422604 0.498511 0.692322 0.877900
0 0.484807 0.517408 0.693966 0.767882
0 0.464862 0.517304 0.662209 0.796776
0 0.463803 0.512264 0.665595 0.806371
0 0.464956 0.508561 0.666200 0.800045
0 0.463118 0.517542 0.670939 0.807187
0 0.441731 0.516777 0.689715 0.809371
0 0.438615 0.510496 0.699527 0.803617
0 0.425917 0.512402 0.722049 0.812190
0 0.466425 0.520324 0.716189 0.776124
0 0.467649 0.506679 0.704691 0.775748
0 0.472943 0.520975 0.723923 0.747275
0 0.452626 0.519592 0.733980 0.728988
0 0.442158 0.518605 0.767970 0.712000
0 0.444609 0.518864 0.761372 0.717956