0 0.022634 0.375576 0.038762 0.082091
0 0.026368 0.376383 0.041015 0.085233
0 0.023432 0.376851 0.038509 0.079324
0 0.024765 0.377712 0.040148 0.082465
0 0.022567 0.376620 0.038755 0.080653
0 0.024224 0.377057 0.038488 0.079912
0 0.023665 0.375719 0.039339 0.080062
0 0.025197 0.376437 0.039763 0.078870
0 0.209488 0.414211 0.040002 0.054057
0 0.208759 0.414473 0.037973 0.052460
0 0.209409 0.413580 0.038876 0.054632
0 0.886402 0.432708 0.038955 0.067389
0 0.887077 0.433656 0.039267 0.067042
0 0.887173 0.432929 0.038861 0.067945
0 0.887181 0.433563 0.039388 0.071156
0 0.887772 0.432700 0.039024 0.071393
0 0.887976 0.434049 0.038927 0.071803
0 0.887832 0.435868 0.041098 0.075841
0 0.889545 0.435639 0.041875 0.074855
0 0.498715 0.374978 0.342671 0.467495
0 0.494988 0.382019 0.341416 0.462847
0 0.495920 0.381647 0.348659 0.452702
0 0.493454 0.370528 0.343414 0.463305
0 0.498433 0.377521 0.354384 0.452242
0 0.497077 0.379876 0.351500 0.459475
0 0.495857 0.378694 0.352377 0.447474
0 0.498046 0.375991 0.353251 0.457257
0 0.496794 0.377248 0.347209 0.460565
0 0.496876 0.379231 0.357661 0.459917
0 0.496894 0.382024 0.353684 0.462941
0 0.497053 0.381404 0.353211 0.451170
0 0.495015 0.374920 0.354128 0.445309
0 0.494800 0.373215 0.354277 0.449103
0 0.496891 0.381254 0.346671 0.447099
0 0.494085 0.381928 0.354737 0.455831
0 0.494696 0.379537 0.359203 0.460838
0 0.493708 0.380347 0.365132 0.452675
0 0.492243 0.379452 0.356228 0.454150
0 0.493106 0.377017 0.356309 0.456993
0 0.494336 0.376953 0.345010 0.456330
0 0.496783 0.379800 0.363970 0.458002
0 0.493604 0.379739 0.364103 0.470378
0 0.491177 0.378601 0.359838 0.455344
0 0.493440 0.379244 0.365945 0.459162
0 0.497915 0.377862 0.356828 0.454008
0 0.489769 0.379636 0.344558 0.453632
0 0.495726 0.378403 0.360751 0.452730
0 0.491235 0.377874 0.364006 0.453609
0 0.490953 0.377500 0.362051 0.458495
0 0.493195 0.377730 0.363784 0.464572
0 0.493988 0.385063 0.357044 0.437700
0 0.493210 0.380605 0.358271 0.451733
0 0.494764 0.377481 0.361642 0.456997