0 0.492092 0.265137 0.137775 0.193072
0 0.492937 0.263702 0.134803 0.194745
0 0.491472 0.263497 0.136286 0.187402
0 0.491627 0.259762 0.134075 0.185012
0 0.492555 0.262467 0.134636 0.192401
0 0.489382 0.264164 0.135409 0.190441
0 0.492126 0.266137 0.133447 0.194561
0 0.491030 0.263802 0.132780 0.192661
0 0.493274 0.266363 0.133916 0.189184
0 0.492479 0.264214 0.131928 0.188568
0 0.490847 0.263788 0.134035 0.186163
0 0.493188 0.263470 0.132015 0.192011
0 0.491215 0.264036 0.132142 0.190859
0 0.492972 0.264648 0.131312 0.192557
0 0.491775 0.264639 0.132863 0.193781
0 0.493689 0.266857 0.132620 0.188912
0 0.492005 0.265762 0.131332 0.190678
0 0.490733 0.264301 0.131387 0.188906
0 0.492739 0.265361 0.128593 0.190746
0 0.495341 0.263158 0.132048 0.191865
0 0.491470 0.263786 0.133385 0.190780
0 0.493719 0.264544 0.130872 0.191014
0 0.492403 0.263041 0.132921 0.192105
0 0.494290 0.265372 0.132039 0.184349
0 0.492872 0.264007 0.132769 0.190407
0 0.491159 0.266388 0.130590 0.188662
0 0.495816 0.266438 0.129612 0.188868
0 0.491422 0.264854 0.134364 0.191542
0 0.492410 0.266176 0.129129 0.185058
0 0.492499 0.264928 0.134146 0.190973
0 0.492403 0.266013 0.132902 0.187795
0 0.494498 0.266930 0.129794 0.185848