0 0.887738 0.200778 0.051112 0.067594
0 0.888053 0.200510 0.050348 0.067031
0 0.886541 0.201256 0.052963 0.064501
0 0.887474 0.201989 0.051757 0.065720
0 0.888015 0.202014 0.052563 0.066486
0 0.888700 0.200891 0.051916 0.064933
0 0.886506 0.203031 0.053245 0.063638
0 0.887250 0.201718 0.051976 0.066734
0 0.887612 0.201964 0.052202 0.067548
0 0.888500 0.202877 0.052851 0.064391
0 0.887313 0.201972 0.052726 0.068696
0 0.887479 0.201740 0.051781 0.067688
0 0.467473 0.210868 0.137872 0.182000
0 0.467964 0.208154 0.135811 0.184669
0 0.467453 0.210755 0.136184 0.181489
0 0.465814 0.211122 0.138084 0.180834
0 0.466603 0.210350 0.140629 0.185711
0 0.468433 0.210094 0.137973 0.182462
0 0.467439 0.210418 0.137256 0.183552
0 0.469010 0.211146 0.135976 0.180614
0 0.467576 0.211232 0.138187 0.183991
0 0.467256 0.212268 0.137999 0.178642
0 0.466400 0.211139 0.138993 0.181566
0 0.466487 0.212367 0.137251 0.185768
0 0.468608 0.210254 0.137845 0.183293
0 0.469124 0.211038 0.138443 0.185536
0 0.467924 0.210607 0.135630 0.180764
0 0.466958 0.210734 0.137536 0.183543
0 0.468252 0.211807 0.137539 0.178752
0 0.467517 0.211582 0.137098 0.180250
0 0.467348 0.212047 0.138253 0.184978
0 0.469480 0.211889 0.139877 0.189568
0 0.466895 0.210360 0.135841 0.184559
0 0.467754 0.209945 0.136669 0.183894
0 0.467398 0.210787 0.135995 0.184001
0 0.466792 0.210989 0.136437 0.184541
0 0.468085 0.211580 0.137023 0.180164
0 0.467161 0.211660 0.137042 0.181783
0 0.467624 0.211920 0.137980 0.183376
0 0.467814 0.210759 0.137022 0.183555
0 0.467842 0.211880 0.137298 0.184848
0 0.468875 0.212698 0.138626 0.180357
0 0.466982 0.214896 0.136062 0.183092