0 0.510774 0.309451 0.424514 0.549866
0 0.510871 0.312539 0.418404 0.550382
0 0.512244 0.301063 0.423398 0.535123
0 0.516733 0.308529 0.434377 0.533308
0 0.514813 0.311235 0.430361 0.533921
0 0.512244 0.308278 0.430466 0.528808
0 0.518742 0.303893 0.419897 0.536054
0 0.508706 0.298725 0.415526 0.515252
0 0.520331 0.298741 0.431615 0.517122
0 0.520638 0.301895 0.438598 0.508570
0 0.516209 0.301946 0.437714 0.515397
0 0.513151 0.301030 0.437562 0.507936
0 0.515249 0.299217 0.438589 0.521455
0 0.516016 0.302399 0.429670 0.501596
0 0.514798 0.294509 0.409127 0.493780
0 0.522185 0.297510 0.428641 0.501944
0 0.518680 0.299598 0.436784 0.508458
0 0.521459 0.298806 0.441151 0.524752
0 0.517073 0.302994 0.441661 0.516413
0 0.517298 0.303087 0.430581 0.521485
0 0.516582 0.299021 0.445777 0.517303
0 0.520084 0.296652 0.436376 0.520128
0 0.528511 0.300715 0.417304 0.507471
0 0.513751 0.304018 0.405488 0.500431
0 0.521453 0.296352 0.429086 0.515905
0 0.515995 0.294023 0.440588 0.544551
0 0.519314 0.298429 0.432069 0.516972
0 0.520648 0.301385 0.433386 0.517506
0 0.520266 0.305760 0.435080 0.521033
0 0.519909 0.307808 0.428944 0.522816
0 0.517299 0.300576 0.439870 0.523488
0 0.517433 0.296450 0.442030 0.527247
0 0.527029 0.307290 0.424015 0.515076
0 0.513475 0.311031 0.417697 0.494970
0 0.517020 0.305999 0.426022 0.515695
0 0.511954 0.311541 0.441839 0.546293
0 0.521042 0.303268 0.427450 0.521483
0 0.519445 0.304025 0.453180 0.555270
0 0.525589 0.301976 0.431074 0.530309
0 0.528838 0.309809 0.438880 0.538208
0 0.522032 0.304944 0.438177 0.538136
0 0.522295 0.309125 0.441995 0.539887
0 0.524057 0.302537 0.440478 0.544859
0 0.526210 0.297881 0.444080 0.542486
0 0.531095 0.310032 0.427797 0.528594
0 0.526662 0.299818 0.433232 0.547226
0 0.517561 0.301620 0.425060 0.513776
0 0.515705 0.305904 0.444090 0.550271
0 0.522703 0.304432 0.423068 0.528100
0 0.521591 0.304617 0.422737 0.532353
0 0.519610 0.308149 0.428764 0.544269
0 0.518561 0.312449 0.449701 0.559733
0 0.526381 0.308460 0.430354 0.550512
0 0.529292 0.301432 0.446767 0.559279
0 0.515264 0.337336 0.468706 0.571769
0 0.519001 0.319722 0.430113 0.556485
0 0.526384 0.316365 0.420539 0.555777
0 0.524711 0.322156 0.432940 0.545114
0 0.517134 0.342596 0.489169 0.573976
0 0.530957 0.351232 0.487755 0.566100