0 0.493832 0.372229 0.267317 0.364103
0 0.496333 0.373747 0.267889 0.354920
0 0.495317 0.374636 0.266367 0.354119
0 0.495813 0.376595 0.267716 0.358546
0 0.496312 0.376107 0.273112 0.361166
0 0.496357 0.377039 0.269649 0.360715
0 0.495760 0.376574 0.268794 0.351009
0 0.494858 0.378555 0.272234 0.364891
0 0.495407 0.377961 0.272209 0.366007
0 0.497023 0.379532 0.270068 0.360676
0 0.496880 0.379602 0.270404 0.353283
0 0.495502 0.377316 0.270660 0.361329
0 0.496189 0.377884 0.271840 0.360854
0 0.495295 0.377168 0.267844 0.358662
0 0.496430 0.378462 0.272868 0.358687
0 0.495471 0.375137 0.266111 0.357092
0 0.496723 0.374938 0.267932 0.359623
0 0.495240 0.373761 0.268061 0.361467
0 0.496601 0.376868 0.272032 0.354125
0 0.494120 0.376139 0.266029 0.364151
0 0.496365 0.376527 0.272950 0.363577
0 0.495780 0.374239 0.272628 0.364265
0 0.496700 0.375710 0.273808 0.361064
0 0.494740 0.374782 0.264326 0.361854
0 0.495664 0.375069 0.267672 0.359024
0 0.495274 0.373060 0.266022 0.360730
0 0.497266 0.374790 0.274354 0.358162
0 0.494991 0.376885 0.271088 0.358396
0 0.495727 0.374477 0.266099 0.358737
0 0.495648 0.373774 0.268552 0.359862
0 0.498026 0.376250 0.278994 0.361563
0 0.496437 0.381821 0.277716 0.361902
0 0.499800 0.381946 0.277685 0.361758
0 0.496838 0.383519 0.276126 0.362272
0 0.495846 0.380944 0.274628 0.359969
0 0.499459 0.374729 0.271739 0.362124
0 0.497088 0.378787 0.273763 0.362205
0 0.499356 0.378352 0.273673 0.358318
0 0.495903 0.382127 0.275426 0.352292
0 0.497395 0.378629 0.272017 0.349973
0 0.495258 0.376781 0.278451 0.369396
0 0.499758 0.378174 0.272107 0.365014
0 0.495087 0.377451 0.273892 0.365003
0 0.496749 0.379192 0.268834 0.361718
0 0.496416 0.377965 0.268812 0.362466
0 0.496962 0.377723 0.272027 0.361301
0 0.496221 0.376923 0.278210 0.361339
0 0.497894 0.378589 0.272992 0.359321
0 0.495365 0.375476 0.272764 0.367949
0 0.498284 0.376974 0.271910 0.361346
0 0.493376 0.376051 0.275917 0.364943
0 0.497151 0.376888 0.278771 0.361670
0 0.497175 0.379312 0.272763 0.369561
0 0.491022 0.380213 0.273204 0.362566
0 0.494714 0.377707 0.270088 0.369214
0 0.494313 0.378234 0.270802 0.370283
0 0.499081 0.380817 0.275321 0.373551