0 0.155746 0.253902 0.322607 0.498406
0 0.152745 0.250646 0.318629 0.494527
0 0.156916 0.253422 0.291095 0.483128
0 0.157475 0.253739 0.296477 0.485806
0 0.155289 0.255429 0.306899 0.472680
0 0.146638 0.239008 0.309042 0.485411
0 0.157076 0.243957 0.303372 0.479089
0 0.161933 0.244395 0.288861 0.477284
0 0.164933 0.246784 0.290631 0.491300
0 0.156621 0.251081 0.309931 0.471604
0 0.160255 0.250866 0.314699 0.464538
0 0.143093 0.242801 0.303081 0.480038
0 0.151288 0.246496 0.303198 0.496164
0 0.158778 0.252563 0.305685 0.509624
0 0.167722 0.256610 0.306251 0.505502
0 0.159163 0.249175 0.308006 0.479512
0 0.161324 0.247290 0.314788 0.477692
0 0.147446 0.245254 0.294685 0.486474
0 0.153896 0.240456 0.313745 0.495786
0 0.159240 0.241626 0.311858 0.508770
0 0.160979 0.239239 0.310346 0.506929
0 0.159683 0.245227 0.310819 0.499759
0 0.163554 0.243387 0.313589 0.481642
0 0.635383 0.416003 0.330580 0.438799
0 0.635032 0.422397 0.340086 0.437319
0 0.635074 0.421137 0.339213 0.436682
0 0.146308 0.251933 0.291830 0.492181
0 0.152612 0.247598 0.303578 0.484261
0 0.152545 0.240549 0.307355 0.486644
0 0.154862 0.240813 0.305073 0.485533
0 0.159440 0.246761 0.302655 0.492448
0 0.166729 0.250695 0.309363 0.487468
0 0.636072 0.416484 0.348281 0.450670
0 0.631436 0.426610 0.333689 0.446628
0 0.636245 0.426598 0.342953 0.452636
0 0.632316 0.424620 0.343335 0.456439
0 0.634864 0.425645 0.340951 0.447031
0 0.155333 0.249529 0.309171 0.499431
0 0.160674 0.247040 0.318012 0.499802
0 0.157845 0.245464 0.312554 0.478629
0 0.160682 0.253063 0.310468 0.498327
0 0.637526 0.425143 0.342836 0.463847
0 0.629563 0.430061 0.332102 0.456988
0 0.635362 0.432618 0.339532 0.467567
0 0.632532 0.430187 0.338547 0.456391
0 0.632586 0.427409 0.337836 0.454413
0 0.638420 0.420607 0.332711 0.443496
0 0.624664 0.421936 0.348797 0.452023
0 0.638805 0.426848 0.344712 0.462629
0 0.628656 0.427400 0.331387 0.448576
0 0.636996 0.430708 0.331673 0.447199
0 0.636778 0.431784 0.335294 0.455375
0 0.631424 0.428618 0.339671 0.450900
0 0.634571 0.426970 0.335768 0.452990
0 0.635724 0.427180 0.341381 0.470698
0 0.630975 0.428447 0.331082 0.457661
0 0.629801 0.430931 0.339259 0.443526
0 0.634855 0.428791 0.337661 0.447290
0 0.630262 0.424667 0.333828 0.455411
0 0.643796 0.429614 0.340228 0.462310
0 0.633353 0.427092 0.344517 0.466832
0 0.631734 0.427801 0.338661 0.454385
0 0.626934 0.427464 0.344944 0.460626
0 0.636173 0.429251 0.345593 0.461682
0 0.634622 0.425871 0.337985 0.473285
0 0.630060 0.415969 0.344699 0.503888
0 0.626389 0.413332 0.350140 0.504888
0 0.634041 0.417772 0.350426 0.504815