0 0.433552 0.186343 0.159667 0.236175
0 0.434076 0.188186 0.156887 0.236323
0 0.433801 0.185899 0.156138 0.240098
0 0.434997 0.186898 0.160595 0.236388
0 0.436084 0.188988 0.156561 0.232216
0 0.435716 0.189694 0.155902 0.232693
0 0.435007 0.189720 0.155175 0.235058
0 0.436019 0.188549 0.155981 0.238639
0 0.434508 0.190266 0.158801 0.230296
0 0.434847 0.190094 0.157556 0.231371
0 0.435382 0.190771 0.155250 0.233760
0 0.435066 0.189260 0.155693 0.229219
0 0.435107 0.189386 0.157892 0.233437
0 0.433996 0.190759 0.163818 0.232886
0 0.435333 0.192250 0.156733 0.229515
0 0.435516 0.191511 0.156768 0.231459
0 0.434939 0.191565 0.158309 0.233147
0 0.435204 0.190060 0.158946 0.231635
0 0.434079 0.189150 0.157263 0.233773
0 0.437013 0.190217 0.158010 0.235617
0 0.433324 0.193506 0.163159 0.229054
0 0.434097 0.192573 0.157788 0.228600
0 0.434955 0.191185 0.157329 0.231108
0 0.434300 0.192438 0.157074 0.228250
0 0.435191 0.190574 0.156404 0.226085
0 0.433931 0.188731 0.155301 0.232481
0 0.434584 0.193887 0.159674 0.230513
0 0.435633 0.191666 0.159187 0.232330
0 0.435833 0.191480 0.158319 0.230484
0 0.433815 0.191454 0.159068 0.229960
0 0.435377 0.190998 0.157090 0.232965
0 0.435070 0.193822 0.156180 0.223860
0 0.436034 0.192356 0.158975 0.228214
0 0.435195 0.192469 0.157645 0.224953