0 0.618216 0.346577 0.357084 0.500476
0 0.621005 0.354766 0.360563 0.503285
0 0.623139 0.349388 0.358472 0.520796
0 0.616204 0.355136 0.348565 0.509927
0 0.620946 0.363574 0.355222 0.506226
0 0.620873 0.362659 0.356925 0.513004
0 0.623185 0.358983 0.363912 0.518996
0 0.621952 0.346958 0.360646 0.520195
0 0.620787 0.360923 0.355556 0.495383
0 0.623031 0.358339 0.366695 0.492946
0 0.624579 0.358363 0.357208 0.499819
0 0.626571 0.351264 0.367097 0.500860
0 0.624973 0.349411 0.362328 0.493931
0 0.617941 0.356047 0.358356 0.470287
0 0.625462 0.350996 0.359015 0.480418
0 0.622621 0.351261 0.356936 0.473515
0 0.622264 0.350771 0.366241 0.494740
0 0.625955 0.348011 0.371231 0.487884
0 0.624493 0.348210 0.358646 0.480399
0 0.628314 0.343523 0.357157 0.492102
0 0.621861 0.356970 0.361520 0.453482
0 0.624299 0.351964 0.355171 0.476264
0 0.622436 0.348432 0.358578 0.471000
0 0.622294 0.350669 0.357585 0.482593
0 0.629731 0.346559 0.368341 0.479351
0 0.628235 0.343507 0.364441 0.491632
0 0.630641 0.344707 0.353868 0.487813
0 0.620549 0.363160 0.370389 0.453791
0 0.623763 0.352004 0.352671 0.473240
0 0.624270 0.349953 0.364634 0.480505
0 0.624709 0.343497 0.359730 0.486648
0 0.628721 0.346338 0.367578 0.477887
0 0.627986 0.342864 0.365513 0.492824
0 0.635678 0.348188 0.347631 0.489501
0 0.624758 0.355671 0.367590 0.462705
0 0.630805 0.345813 0.369242 0.478184
0 0.621622 0.347056 0.363353 0.472478
0 0.625777 0.341847 0.372965 0.473135
0 0.631403 0.347055 0.353155 0.481126
0 0.627853 0.362127 0.377125 0.467242
0 0.626868 0.351992 0.368770 0.472923
0 0.631614 0.353445 0.364193 0.476881