0 0.476956 0.335279 0.235597 0.379068
0 0.479530 0.337586 0.242270 0.382048
0 0.483076 0.349665 0.255347 0.399388
0 0.483794 0.351900 0.256496 0.406285
0 0.485813 0.351526 0.255797 0.397689
0 0.484966 0.356853 0.252388 0.400447
0 0.485576 0.358685 0.257277 0.404963
0 0.486827 0.358478 0.254843 0.397724
0 0.482529 0.356615 0.249117 0.382596
0 0.484034 0.357180 0.248151 0.378986
0 0.483431 0.355325 0.254698 0.386896
0 0.485057 0.356649 0.258403 0.383940
0 0.483148 0.357314 0.249324 0.381140
0 0.483939 0.355007 0.252529 0.386120
0 0.482720 0.353973 0.257410 0.388536
0 0.482760 0.355732 0.259799 0.378272
0 0.482547 0.358003 0.248474 0.386906
0 0.485016 0.356113 0.256653 0.388390
0 0.483116 0.356326 0.256317 0.382263
0 0.481286 0.358358 0.255807 0.373550
0 0.481012 0.359141 0.243489 0.373555
0 0.483177 0.357778 0.252684 0.377998
0 0.483453 0.357791 0.253462 0.376051
0 0.482315 0.358493 0.255575 0.366261
0 0.487577 0.360408 0.251489 0.348905
0 0.478448 0.360154 0.247222 0.365462
0 0.481370 0.359176 0.250780 0.366311
0 0.480483 0.359177 0.247972 0.358090
0 0.483108 0.358126 0.252909 0.356629
0 0.488966 0.358312 0.252461 0.348961
0 0.475669 0.364649 0.241120 0.367656
0 0.481330 0.361327 0.248412 0.367251
0 0.479539 0.360782 0.245729 0.361856
0 0.481821 0.360922 0.251580 0.360215
0 0.478513 0.364527 0.238839 0.372421
0 0.479436 0.363655 0.241432 0.366816
0 0.486980 0.353159 0.257905 0.427893
0 0.483139 0.343963 0.263072 0.407772
0 0.486572 0.350853 0.252487 0.388176
0 0.487542 0.352515 0.249068 0.381154
0 0.482332 0.347466 0.251909 0.383018
0 0.485067 0.346501 0.246194 0.387870
0 0.486951 0.355731 0.263147 0.399961
0 0.488150 0.353135 0.252873 0.390469
0 0.490179 0.352904 0.244780 0.373087
0 0.486016 0.349904 0.245348 0.373261
0 0.485407 0.349975 0.246790 0.374234
0 0.485288 0.358087 0.256354 0.387003
0 0.484686 0.355593 0.252527 0.376440
0 0.483032 0.357139 0.249424 0.372485
0 0.485322 0.352571 0.247723 0.371324
0 0.485322 0.356664 0.240196 0.372364
0 0.483081 0.353764 0.255232 0.394787
0 0.486759 0.353926 0.253659 0.381450
0 0.481766 0.357956 0.254967 0.374417
0 0.487895 0.359313 0.257040 0.364198
0 0.488688 0.353589 0.247859 0.362445
0 0.482715 0.359726 0.250511 0.371688
0 0.485717 0.362638 0.261753 0.355469
0 0.486917 0.361708 0.258996 0.350679