0 0.616881 0.387117 0.339256 0.593225
0 0.620625 0.389704 0.345773 0.599947
0 0.620965 0.381374 0.340513 0.601230
0 0.607377 0.390849 0.341603 0.595918
0 0.614624 0.399044 0.347373 0.582124
0 0.619265 0.395903 0.344679 0.594388
0 0.620672 0.389171 0.346939 0.586225
0 0.621388 0.383721 0.339444 0.592955
0 0.612481 0.394536 0.339417 0.556778
0 0.617633 0.395037 0.342837 0.571262
0 0.618349 0.396355 0.342550 0.593446
0 0.623966 0.391787 0.358078 0.588155
0 0.618921 0.387252 0.350876 0.593028
0 0.608606 0.392706 0.339746 0.554639
0 0.612543 0.392619 0.338924 0.572507
0 0.616190 0.395235 0.347711 0.582758
0 0.617191 0.393866 0.349996 0.580101
0 0.621839 0.389058 0.355646 0.588280
0 0.622345 0.382806 0.346121 0.594496
0 0.610368 0.390194 0.344851 0.540244
0 0.612092 0.384135 0.336400 0.554825
0 0.618794 0.386682 0.350528 0.560932
0 0.619400 0.385839 0.345275 0.562328
0 0.622716 0.388494 0.349820 0.566738
0 0.618130 0.386321 0.345652 0.585648
0 0.633316 0.396817 0.330596 0.567405
0 0.612580 0.385133 0.336520 0.552762
0 0.619516 0.387683 0.348220 0.575763
0 0.617109 0.387935 0.345535 0.559797
0 0.622606 0.386692 0.361872 0.573264
0 0.621259 0.390240 0.351208 0.572048
0 0.613584 0.398983 0.351393 0.533596
0 0.619649 0.389090 0.331624 0.557015
0 0.619746 0.386424 0.348382 0.546486
0 0.622642 0.391417 0.357707 0.560448
0 0.624875 0.397620 0.341438 0.554292
0 0.614980 0.402095 0.347301 0.544099
0 0.619721 0.392938 0.350915 0.555935
0 0.629455 0.396585 0.350130 0.563533