0 0.540614 0.471443 0.371715 0.503827
0 0.545299 0.473193 0.381846 0.498097
0 0.541713 0.477886 0.377558 0.494946
0 0.539703 0.479318 0.385767 0.482561
0 0.547884 0.469858 0.383650 0.482864
0 0.537787 0.468324 0.378512 0.495296
0 0.546072 0.473023 0.387452 0.484098
0 0.542192 0.475330 0.386668 0.492826
0 0.542059 0.475467 0.389012 0.476611
0 0.545088 0.476714 0.385664 0.488518
0 0.541307 0.477259 0.386565 0.501413
0 0.543984 0.478886 0.391081 0.499455
0 0.542834 0.481272 0.381750 0.507654
0 0.542917 0.482390 0.389872 0.497231
0 0.544321 0.481803 0.386995 0.489286
0 0.543151 0.479030 0.388652 0.485904
0 0.529774 0.478145 0.374565 0.490115
0 0.539284 0.480681 0.384000 0.501893
0 0.541671 0.478053 0.391190 0.501051
0 0.538385 0.477504 0.390155 0.502009
0 0.539700 0.480845 0.391253 0.494372
0 0.540073 0.480565 0.389840 0.492782
0 0.539985 0.481515 0.385668 0.486199
0 0.535882 0.475566 0.380103 0.506780
0 0.541803 0.477914 0.389198 0.505771
0 0.539564 0.478933 0.386094 0.507473
0 0.539023 0.482109 0.389790 0.498413
0 0.539848 0.485979 0.394525 0.492343
0 0.543357 0.483217 0.382303 0.487446
0 0.531060 0.469366 0.390951 0.513090
0 0.540437 0.476422 0.395878 0.505082
0 0.540309 0.474325 0.392000 0.502631
0 0.539783 0.479011 0.393213 0.505685
0 0.539274 0.478910 0.398677 0.503717
0 0.550687 0.486014 0.384611 0.496316
0 0.545802 0.479516 0.396362 0.503493
0 0.539835 0.475042 0.399370 0.505659
0 0.539119 0.477693 0.397575 0.510974
0 0.544276 0.484915 0.400794 0.508162
0 0.543982 0.489432 0.396479 0.509219