0 0.494314 0.243753 0.168467 0.230704
0 0.495161 0.242443 0.166473 0.232860
0 0.494607 0.246226 0.167245 0.234565
0 0.495359 0.246829 0.168335 0.234073
0 0.496123 0.245713 0.167663 0.228834
0 0.495430 0.244693 0.165171 0.232398
0 0.494289 0.243476 0.171053 0.233895
0 0.495506 0.244575 0.171942 0.234430
0 0.494507 0.246920 0.170393 0.236558
0 0.494734 0.245184 0.169145 0.230047
0 0.494960 0.244719 0.169480 0.230015
0 0.495229 0.244032 0.166855 0.233203
0 0.494444 0.244555 0.169780 0.235394
0 0.495475 0.245310 0.170559 0.237325
0 0.496176 0.246281 0.168732 0.237906
0 0.495631 0.245426 0.169020 0.232430
0 0.494587 0.245147 0.168529 0.233344
0 0.494440 0.246469 0.168709 0.232582
0 0.493698 0.244556 0.168779 0.232172
0 0.494619 0.246193 0.171438 0.236508
0 0.495764 0.245961 0.169523 0.233057
0 0.495798 0.244609 0.169677 0.229499
0 0.494865 0.245805 0.169320 0.232714
0 0.494855 0.247041 0.170054 0.234702
0 0.492627 0.246974 0.171443 0.234234
0 0.494400 0.245411 0.170624 0.234820
0 0.495147 0.245268 0.169533 0.232050
0 0.494905 0.245750 0.171226 0.230945
0 0.494480 0.246235 0.170128 0.235992
0 0.498097 0.250029 0.168222 0.234336
0 0.495056 0.247751 0.168400 0.234095
0 0.495537 0.245883 0.169836 0.229528
0 0.494221 0.245151 0.171475 0.227365
0 0.495336 0.248275 0.168710 0.231548
0 0.493692 0.249550 0.175697 0.232504