0 0.514927 0.412044 0.388770 0.559117
0 0.517537 0.415774 0.389458 0.554467
0 0.521044 0.409556 0.388960 0.560095
0 0.516808 0.406510 0.399190 0.562557
0 0.517431 0.415346 0.392390 0.556049
0 0.517612 0.412490 0.401441 0.540986
0 0.517840 0.406867 0.397989 0.531344
0 0.523403 0.400019 0.387316 0.541414
0 0.521164 0.413646 0.403895 0.562741
0 0.521486 0.421631 0.404020 0.553592
0 0.517604 0.417736 0.411674 0.557049
0 0.517604 0.413704 0.408633 0.547618
0 0.521684 0.411973 0.397438 0.541959
0 0.514271 0.423196 0.397621 0.557820
0 0.514419 0.423642 0.397210 0.580269
0 0.519315 0.416512 0.406803 0.568545
0 0.516578 0.413233 0.404053 0.580874
0 0.523196 0.416641 0.407301 0.564648
0 0.517895 0.416813 0.408284 0.571563
0 0.521529 0.417993 0.409399 0.576749
0 0.522184 0.416742 0.410378 0.566265
0 0.523713 0.417997 0.405833 0.562994
0 0.512442 0.423826 0.393169 0.558112
0 0.511987 0.421951 0.393163 0.576262
0 0.519604 0.417705 0.414373 0.564905
0 0.517900 0.415618 0.416632 0.586869
0 0.521543 0.417834 0.406342 0.570976
0 0.518958 0.422716 0.403506 0.571960
0 0.518149 0.417170 0.409294 0.564557
0 0.520050 0.416068 0.409358 0.570918
0 0.522612 0.415140 0.408067 0.576068
0 0.521488 0.413928 0.399926 0.566550
0 0.526711 0.417757 0.386421 0.539253
0 0.508958 0.425998 0.382548 0.549251
0 0.519293 0.421885 0.405098 0.550192
0 0.522094 0.418864 0.418314 0.574785
0 0.523931 0.418761 0.406191 0.563450
0 0.526497 0.423761 0.414488 0.576820
0 0.519651 0.420663 0.402733 0.561257
0 0.522042 0.418482 0.406304 0.562466
0 0.523291 0.421292 0.412022 0.567290
0 0.525115 0.415987 0.396924 0.573857
0 0.531412 0.416089 0.396888 0.573625
0 0.519190 0.425732 0.398238 0.563740
0 0.525013 0.426260 0.411208 0.587266
0 0.524988 0.425530 0.401795 0.560153
0 0.522255 0.423617 0.399516 0.569260
0 0.520261 0.425027 0.402012 0.574054
0 0.524816 0.427396 0.392013 0.575974
0 0.515855 0.431395 0.379854 0.559510
0 0.524612 0.421521 0.391566 0.574500
0 0.520547 0.420232 0.390773 0.581002
0 0.522050 0.424315 0.390589 0.584103
0 0.524701 0.444909 0.385301 0.538001
0 0.520569 0.436355 0.379385 0.563177
0 0.522583 0.445090 0.376628 0.567121