0 0.543360 0.487369 0.411174 0.547329
0 0.536766 0.495466 0.409948 0.540292
0 0.537299 0.493476 0.418375 0.530226
0 0.548498 0.486489 0.410456 0.532155
0 0.543457 0.481962 0.417349 0.534599
0 0.547815 0.488145 0.427485 0.536764
0 0.541080 0.493481 0.424409 0.538633
0 0.539652 0.490654 0.428452 0.523274
0 0.541685 0.491849 0.419373 0.526192
0 0.543608 0.495498 0.418357 0.548033
0 0.545438 0.488206 0.421131 0.535467
0 0.543872 0.489320 0.413427 0.534582
0 0.544477 0.491639 0.430853 0.538714
0 0.541126 0.491720 0.432139 0.546541
0 0.540772 0.493479 0.417503 0.538400
0 0.536315 0.489737 0.423943 0.534301
0 0.540366 0.490673 0.417682 0.522678
0 0.544808 0.486558 0.404855 0.518933
0 0.540293 0.492035 0.422607 0.556556
0 0.542092 0.490662 0.425796 0.536118
0 0.541188 0.491312 0.426143 0.549993
0 0.540648 0.493659 0.423308 0.546485
0 0.536974 0.496518 0.426268 0.562730
0 0.539698 0.493126 0.422641 0.540720
0 0.539970 0.497697 0.426055 0.548140
0 0.538948 0.492061 0.424868 0.546010
0 0.542483 0.494785 0.426564 0.549442
0 0.538451 0.486864 0.419606 0.536422
0 0.539749 0.489214 0.408655 0.526248
0 0.547069 0.492028 0.425508 0.564736
0 0.540316 0.488023 0.424494 0.544109
0 0.541922 0.488267 0.424333 0.554884
0 0.540575 0.491237 0.423878 0.541388
0 0.540582 0.490542 0.428272 0.554758
0 0.537986 0.495862 0.417215 0.541558
0 0.541266 0.501436 0.420445 0.545687
0 0.540078 0.497633 0.420959 0.540627
0 0.543575 0.502556 0.422712 0.544480
0 0.540132 0.495415 0.416368 0.533045
0 0.543237 0.494195 0.419489 0.539263
0 0.542764 0.491879 0.402962 0.531893
0 0.545762 0.488027 0.436188 0.564296
0 0.538241 0.489813 0.431343 0.551037
0 0.544348 0.489101 0.434075 0.559295
0 0.538943 0.493647 0.424751 0.542034
0 0.540175 0.495476 0.436966 0.558269
0 0.538528 0.491538 0.420341 0.555417
0 0.540312 0.498664 0.424410 0.556777
0 0.539198 0.494239 0.421980 0.548793
0 0.541069 0.498222 0.427030 0.554964
0 0.540707 0.494761 0.421549 0.546076
0 0.542758 0.494611 0.419190 0.551532
0 0.545139 0.492324 0.408533 0.546476
0 0.552317 0.490357 0.437771 0.568263
0 0.542628 0.488545 0.427625 0.559164
0 0.537868 0.486875 0.425702 0.565318
0 0.539463 0.487203 0.424593 0.572302
0 0.541615 0.488140 0.416338 0.567006
0 0.542770 0.504279 0.415398 0.540892
0 0.538278 0.497230 0.417534 0.559533
0 0.537841 0.498473 0.417510 0.563267