0 0.879311 0.323404 0.046356 0.075646
0 0.879731 0.323711 0.044366 0.074725
0 0.878851 0.324998 0.045115 0.071745
0 0.879066 0.324270 0.045237 0.075040
0 0.880530 0.322965 0.043434 0.074657
0 0.878195 0.324766 0.045023 0.072304
0 0.879516 0.323760 0.045200 0.077103
0 0.881405 0.324661 0.041810 0.076459
0 0.876749 0.325641 0.045972 0.074075
0 0.879917 0.323893 0.044776 0.077309
0 0.524893 0.330014 0.320305 0.400354
0 0.523743 0.324668 0.324057 0.394874
0 0.526221 0.335656 0.322687 0.384763
0 0.522701 0.334660 0.324989 0.391042
0 0.525934 0.333729 0.325770 0.386990
0 0.526375 0.332414 0.327432 0.392975
0 0.523587 0.335127 0.325514 0.390169
0 0.523585 0.335287 0.323142 0.385137
0 0.524264 0.331332 0.319966 0.380379
0 0.519104 0.332551 0.314152 0.376418
0 0.518566 0.331812 0.320579 0.391739
0 0.525182 0.333105 0.331365 0.399833
0 0.521844 0.336133 0.326400 0.388576
0 0.520637 0.336563 0.323146 0.385889
0 0.519731 0.333118 0.315748 0.385018
0 0.518068 0.330282 0.321901 0.388480
0 0.519236 0.333143 0.325672 0.387130
0 0.518648 0.336797 0.318380 0.390024
0 0.522935 0.332834 0.324087 0.389809
0 0.523812 0.333181 0.323156 0.392718
0 0.520619 0.335162 0.322939 0.385957
0 0.522456 0.332449 0.324432 0.390221
0 0.520025 0.328260 0.315412 0.383923
0 0.521306 0.338461 0.318606 0.387556
0 0.522600 0.338973 0.314831 0.385403
0 0.519460 0.336005 0.318000 0.387622
0 0.520097 0.336184 0.315765 0.394937
0 0.521150 0.337023 0.319952 0.393386
0 0.521998 0.335532 0.308222 0.389625
0 0.522796 0.335035 0.317796 0.393528
0 0.522139 0.338308 0.321443 0.398223