0 0.663402 0.376276 0.303935 0.476496
0 0.659500 0.375040 0.299832 0.480608
0 0.661571 0.367442 0.297705 0.487665
0 0.658495 0.374543 0.295560 0.481944
0 0.666312 0.381268 0.302834 0.481310
0 0.668415 0.383783 0.300703 0.483547
0 0.669978 0.381944 0.296119 0.478764
0 0.669165 0.369701 0.296241 0.477219
0 0.657720 0.363227 0.295297 0.464495
0 0.664879 0.369171 0.293824 0.462343
0 0.670922 0.370327 0.301396 0.460075
0 0.668979 0.372824 0.302114 0.471900
0 0.666722 0.371090 0.303570 0.457937
0 0.667155 0.368387 0.294659 0.455192
0 0.658148 0.365937 0.288572 0.451577
0 0.666810 0.368588 0.289271 0.454673
0 0.668620 0.374120 0.297828 0.463292
0 0.665458 0.370647 0.298849 0.457155
0 0.667710 0.368195 0.299848 0.454172
0 0.669629 0.373686 0.296597 0.451409
0 0.678712 0.377858 0.295006 0.463669
0 0.666588 0.369126 0.280390 0.456779
0 0.670658 0.369576 0.300397 0.459443
0 0.668170 0.365754 0.302001 0.459563
0 0.670617 0.367670 0.299118 0.467083
0 0.672681 0.369966 0.306535 0.469287
0 0.665924 0.370698 0.291432 0.455630
0 0.673117 0.366885 0.284601 0.464244
0 0.674088 0.366053 0.297239 0.455546
0 0.674905 0.360786 0.303943 0.464028
0 0.674256 0.373528 0.306805 0.459029
0 0.667776 0.376333 0.299549 0.455237
0 0.674005 0.366737 0.310358 0.458926
0 0.681748 0.368583 0.305124 0.463774