0 0.485773 0.428397 0.331264 0.459434
0 0.490097 0.442872 0.340164 0.453271
0 0.491353 0.440434 0.339601 0.454656
0 0.488512 0.444127 0.338811 0.455910
0 0.489343 0.446332 0.342540 0.459605
0 0.491310 0.445404 0.343564 0.452039
0 0.491624 0.442637 0.345554 0.463766
0 0.492685 0.435286 0.339452 0.447173
0 0.493831 0.439060 0.341591 0.439396
0 0.492567 0.437811 0.339697 0.441425
0 0.491099 0.436608 0.342158 0.433639
0 0.491467 0.432843 0.334695 0.428833
0 0.493872 0.427966 0.335542 0.437891
0 0.492234 0.435107 0.348922 0.446163
0 0.492200 0.434745 0.339918 0.443329
0 0.493352 0.435403 0.337620 0.449797
0 0.492479 0.437657 0.339296 0.438008
0 0.488031 0.435017 0.338970 0.432479
0 0.492568 0.435184 0.336399 0.436361
0 0.489109 0.436648 0.342377 0.440975
0 0.493066 0.433298 0.342829 0.443091
0 0.492405 0.436757 0.342236 0.445177
0 0.491546 0.434157 0.346862 0.437035
0 0.494004 0.432303 0.340392 0.437682
0 0.493776 0.433709 0.334878 0.442581
0 0.490455 0.437170 0.349597 0.447452
0 0.490557 0.440362 0.340052 0.451153
0 0.495363 0.434502 0.341311 0.449371
0 0.493301 0.435780 0.341555 0.454875
0 0.492340 0.436144 0.347616 0.457936
0 0.490284 0.440921 0.334810 0.447223
0 0.491874 0.436959 0.336653 0.444293
0 0.493363 0.436159 0.336474 0.454090
0 0.493875 0.439186 0.341335 0.447949