0 0.428553 0.343674 0.252246 0.324308
0 0.432862 0.345523 0.251534 0.316694
0 0.432735 0.344578 0.250088 0.314883
0 0.433676 0.342439 0.252494 0.317006
0 0.431272 0.345494 0.252411 0.315028
0 0.431273 0.345140 0.253028 0.313589
0 0.430804 0.344521 0.255582 0.317024
0 0.430662 0.345481 0.254932 0.316668
0 0.430727 0.342044 0.254234 0.310526
0 0.430540 0.341834 0.252094 0.309131
0 0.429894 0.343244 0.252104 0.315744
0 0.429221 0.342408 0.255843 0.320822
0 0.430900 0.344177 0.258450 0.316977
0 0.429563 0.343054 0.256393 0.317627
0 0.429074 0.341623 0.257004 0.311973
0 0.428911 0.341441 0.251127 0.305880
0 0.429434 0.341026 0.248703 0.311259
0 0.430685 0.342931 0.257334 0.319059
0 0.430817 0.341637 0.258965 0.316955
0 0.430134 0.339938 0.259317 0.318569
0 0.431034 0.339750 0.257900 0.312715
0 0.427785 0.342733 0.253019 0.311248
0 0.430019 0.341028 0.251754 0.313568
0 0.429747 0.342110 0.259607 0.318746
0 0.429692 0.341531 0.262412 0.318537
0 0.430124 0.341340 0.261280 0.317455
0 0.431663 0.339446 0.255675 0.306629
0 0.426385 0.346219 0.250797 0.307469
0 0.429020 0.341093 0.248430 0.315838
0 0.429989 0.342526 0.255973 0.310225
0 0.430875 0.342530 0.255211 0.311111
0 0.431534 0.341026 0.258016 0.314153
0 0.432773 0.342511 0.252924 0.305979
0 0.426674 0.340117 0.252935 0.315331
0 0.428927 0.341019 0.254300 0.311998
0 0.431017 0.341972 0.259013 0.311794
0 0.431335 0.341030 0.254482 0.317807
0 0.435024 0.345171 0.254630 0.311682
0 0.429734 0.343166 0.247358 0.318360
0 0.433135 0.344507 0.252735 0.312106
0 0.432455 0.342776 0.252344 0.323644
0 0.436412 0.346877 0.259923 0.310101
0 0.433704 0.345707 0.256400 0.313961
0 0.432050 0.343605 0.257716 0.310254
0 0.435357 0.342723 0.256583 0.320824
0 0.432760 0.350153 0.259367 0.321435
0 0.431422 0.346696 0.258064 0.311694
0 0.433098 0.344196 0.252801 0.307755
0 0.435255 0.342741 0.253914 0.312160
0 0.434499 0.343099 0.256972 0.315646
0 0.433784 0.348122 0.265981 0.319753
0 0.433093 0.344801 0.258250 0.319108
0 0.432042 0.345659 0.254863 0.307455
0 0.431007 0.340842 0.253494 0.311244
0 0.430808 0.340778 0.251013 0.318096
0 0.431173 0.350522 0.270192 0.319058
0 0.431340 0.341154 0.258029 0.312769
0 0.429976 0.341320 0.258115 0.309083
0 0.429778 0.342275 0.257856 0.319399
0 0.431704 0.345355 0.257243 0.323360