0 0.727287 0.223950 0.159553 0.227417
0 0.729311 0.229349 0.157046 0.214653
0 0.729104 0.229501 0.159817 0.212399
0 0.731232 0.227324 0.158232 0.218235
0 0.729447 0.228437 0.158509 0.218925
0 0.729597 0.227922 0.157350 0.213656
0 0.728306 0.226638 0.156472 0.213592
0 0.730337 0.227311 0.159340 0.216471
0 0.730190 0.224177 0.157988 0.218986
0 0.731619 0.228443 0.164416 0.219471
0 0.729000 0.226546 0.159609 0.219764
0 0.729289 0.227361 0.159200 0.217405
0 0.728024 0.226860 0.159172 0.217802
0 0.728159 0.227487 0.162831 0.217306
0 0.730001 0.226456 0.157952 0.218945
0 0.731490 0.229394 0.167425 0.221430
0 0.726945 0.227941 0.160898 0.218778
0 0.728235 0.226137 0.160756 0.220131
0 0.728208 0.227565 0.159807 0.219828
0 0.729784 0.226392 0.159749 0.217781
0 0.729966 0.225260 0.156406 0.219644
0 0.727018 0.232635 0.166095 0.222926
0 0.727752 0.228571 0.158002 0.222556
0 0.728404 0.227276 0.159341 0.221416
0 0.728478 0.227873 0.158383 0.218775
0 0.726453 0.226810 0.160480 0.219887
0 0.729297 0.226581 0.157636 0.222788
0 0.727473 0.229147 0.159821 0.226539
0 0.726222 0.228171 0.157271 0.223608
0 0.726709 0.226699 0.159313 0.221655
0 0.728180 0.226541 0.158760 0.218362
0 0.197606 0.332314 0.087349 0.106324
0 0.197398 0.332030 0.087207 0.104742
0 0.724791 0.231178 0.164282 0.224969
0 0.726446 0.231858 0.160479 0.219755
0 0.197682 0.333427 0.085566 0.106214
0 0.197028 0.332699 0.086938 0.106296
0 0.196590 0.332161 0.087354 0.103847
0 0.198549 0.334691 0.088212 0.107276
0 0.196992 0.333804 0.084074 0.104771
0 0.196808 0.333737 0.084179 0.105524