0 0.642072 0.373450 0.416774 0.479452
0 0.651602 0.389221 0.412789 0.482333
0 0.659237 0.386357 0.409839 0.483270
0 0.659154 0.380191 0.407089 0.503886
0 0.642666 0.362174 0.401924 0.425866
0 0.659264 0.364630 0.410532 0.433349
0 0.665700 0.364464 0.405927 0.427158
0 0.666386 0.363605 0.410862 0.436576
0 0.660235 0.366179 0.403991 0.440828
0 0.660078 0.368759 0.407136 0.453951
0 0.650779 0.368466 0.403593 0.412834
0 0.665004 0.367895 0.418226 0.425344
0 0.662830 0.367486 0.413021 0.421490
0 0.662028 0.367068 0.421603 0.436434
0 0.659862 0.369469 0.420525 0.450272
0 0.662628 0.371799 0.409780 0.447990
0 0.687799 0.378262 0.373073 0.464100
0 0.655351 0.365179 0.403278 0.413287
0 0.667210 0.356424 0.422893 0.427067
0 0.671161 0.361717 0.413271 0.442467
0 0.666969 0.365327 0.424626 0.454902
0 0.664111 0.368044 0.417475 0.454203
0 0.663185 0.370127 0.418549 0.466241
0 0.684101 0.381399 0.374874 0.471784
0 0.655151 0.364122 0.409831 0.416724
0 0.666245 0.362572 0.431194 0.448079
0 0.675730 0.362606 0.403925 0.460748
0 0.672721 0.359739 0.404324 0.464920
0 0.669971 0.363439 0.402890 0.463522
0 0.673597 0.369585 0.412451 0.476033
0 0.691205 0.377069 0.368049 0.480316
0 0.665756 0.360723 0.421799 0.447444
0 0.675150 0.367456 0.409512 0.457652
0 0.676210 0.361203 0.403671 0.471985
0 0.676474 0.361908 0.402709 0.479791
0 0.682031 0.370657 0.398917 0.495489
0 0.682380 0.368674 0.391720 0.462072
0 0.682631 0.368668 0.395075 0.483530
0 0.680567 0.372688 0.388131 0.496649