0 0.950408 0.442874 0.054075 0.074142
0 0.951803 0.442610 0.053383 0.073282
0 0.951265 0.444095 0.054326 0.074720
0 0.952429 0.444147 0.054031 0.075194
0 0.951379 0.443279 0.053536 0.072372
0 0.952666 0.443263 0.054169 0.075213
0 0.949119 0.440727 0.056158 0.082773
0 0.950546 0.441091 0.057558 0.083438
0 0.409483 0.399528 0.360162 0.513294
0 0.414513 0.404985 0.356095 0.513636
0 0.408251 0.408378 0.366384 0.520487
0 0.404385 0.414189 0.363552 0.516857
0 0.404902 0.411760 0.362478 0.517237
0 0.413146 0.410114 0.352385 0.512839
0 0.397666 0.408419 0.357971 0.502689
0 0.405344 0.411119 0.368159 0.517412
0 0.402130 0.416664 0.365452 0.520922
0 0.400971 0.417880 0.364592 0.516645
0 0.403917 0.417691 0.365886 0.514486
0 0.412292 0.410260 0.360504 0.523897
0 0.396520 0.412767 0.355682 0.495062
0 0.402528 0.410924 0.356387 0.510637
0 0.406452 0.413878 0.355855 0.512951
0 0.405343 0.409040 0.362975 0.508755
0 0.400008 0.407156 0.355391 0.506062
0 0.406640 0.404700 0.359438 0.500437
0 0.395892 0.410565 0.357291 0.499035
0 0.405466 0.409141 0.353904 0.501883
0 0.405974 0.409549 0.351827 0.501591
0 0.399883 0.409664 0.356186 0.492957
0 0.400415 0.408164 0.356520 0.503993
0 0.408621 0.402861 0.362268 0.504904
0 0.391772 0.405099 0.351517 0.500322
0 0.401515 0.410407 0.364688 0.507164
0 0.403123 0.405702 0.356416 0.506329
0 0.398704 0.407179 0.357157 0.501617
0 0.402326 0.401999 0.359804 0.502275
0 0.411423 0.400033 0.363090 0.505748
0 0.397983 0.408483 0.361409 0.507412
0 0.399863 0.405314 0.365912 0.507083
0 0.401854 0.404980 0.364705 0.511340
0 0.403796 0.401954 0.363183 0.510249
0 0.398087 0.395123 0.370897 0.530775
0 0.403455 0.394632 0.366382 0.534034