0 0.618840 0.554731 0.355553 0.466021
0 0.605575 0.566581 0.343054 0.517957
0 0.614903 0.575398 0.345068 0.493201
0 0.615207 0.572582 0.359490 0.487369
0 0.617600 0.564513 0.358411 0.483429
0 0.609981 0.574458 0.344795 0.506705
0 0.615355 0.575286 0.352143 0.492342
0 0.617587 0.577682 0.365595 0.502060
0 0.621036 0.571866 0.365836 0.488050
0 0.625361 0.564499 0.357637 0.477370
0 0.609912 0.586638 0.367555 0.531221
0 0.607682 0.585818 0.344868 0.534659
0 0.609220 0.579890 0.354307 0.525262
0 0.612972 0.582326 0.372560 0.529759
0 0.620731 0.576437 0.381459 0.514019
0 0.621758 0.571024 0.361127 0.488625
0 0.611125 0.586153 0.368823 0.506874
0 0.607298 0.576766 0.344507 0.514782
0 0.607057 0.579985 0.358256 0.506214
0 0.610538 0.577091 0.369905 0.520194
0 0.619831 0.576133 0.374005 0.506444
0 0.617837 0.574200 0.363547 0.485665
0 0.619308 0.570717 0.351897 0.488040
0 0.604574 0.586746 0.370074 0.512491
0 0.602813 0.574552 0.342907 0.518204
0 0.606407 0.580409 0.360328 0.504300
0 0.610849 0.575281 0.365487 0.505775
0 0.612643 0.571765 0.374284 0.507973
0 0.612796 0.570105 0.366333 0.510189
0 0.597437 0.585976 0.392919 0.496841
0 0.594725 0.575006 0.345321 0.526760
0 0.603472 0.577055 0.352291 0.496396
0 0.602906 0.575429 0.374710 0.504221
0 0.603553 0.571941 0.377973 0.507160
0 0.608784 0.578400 0.355394 0.512498
0 0.585833 0.581238 0.365288 0.558302
0 0.596364 0.570190 0.361311 0.530793
0 0.596551 0.570602 0.364326 0.544384
0 0.601180 0.576180 0.361779 0.530356
0 0.593344 0.592210 0.390575 0.529915
0 0.601166 0.586750 0.384600 0.526030