0 0.477356 0.417012 0.335524 0.423556
0 0.470614 0.422268 0.334811 0.415605
0 0.472817 0.420849 0.337264 0.417999
0 0.476230 0.424360 0.346098 0.446563
0 0.478023 0.432735 0.350695 0.441180
0 0.473871 0.435701 0.348695 0.448769
0 0.478449 0.434677 0.351371 0.441666
0 0.478492 0.429038 0.347222 0.451892
0 0.465744 0.425470 0.330597 0.447033
0 0.479084 0.430350 0.339704 0.442871
0 0.478849 0.433669 0.353439 0.446201
0 0.477393 0.436231 0.349683 0.450294
0 0.478918 0.436322 0.346280 0.446120
0 0.477429 0.433456 0.349193 0.441063
0 0.480411 0.423216 0.338784 0.438037
0 0.466691 0.439451 0.332036 0.444249
0 0.479626 0.435481 0.348999 0.457923
0 0.474864 0.438522 0.338313 0.443791
0 0.476369 0.436684 0.347251 0.444915
0 0.475333 0.438092 0.341497 0.445789
0 0.472606 0.435367 0.340268 0.445129
0 0.476219 0.433641 0.330997 0.444139
0 0.462251 0.443651 0.330316 0.447392
0 0.475902 0.434595 0.351554 0.458283
0 0.476397 0.439173 0.342419 0.461093
0 0.474664 0.440749 0.339329 0.447458
0 0.477507 0.439611 0.346695 0.458934
0 0.475325 0.436215 0.335701 0.463788
0 0.477708 0.442557 0.329085 0.454675
0 0.476026 0.443137 0.344389 0.474706
0 0.480838 0.442245 0.338728 0.458701
0 0.476089 0.441411 0.336950 0.452390
0 0.472678 0.444093 0.339171 0.465921
0 0.474800 0.444706 0.329489 0.474674
0 0.477935 0.447578 0.334028 0.476650
0 0.471750 0.444523 0.331448 0.478117
0 0.473593 0.447998 0.340065 0.482580
0 0.470883 0.450607 0.327039 0.514038