0 0.481841 0.397238 0.392020 0.536322
0 0.483476 0.401368 0.391419 0.530739
0 0.482940 0.397877 0.391490 0.531985
0 0.481201 0.399795 0.408013 0.549646
0 0.483902 0.404824 0.403664 0.548026
0 0.479191 0.406660 0.406198 0.538949
0 0.480720 0.401866 0.401582 0.535579
0 0.486898 0.398969 0.399982 0.535999
0 0.488886 0.397043 0.411209 0.532456
0 0.486190 0.399732 0.408201 0.527538
0 0.483425 0.400345 0.409599 0.533320
0 0.481314 0.399859 0.399326 0.529187
0 0.485479 0.401937 0.396367 0.533381
0 0.490624 0.398284 0.393978 0.545182
0 0.475224 0.408638 0.401646 0.525405
0 0.488911 0.404546 0.414405 0.544628
0 0.487233 0.405019 0.406051 0.545413
0 0.485448 0.405091 0.407347 0.537124
0 0.486297 0.404390 0.401836 0.531117
0 0.482419 0.399952 0.399487 0.532712
0 0.486663 0.399158 0.392039 0.532520
0 0.487395 0.406108 0.431452 0.563886
0 0.489487 0.403504 0.414088 0.535896
0 0.496446 0.401901 0.425948 0.555818
0 0.488000 0.405935 0.408903 0.538915
0 0.488251 0.407370 0.417390 0.554990
0 0.484555 0.408119 0.412472 0.529658
0 0.484559 0.406132 0.405313 0.525287
0 0.483024 0.403167 0.404701 0.533663
0 0.487535 0.402298 0.395051 0.535740
0 0.489249 0.404353 0.434889 0.582085
0 0.488214 0.404733 0.414621 0.537241
0 0.495394 0.403165 0.434561 0.567863
0 0.488636 0.404521 0.414901 0.549775
0 0.490421 0.407159 0.424400 0.562467
0 0.486575 0.404947 0.408981 0.535052
0 0.486098 0.410873 0.422305 0.550624
0 0.484572 0.406766 0.410170 0.541561
0 0.483323 0.414911 0.416791 0.546739
0 0.484152 0.399417 0.405956 0.535255
0 0.493300 0.401543 0.399518 0.539420
0 0.493422 0.400751 0.403976 0.556989
0 0.494922 0.397482 0.429905 0.588787
0 0.484538 0.404893 0.414528 0.546884
0 0.497288 0.404298 0.442270 0.579144
0 0.486498 0.398265 0.412789 0.558928
0 0.486656 0.399032 0.430561 0.568733
0 0.485081 0.399167 0.413082 0.550871
0 0.484271 0.397411 0.414318 0.558518
0 0.482495 0.398221 0.410570 0.551634
0 0.485625 0.409415 0.412089 0.573046
0 0.488886 0.405736 0.418259 0.561586
0 0.484506 0.402072 0.413547 0.566844
0 0.485306 0.403783 0.412549 0.570957
0 0.483574 0.433393 0.391215 0.547004