0 0.467140 0.300180 0.261958 0.374263
0 0.468781 0.301140 0.261082 0.368862
0 0.467734 0.300496 0.260026 0.364836
0 0.469554 0.301953 0.261273 0.360457
0 0.469459 0.300655 0.266777 0.360456
0 0.467667 0.302026 0.261898 0.357296
0 0.468400 0.301516 0.262098 0.353131
0 0.469657 0.301381 0.263501 0.368625
0 0.468743 0.301664 0.268605 0.371813
0 0.469473 0.302530 0.266490 0.373440
0 0.468333 0.302792 0.265060 0.361891
0 0.468843 0.299730 0.262037 0.371996
0 0.469878 0.299704 0.265976 0.371971
0 0.469776 0.300383 0.263340 0.375192
0 0.468973 0.302412 0.266059 0.367527
0 0.469608 0.301281 0.257244 0.370877
0 0.469854 0.300659 0.258221 0.370911
0 0.468530 0.299806 0.257942 0.374128
0 0.468810 0.301293 0.265609 0.367926
0 0.468448 0.300463 0.254363 0.374635
0 0.469350 0.300462 0.259926 0.373513
0 0.468478 0.300482 0.259808 0.372488
0 0.470631 0.301793 0.263511 0.365498
0 0.469032 0.300961 0.257027 0.373717
0 0.468535 0.301312 0.258227 0.369644
0 0.468817 0.300313 0.257067 0.368434
0 0.470260 0.301294 0.262469 0.362252
0 0.468385 0.301909 0.258459 0.366508
0 0.469710 0.301325 0.254205 0.365831
0 0.469913 0.301191 0.256714 0.367570
0 0.473108 0.303541 0.261362 0.362426
0 0.468687 0.301191 0.265001 0.383214
0 0.468134 0.303887 0.262752 0.383188
0 0.467165 0.301966 0.265698 0.382739
0 0.471919 0.303628 0.264727 0.369720
0 0.472596 0.302807 0.262995 0.370779
0 0.467976 0.300656 0.265140 0.371592
0 0.469389 0.300421 0.259057 0.372142
0 0.467654 0.305542 0.262276 0.372740
0 0.469377 0.304547 0.266031 0.366949
0 0.468915 0.302656 0.265818 0.367606
0 0.468282 0.301595 0.261741 0.369594
0 0.470415 0.304390 0.256422 0.359987
0 0.466489 0.303725 0.272738 0.370933
0 0.469009 0.298987 0.260004 0.374647
0 0.469496 0.300765 0.263881 0.369905
0 0.470893 0.302563 0.262915 0.367033
0 0.470410 0.301423 0.265018 0.370281
0 0.468479 0.302019 0.257866 0.366610
0 0.467335 0.302208 0.256226 0.368488
0 0.466105 0.300619 0.264315 0.378900
0 0.466478 0.302434 0.264709 0.370127
0 0.470704 0.299738 0.264137 0.373724
0 0.466476 0.302946 0.260302 0.372322
0 0.468555 0.301677 0.267552 0.373768
0 0.470770 0.303993 0.265722 0.371455
0 0.472955 0.306976 0.263300 0.361986