0 0.473821 0.215798 0.220763 0.339972
0 0.476111 0.215574 0.222699 0.341891
0 0.473856 0.215461 0.220068 0.335285
0 0.473930 0.217065 0.221903 0.335911
0 0.473862 0.219038 0.225432 0.339857
0 0.476031 0.218510 0.223515 0.343300
0 0.470088 0.211841 0.213955 0.323288
0 0.473125 0.213686 0.216745 0.320863
0 0.471780 0.213390 0.222111 0.325764
0 0.473025 0.213396 0.224437 0.327107
0 0.473362 0.215144 0.222102 0.329410
0 0.477399 0.215054 0.222949 0.324112
0 0.469509 0.212420 0.215338 0.316214
0 0.473178 0.211174 0.218155 0.320744
0 0.472920 0.210672 0.218841 0.326978
0 0.472890 0.211785 0.222530 0.324512
0 0.471616 0.211085 0.221845 0.330180
0 0.475393 0.216424 0.225971 0.318002
0 0.469813 0.211593 0.215845 0.312320
0 0.472900 0.210734 0.219360 0.322192
0 0.472334 0.210215 0.220811 0.329302
0 0.473398 0.209997 0.221384 0.325511
0 0.472142 0.211390 0.222003 0.323205
0 0.476215 0.216419 0.220304 0.309393
0 0.470903 0.210936 0.218978 0.310282
0 0.472671 0.209416 0.219414 0.314200
0 0.472984 0.209508 0.219316 0.316283
0 0.474022 0.210774 0.217669 0.321602
0 0.473118 0.211294 0.219208 0.317429
0 0.477405 0.213692 0.216216 0.308884
0 0.470979 0.212492 0.217632 0.305836
0 0.472138 0.210839 0.216145 0.315429
0 0.473339 0.210299 0.217437 0.313623
0 0.473279 0.210491 0.215538 0.318780
0 0.473905 0.210526 0.214605 0.318962
0 0.478201 0.213504 0.212149 0.306031
0 0.471694 0.210054 0.216614 0.312444
0 0.472920 0.209793 0.214774 0.311283
0 0.473076 0.209720 0.212985 0.317860
0 0.476470 0.212114 0.209841 0.317723
0 0.472616 0.210802 0.216635 0.320752
0 0.475200 0.210491 0.215769 0.321724
0 0.483476 0.209860 0.225110 0.334039
0 0.478535 0.210333 0.224792 0.324917
0 0.474736 0.210199 0.221901 0.325986
0 0.478654 0.214617 0.216828 0.323370
0 0.480004 0.210405 0.219796 0.315041
0 0.478217 0.211840 0.215525 0.316852
0 0.474510 0.211037 0.214692 0.318212
0 0.474222 0.211432 0.216426 0.335082
0 0.477591 0.211012 0.219730 0.321176
0 0.476503 0.212229 0.222567 0.320078
0 0.477801 0.211802 0.221035 0.317441
0 0.477395 0.209657 0.224735 0.325133
0 0.474532 0.210177 0.220664 0.327852
0 0.473913 0.211263 0.225245 0.323519
0 0.476122 0.211332 0.224012 0.320919
0 0.476421 0.209269 0.222693 0.316161
0 0.477779 0.207557 0.225958 0.326059
0 0.474277 0.212770 0.222769 0.328009