0 0.432243 0.377558 0.316624 0.437453
0 0.432990 0.386876 0.314306 0.428216
0 0.432008 0.382826 0.323477 0.427299
0 0.425873 0.385691 0.317483 0.453828
0 0.428532 0.395319 0.318898 0.438024
0 0.431655 0.396566 0.317186 0.442110
0 0.432899 0.393993 0.324951 0.438921
0 0.437455 0.392120 0.324020 0.447140
0 0.433104 0.381603 0.312740 0.424125
0 0.435724 0.385806 0.319561 0.417043
0 0.433785 0.386100 0.320681 0.423728
0 0.430831 0.382519 0.317077 0.415773
0 0.433637 0.383045 0.314110 0.417664
0 0.439294 0.379259 0.315979 0.427431
0 0.422983 0.381601 0.316837 0.421985
0 0.430755 0.382643 0.315266 0.426843
0 0.433746 0.384893 0.316761 0.420605
0 0.431344 0.382582 0.315289 0.416226
0 0.430121 0.383541 0.315150 0.416096
0 0.430994 0.381909 0.315644 0.417493
0 0.435387 0.385367 0.310244 0.418065
0 0.428833 0.381763 0.310140 0.420544
0 0.433159 0.380253 0.317848 0.422053
0 0.428229 0.382319 0.315122 0.415452
0 0.430113 0.380149 0.320327 0.420797
0 0.432346 0.381318 0.315863 0.424586
0 0.436212 0.386196 0.316178 0.423124
0 0.429051 0.381833 0.306713 0.428062
0 0.428752 0.382999 0.320485 0.425781
0 0.428572 0.384073 0.312355 0.415363
0 0.429330 0.383558 0.311144 0.426577
0 0.433804 0.379472 0.312601 0.431896
0 0.428999 0.385206 0.311819 0.420119
0 0.431333 0.380812 0.309916 0.419877
0 0.434844 0.382696 0.312160 0.418513