0 0.447998 0.458603 0.357133 0.519092
0 0.449459 0.460248 0.362418 0.517685
0 0.446500 0.462887 0.377646 0.517976
0 0.444678 0.463086 0.365465 0.501066
0 0.442632 0.462167 0.366658 0.493050
0 0.446982 0.456714 0.369604 0.495421
0 0.443523 0.460707 0.376874 0.506560
0 0.447978 0.461726 0.376868 0.507468
0 0.443433 0.462364 0.369150 0.501833
0 0.439641 0.462633 0.372982 0.490671
0 0.445490 0.460043 0.372430 0.486442
0 0.451696 0.451822 0.366603 0.499649
0 0.443263 0.459554 0.375240 0.489990
0 0.448720 0.458940 0.375789 0.495960
0 0.447164 0.456477 0.374594 0.479993
0 0.441972 0.456761 0.376303 0.468785
0 0.440060 0.456611 0.371814 0.470516
0 0.444870 0.452836 0.368798 0.476161
0 0.445086 0.458360 0.377221 0.478580
0 0.447136 0.454803 0.372466 0.480741
0 0.443242 0.455715 0.374388 0.463542
0 0.440044 0.454906 0.371463 0.466547
0 0.441197 0.456608 0.377302 0.467421
0 0.447314 0.460755 0.375353 0.478164
0 0.438897 0.460791 0.379976 0.484409
0 0.443979 0.459754 0.373817 0.475642
0 0.436924 0.461805 0.367953 0.462492
0 0.437488 0.463580 0.371259 0.459897
0 0.441856 0.456219 0.378893 0.466563
0 0.447177 0.464851 0.379526 0.478750
0 0.445521 0.460556 0.373073 0.468667
0 0.437783 0.456964 0.369933 0.466541
0 0.436641 0.456413 0.378098 0.470023
0 0.439308 0.458297 0.378065 0.482645
0 0.439733 0.446027 0.367907 0.501206
0 0.440306 0.447620 0.382446 0.498550