0 0.515850 0.189439 0.167496 0.240355
0 0.517242 0.193312 0.164940 0.234913
0 0.517836 0.192586 0.163663 0.233878
0 0.516700 0.188966 0.165392 0.245181
0 0.517438 0.194637 0.162000 0.234462
0 0.518911 0.194831 0.165104 0.233209
0 0.518147 0.194915 0.161642 0.231102
0 0.517560 0.194922 0.163901 0.235053
0 0.517781 0.193135 0.164802 0.238040
0 0.518581 0.193893 0.166033 0.236518
0 0.518510 0.195520 0.165132 0.237089
0 0.518172 0.194013 0.164381 0.233134
0 0.517958 0.194514 0.163718 0.233534
0 0.519631 0.192720 0.166328 0.235432
0 0.517343 0.193807 0.161099 0.233380
0 0.518739 0.193038 0.164287 0.232953
0 0.519534 0.193744 0.164898 0.237924
0 0.518806 0.194278 0.163273 0.233582
0 0.518257 0.195217 0.163022 0.235934
0 0.518310 0.194808 0.163466 0.231167
0 0.516761 0.192528 0.161725 0.231181
0 0.517668 0.194914 0.164650 0.232042
0 0.517231 0.194878 0.163911 0.234054
0 0.519338 0.194891 0.162837 0.229798
0 0.518914 0.194990 0.164431 0.233904
0 0.518706 0.196481 0.162190 0.230296
0 0.517116 0.196079 0.163187 0.233670
0 0.517843 0.194718 0.163329 0.232762
0 0.516997 0.194788 0.161727 0.233351
0 0.519128 0.194911 0.164034 0.231948
0 0.517881 0.196227 0.164698 0.237938
0 0.517472 0.197972 0.160355 0.230307
0 0.517578 0.196220 0.165744 0.231599
0 0.518329 0.195756 0.162340 0.231954
0 0.519463 0.198704 0.162206 0.232843
0 0.518034 0.201576 0.167085 0.234616