0 0.544154 0.398060 0.266711 0.370225
0 0.542792 0.398467 0.268653 0.368047
0 0.540716 0.401370 0.272232 0.370550
0 0.542200 0.402813 0.272736 0.374336
0 0.541542 0.403378 0.273241 0.369666
0 0.542861 0.402839 0.271142 0.362527
0 0.541716 0.403215 0.273094 0.366292
0 0.541011 0.404914 0.273451 0.372616
0 0.540261 0.406381 0.274377 0.369728
0 0.542513 0.406301 0.274143 0.361456
0 0.542937 0.403386 0.274950 0.367947
0 0.541738 0.406104 0.276180 0.374251
0 0.541338 0.406264 0.276108 0.374983
0 0.543278 0.407171 0.275078 0.365197
0 0.541892 0.402868 0.271640 0.365498
0 0.541371 0.404558 0.276219 0.366324
0 0.541952 0.404691 0.272954 0.373552
0 0.542474 0.409048 0.269912 0.363312
0 0.539763 0.401711 0.271600 0.365085
0 0.542031 0.403664 0.275508 0.369074
0 0.541467 0.403342 0.270695 0.372008
0 0.542789 0.406304 0.271962 0.364680
0 0.540243 0.401110 0.264579 0.367103
0 0.541589 0.402388 0.266960 0.363618
0 0.541378 0.403195 0.266402 0.372420
0 0.544191 0.405154 0.267787 0.366961
0 0.540807 0.403239 0.262994 0.374371
0 0.542024 0.402574 0.259914 0.372655
0 0.543118 0.404222 0.263348 0.373632
0 0.545864 0.408491 0.265095 0.366500
0 0.538823 0.400652 0.279425 0.391970
0 0.541189 0.405746 0.279728 0.386539
0 0.541878 0.405555 0.277473 0.387906
0 0.538026 0.399883 0.282457 0.393981
0 0.538427 0.408125 0.276260 0.385665
0 0.541974 0.404995 0.275855 0.378660
0 0.540988 0.405917 0.272638 0.374816
0 0.542385 0.406814 0.276510 0.375514
0 0.540813 0.402867 0.280223 0.380218
0 0.540964 0.408252 0.276037 0.383650
0 0.541542 0.405010 0.276904 0.382833
0 0.540063 0.405493 0.275577 0.379133
0 0.542394 0.405571 0.277326 0.379494
0 0.545944 0.404801 0.278348 0.384189
0 0.538993 0.404770 0.281661 0.380006
0 0.541048 0.407199 0.276955 0.382100
0 0.540552 0.408727 0.276870 0.385676
0 0.540936 0.405712 0.277684 0.383174
0 0.541241 0.404630 0.273208 0.381701
0 0.544947 0.409171 0.278378 0.387596
0 0.537213 0.412229 0.279539 0.384971
0 0.538362 0.408255 0.268033 0.379375
0 0.540771 0.407934 0.273661 0.387133
0 0.539784 0.408585 0.273937 0.382820
0 0.542355 0.406122 0.275290 0.397096
0 0.536008 0.412669 0.273141 0.403017
0 0.543166 0.410816 0.271297 0.390653
0 0.541645 0.412983 0.268022 0.393401
0 0.544453 0.416331 0.270632 0.402244