0 0.691569 0.397288 0.032218 0.039450
0 0.691522 0.397061 0.032610 0.039295
0 0.691541 0.397217 0.032412 0.039778
0 0.692106 0.396907 0.032390 0.040598
0 0.692187 0.397438 0.032355 0.040874
0 0.691894 0.397510 0.032541 0.040193
0 0.691488 0.397023 0.033107 0.040461
0 0.863129 0.416608 0.043697 0.059485
0 0.862718 0.416486 0.041255 0.057595
0 0.861588 0.416323 0.042129 0.056428
0 0.863534 0.416161 0.043650 0.059521
0 0.863811 0.415655 0.042040 0.057054
0 0.864459 0.416470 0.043472 0.060270
0 0.863322 0.415560 0.042606 0.060547
0 0.863714 0.415580 0.042594 0.058274
0 0.466025 0.291147 0.210476 0.266790
0 0.465569 0.292617 0.208967 0.261800
0 0.468028 0.291888 0.210613 0.259506
0 0.464911 0.289733 0.211557 0.264062
0 0.467110 0.291784 0.211683 0.261713
0 0.466149 0.292135 0.210334 0.259475
0 0.467433 0.291754 0.213024 0.259331
0 0.466239 0.291254 0.209902 0.260107
0 0.460055 0.289414 0.208597 0.256454
0 0.466643 0.293486 0.213217 0.259064
0 0.465889 0.292390 0.210828 0.260368
0 0.466973 0.291594 0.210756 0.262247
0 0.465914 0.291320 0.214143 0.257638
0 0.466013 0.291653 0.211946 0.262411
0 0.467393 0.291834 0.208708 0.259055
0 0.461193 0.291524 0.205235 0.255002
0 0.467248 0.292900 0.211194 0.259156
0 0.466842 0.292182 0.209953 0.256724
0 0.466581 0.291913 0.210930 0.258998
0 0.466561 0.291395 0.213785 0.257381
0 0.466738 0.291449 0.211328 0.258369
0 0.468686 0.292014 0.209729 0.256361
0 0.461422 0.294119 0.204053 0.250702
0 0.467265 0.290516 0.210372 0.258442
0 0.467210 0.291947 0.210497 0.257478
0 0.465596 0.290664 0.210487 0.259605
0 0.466374 0.289354 0.210534 0.254667
0 0.467262 0.290031 0.209768 0.256549
0 0.469665 0.290323 0.208168 0.257012
0 0.467124 0.293134 0.211802 0.258521
0 0.466715 0.291543 0.210211 0.258767
0 0.466051 0.290920 0.210376 0.257164
0 0.466768 0.290903 0.212864 0.255743
0 0.467250 0.291290 0.210841 0.262302
0 0.471419 0.295308 0.207784 0.256863
0 0.466212 0.291832 0.211261 0.259072
0 0.466598 0.291634 0.211955 0.259540
0 0.467888 0.291325 0.211188 0.261582
0 0.469390 0.295836 0.209360 0.263028
0 0.467949 0.293360 0.207329 0.262411
0 0.470904 0.296136 0.207825 0.264618