0 0.511279 0.462480 0.412082 0.585603
0 0.513013 0.463379 0.416906 0.584258
0 0.513289 0.449639 0.419537 0.555973
0 0.512782 0.458848 0.423136 0.562141
0 0.512400 0.459577 0.428066 0.569048
0 0.512687 0.461343 0.416961 0.561310
0 0.503351 0.448414 0.400969 0.539210
0 0.515540 0.455267 0.429570 0.547702
0 0.522544 0.457926 0.438526 0.555401
0 0.512767 0.462918 0.429687 0.559229
0 0.511421 0.463597 0.441565 0.577503
0 0.508885 0.462386 0.423769 0.558636
0 0.514724 0.461976 0.436346 0.579849
0 0.510185 0.466593 0.417145 0.553400
0 0.516855 0.467718 0.428517 0.572173
0 0.515827 0.464966 0.416802 0.557883
0 0.519175 0.467866 0.415487 0.572781
0 0.512068 0.466604 0.438685 0.582764
0 0.507128 0.458037 0.427961 0.593294
0 0.502980 0.460041 0.401914 0.555101
0 0.513940 0.462541 0.424228 0.573089
0 0.517688 0.461159 0.428610 0.575834
0 0.524299 0.463769 0.439858 0.590829
0 0.513222 0.468541 0.429330 0.584181
0 0.512698 0.472308 0.442244 0.597830
0 0.513985 0.468702 0.428361 0.571734
0 0.518119 0.471283 0.441938 0.589873
0 0.511636 0.467349 0.421291 0.572686
0 0.518159 0.469413 0.427467 0.585309
0 0.514465 0.464145 0.414346 0.554214
0 0.519441 0.464449 0.422988 0.580373
0 0.509629 0.467011 0.442935 0.575752
0 0.507352 0.451001 0.435137 0.600436
0 0.502961 0.459083 0.408679 0.557181
0 0.517857 0.456930 0.433959 0.590667
0 0.517262 0.466687 0.429327 0.568321
0 0.526400 0.471137 0.446822 0.594394
0 0.515232 0.465554 0.425351 0.572026
0 0.512361 0.472320 0.439409 0.594873
0 0.514467 0.461465 0.425617 0.558193
0 0.515184 0.468176 0.434444 0.573872
0 0.513047 0.464276 0.427513 0.566271
0 0.515484 0.472249 0.431882 0.573546
0 0.515133 0.460877 0.418674 0.557884
0 0.521223 0.467193 0.426314 0.572388
0 0.509452 0.470266 0.454561 0.567141
0 0.503152 0.448418 0.424156 0.600829
0 0.499307 0.456457 0.406668 0.547080
0 0.513091 0.452051 0.439118 0.584725
0 0.515503 0.457168 0.433326 0.566850
0 0.523813 0.462355 0.446743 0.581899
0 0.515544 0.455554 0.435509 0.564428
0 0.514203 0.464454 0.445414 0.581825
0 0.518527 0.457872 0.429812 0.555966
0 0.509970 0.463687 0.437661 0.576289
0 0.515363 0.457438 0.424918 0.565001
0 0.514144 0.470194 0.429008 0.575283
0 0.515091 0.456757 0.416024 0.551332
0 0.519018 0.462151 0.425717 0.570375
0 0.512605 0.469189 0.444171 0.571160
0 0.517308 0.440505 0.442880 0.621265
0 0.510251 0.444184 0.435773 0.583587
0 0.522053 0.449795 0.457432 0.596158
0 0.517139 0.444331 0.448976 0.586196
0 0.519573 0.448937 0.461166 0.593530
0 0.517554 0.450262 0.434829 0.570785
0 0.511642 0.453420 0.450932 0.585463
0 0.514707 0.454565 0.427308 0.580210
0 0.510069 0.461192 0.434518 0.588698
0 0.521051 0.461699 0.422267 0.564457
0 0.516880 0.457208 0.425962 0.581570
0 0.516625 0.465726 0.466435 0.611894
0 0.520769 0.439795 0.442320 0.625203
0 0.518557 0.439842 0.438782 0.625950
0 0.520407 0.447354 0.422306 0.621201