0 0.313233 0.480345 0.226488 0.355605
0 0.314902 0.482641 0.232880 0.353289
0 0.316724 0.482193 0.233279 0.353256
0 0.312875 0.474184 0.217959 0.336467
0 0.317763 0.477782 0.223309 0.332278
0 0.316368 0.480319 0.228287 0.329582
0 0.314976 0.482006 0.228335 0.329423
0 0.316665 0.480231 0.229854 0.337937
0 0.314057 0.474099 0.218461 0.327531
0 0.316306 0.475487 0.226099 0.324856
0 0.314748 0.476928 0.230317 0.327826
0 0.314918 0.477848 0.228456 0.323057
0 0.312935 0.481528 0.228639 0.319889
0 0.313536 0.471809 0.221799 0.328188
0 0.315810 0.473339 0.228004 0.339376
0 0.316069 0.473132 0.230672 0.338357
0 0.313643 0.474815 0.228468 0.330428
0 0.311848 0.478284 0.228116 0.323571
0 0.311822 0.472910 0.224015 0.333431
0 0.315653 0.473398 0.227035 0.338053
0 0.314857 0.471406 0.227948 0.344192
0 0.314896 0.473503 0.229389 0.330881
0 0.314463 0.475559 0.227646 0.324668
0 0.311825 0.475368 0.225123 0.326594
0 0.315839 0.474652 0.225455 0.331717
0 0.315924 0.474126 0.228568 0.332150
0 0.316543 0.474955 0.226733 0.329742
0 0.316388 0.475234 0.221970 0.324430
0 0.311215 0.474712 0.225395 0.327640
0 0.315030 0.474770 0.225790 0.330553
0 0.315811 0.473324 0.227194 0.331230
0 0.316958 0.473999 0.221248 0.333050
0 0.319183 0.477498 0.220944 0.321662
0 0.313206 0.471861 0.224136 0.338894
0 0.313934 0.472916 0.222584 0.329333
0 0.316766 0.476480 0.221094 0.327149
0 0.321534 0.482840 0.225758 0.322956
0 0.317655 0.477384 0.220861 0.324701
0 0.313957 0.474223 0.227433 0.331375
0 0.316704 0.474447 0.228269 0.328886
0 0.313150 0.473987 0.228421 0.322105
0 0.310865 0.475437 0.227551 0.328054
0 0.312033 0.475291 0.235222 0.336835
0 0.315597 0.476950 0.227641 0.323923
0 0.313399 0.472775 0.227578 0.331481
0 0.314857 0.477378 0.223273 0.322279
0 0.315512 0.472053 0.229112 0.320080
0 0.311343 0.480055 0.230102 0.317027
0 0.313501 0.475863 0.218928 0.334014
0 0.317497 0.470506 0.226139 0.322580
0 0.316175 0.473689 0.223196 0.323403
0 0.318523 0.475893 0.227189 0.315728
0 0.317180 0.480121 0.231532 0.325304