0 0.491981 0.434980 0.388195 0.574158
0 0.490496 0.440875 0.388422 0.570428
0 0.495562 0.438867 0.399219 0.563965
0 0.501234 0.426484 0.397690 0.555434
0 0.487876 0.440522 0.387869 0.586165
0 0.494461 0.445558 0.395341 0.586083
0 0.492749 0.448282 0.396608 0.582408
0 0.496234 0.447826 0.404596 0.571593
0 0.498782 0.442245 0.400539 0.568831
0 0.494426 0.449785 0.394295 0.598764
0 0.492959 0.447573 0.388016 0.582146
0 0.489560 0.447652 0.384083 0.581909
0 0.496323 0.447429 0.396546 0.575265
0 0.493825 0.441045 0.397284 0.575344
0 0.495870 0.445782 0.404764 0.580402
0 0.493898 0.442527 0.407827 0.587775
0 0.494259 0.440050 0.407645 0.569273
0 0.498025 0.438882 0.409784 0.581616
0 0.498696 0.442493 0.402686 0.572903
0 0.502324 0.439078 0.414679 0.590864
0 0.502711 0.441147 0.399885 0.569233
0 0.501092 0.437440 0.408515 0.589161
0 0.497219 0.445725 0.405763 0.582542
0 0.491550 0.451330 0.399414 0.595575
0 0.494728 0.449682 0.396309 0.578696
0 0.490403 0.451380 0.396044 0.588515
0 0.496994 0.443483 0.394920 0.574831
0 0.493803 0.444692 0.398057 0.590086
0 0.498389 0.444214 0.401362 0.576184
0 0.496268 0.448076 0.406347 0.589913
0 0.496959 0.445451 0.403519 0.573674
0 0.498933 0.447855 0.406590 0.589895
0 0.497925 0.438597 0.404217 0.581837
0 0.502947 0.434735 0.402499 0.590983
0 0.499720 0.442474 0.394660 0.556800
0 0.502988 0.434615 0.402194 0.580309
0 0.492181 0.441886 0.408748 0.581463
0 0.496949 0.445162 0.403332 0.595737
0 0.494826 0.445691 0.392542 0.575562
0 0.491251 0.444851 0.396686 0.590320
0 0.497441 0.445091 0.398261 0.573930
0 0.497081 0.448261 0.398869 0.579448
0 0.498282 0.443909 0.402394 0.580036
0 0.499013 0.455385 0.402822 0.578714
0 0.494467 0.448802 0.404789 0.574825
0 0.497614 0.455111 0.403316 0.569999
0 0.496423 0.437805 0.401297 0.587667
0 0.499607 0.433161 0.398268 0.580465
0 0.500424 0.441372 0.387582 0.575642
0 0.508584 0.431169 0.389877 0.582014
0 0.493235 0.443996 0.407646 0.583353
0 0.501503 0.442283 0.401456 0.578855
0 0.495384 0.450707 0.392957 0.571728
0 0.493413 0.448627 0.401364 0.583835
0 0.496761 0.449886 0.402761 0.566412
0 0.496590 0.449871 0.416009 0.587356
0 0.501291 0.448866 0.400669 0.573158
0 0.502707 0.457437 0.405786 0.577853
0 0.500004 0.452189 0.404474 0.568042
0 0.501809 0.457930 0.409521 0.571363
0 0.499613 0.447671 0.401068 0.571491
0 0.500228 0.445079 0.402591 0.567820
0 0.501480 0.448630 0.392937 0.569514
0 0.505372 0.441063 0.395000 0.578166
0 0.491484 0.450683 0.406505 0.572728
0 0.497877 0.450991 0.397686 0.571067
0 0.501070 0.453824 0.396836 0.573060
0 0.501209 0.454301 0.403686 0.569657
0 0.499148 0.453288 0.402484 0.572234
0 0.499532 0.466426 0.388914 0.532255
0 0.505347 0.460735 0.389302 0.549496
0 0.501047 0.460103 0.388499 0.555719
0 0.502028 0.467073 0.388948 0.539114
0 0.507051 0.483609 0.387762 0.528288
0 0.503372 0.480490 0.379108 0.516862