0 0.374618 0.336722 0.322168 0.451827
0 0.378960 0.344036 0.320799 0.453547
0 0.373601 0.338078 0.330642 0.455182
0 0.373967 0.348965 0.329294 0.448335
0 0.371067 0.348636 0.325525 0.452610
0 0.372741 0.348886 0.330351 0.447195
0 0.373344 0.344690 0.323669 0.440899
0 0.374671 0.347801 0.327468 0.439549
0 0.371924 0.346463 0.326311 0.437218
0 0.371200 0.346023 0.324103 0.440035
0 0.371741 0.346185 0.321747 0.441562
0 0.368532 0.350430 0.322137 0.438438
0 0.371295 0.348096 0.324935 0.444792
0 0.372286 0.346076 0.327348 0.446747
0 0.372317 0.346632 0.333709 0.442445
0 0.368822 0.345834 0.326196 0.440415
0 0.369674 0.344198 0.327965 0.441499
0 0.374951 0.347851 0.321645 0.443699
0 0.367211 0.353718 0.317865 0.435275
0 0.372743 0.349840 0.324220 0.442527
0 0.373373 0.349833 0.326493 0.449931
0 0.366410 0.349311 0.331281 0.439723
0 0.369590 0.347572 0.329889 0.443505
0 0.370391 0.344289 0.326862 0.441741
0 0.379382 0.351457 0.323547 0.445390
0 0.371250 0.348966 0.318984 0.449386
0 0.370759 0.349781 0.331467 0.448343
0 0.366744 0.347521 0.329894 0.441817
0 0.367266 0.348925 0.326600 0.446927
0 0.372547 0.341723 0.326915 0.462454
0 0.369461 0.358547 0.320441 0.439966
0 0.372725 0.351215 0.327431 0.443949
0 0.366843 0.349061 0.324297 0.445830
0 0.367757 0.349148 0.326723 0.450957
0 0.366882 0.351940 0.332267 0.459734