0 0.362209 0.377721 0.335316 0.444600
0 0.363548 0.381918 0.329442 0.437942
0 0.364155 0.383960 0.342737 0.460369
0 0.361899 0.390129 0.338789 0.447753
0 0.360910 0.388608 0.335339 0.453651
0 0.364985 0.391450 0.341063 0.442733
0 0.362659 0.380775 0.338999 0.451199
0 0.367837 0.384819 0.338135 0.448727
0 0.367180 0.388588 0.342391 0.437768
0 0.367469 0.383896 0.341988 0.427629
0 0.368571 0.387725 0.342245 0.422644
0 0.365626 0.384003 0.329024 0.425663
0 0.365240 0.386905 0.343113 0.445584
0 0.365891 0.389928 0.334767 0.450628
0 0.372098 0.386044 0.337014 0.433927
0 0.365393 0.385250 0.343392 0.433454
0 0.360471 0.384799 0.341573 0.425090
0 0.366460 0.383763 0.335135 0.428054
0 0.369573 0.386504 0.362478 0.432235
0 0.362026 0.386578 0.336715 0.451821
0 0.370488 0.383525 0.336809 0.439328
0 0.367731 0.383957 0.342865 0.432652
0 0.363428 0.388391 0.342806 0.424725
0 0.368210 0.388133 0.342738 0.425126
0 0.364722 0.387563 0.340346 0.427185
0 0.362488 0.387819 0.338449 0.430477
0 0.362987 0.388740 0.337057 0.427604
0 0.364061 0.388887 0.331922 0.425307
0 0.364175 0.387238 0.332085 0.429913
0 0.368443 0.389737 0.341429 0.429461
0 0.365528 0.395953 0.338403 0.434906
0 0.366711 0.394449 0.336824 0.421038
0 0.366250 0.393972 0.341142 0.421081