0 0.542970 0.203098 0.127756 0.180624
0 0.544882 0.201212 0.125769 0.181691
0 0.543023 0.202429 0.126208 0.181092
0 0.545219 0.200559 0.125006 0.179590
0 0.543495 0.201529 0.127383 0.177863
0 0.543355 0.200203 0.127499 0.177756
0 0.544354 0.200575 0.124644 0.183598
0 0.542022 0.202235 0.126311 0.183440
0 0.544956 0.201013 0.125065 0.178203
0 0.544714 0.200851 0.125855 0.181114
0 0.544697 0.200848 0.126785 0.177116
0 0.543898 0.201703 0.127495 0.178700
0 0.543281 0.201273 0.126223 0.177047
0 0.544349 0.199167 0.127288 0.187058
0 0.543466 0.201345 0.126093 0.185791
0 0.543538 0.201526 0.125870 0.183693
0 0.544482 0.200982 0.125457 0.180954
0 0.543682 0.201942 0.123905 0.181476
0 0.545244 0.200670 0.127706 0.178405
0 0.544848 0.202006 0.124618 0.175507
0 0.543781 0.200481 0.125097 0.175802
0 0.547527 0.201810 0.127357 0.183069
0 0.544716 0.201724 0.125419 0.181911
0 0.545024 0.201508 0.125791 0.181905
0 0.544797 0.202491 0.124259 0.179783
0 0.545793 0.201444 0.126538 0.181328
0 0.544937 0.203355 0.123151 0.177894
0 0.543711 0.201256 0.125561 0.178737