0 0.472551 0.425110 0.371082 0.532463
0 0.471807 0.438659 0.375973 0.532438
0 0.468919 0.440149 0.378987 0.526752
0 0.472579 0.435887 0.373655 0.514068
0 0.474789 0.418312 0.374427 0.499564
0 0.472906 0.426348 0.379354 0.497612
0 0.469359 0.424925 0.379940 0.496661
0 0.467052 0.426642 0.373396 0.495097
0 0.472278 0.419648 0.364134 0.490247
0 0.466302 0.423717 0.362806 0.501162
0 0.475105 0.426181 0.377487 0.508126
0 0.473855 0.430593 0.381449 0.500240
0 0.470163 0.427084 0.384587 0.484720
0 0.469005 0.426683 0.378802 0.480644
0 0.469154 0.427209 0.365482 0.474536
0 0.464757 0.425927 0.363744 0.488180
0 0.473879 0.419287 0.370288 0.490510
0 0.475081 0.425306 0.376470 0.485951
0 0.470884 0.424656 0.375787 0.485946
0 0.465330 0.424816 0.380074 0.482958
0 0.468183 0.423684 0.369553 0.481080
0 0.474742 0.424121 0.386881 0.474455
0 0.462882 0.415823 0.364643 0.497439
0 0.472190 0.419006 0.378316 0.499273
0 0.475749 0.421207 0.388974 0.492794
0 0.470668 0.420976 0.380517 0.476592
0 0.467583 0.418189 0.377525 0.480308
0 0.471369 0.417001 0.374885 0.478054
0 0.478164 0.425496 0.394352 0.469422
0 0.468044 0.419463 0.372672 0.496529
0 0.471869 0.416739 0.379614 0.485936
0 0.470550 0.419368 0.378321 0.491388
0 0.469574 0.419308 0.370577 0.482167
0 0.473277 0.422504 0.370805 0.483248
0 0.468152 0.417627 0.379572 0.503999
0 0.465110 0.418250 0.375658 0.505852
0 0.468625 0.425316 0.374832 0.489543