0 0.534233 0.185980 0.147962 0.215685
0 0.535480 0.186112 0.146924 0.213861
0 0.535941 0.187836 0.147738 0.216148
0 0.535881 0.190647 0.143603 0.211102
0 0.534732 0.191575 0.143982 0.212771
0 0.534659 0.191795 0.140928 0.214804
0 0.536093 0.187970 0.145349 0.223431
0 0.536102 0.191375 0.147803 0.214865
0 0.535148 0.190003 0.141817 0.209507
0 0.534310 0.190659 0.142098 0.213116
0 0.534726 0.190060 0.141192 0.209255
0 0.535177 0.190811 0.143776 0.214885
0 0.535102 0.192681 0.152496 0.219456
0 0.536781 0.191094 0.146557 0.213320
0 0.536074 0.191071 0.143712 0.210907
0 0.534935 0.190287 0.143772 0.214529
0 0.534117 0.190437 0.145611 0.213694
0 0.534900 0.191037 0.141803 0.214103
0 0.537149 0.191615 0.147296 0.221573
0 0.534371 0.193569 0.152602 0.215470
0 0.535919 0.192064 0.145158 0.211388
0 0.534575 0.191277 0.144566 0.212412
0 0.534231 0.189802 0.142213 0.212516
0 0.534199 0.189824 0.143724 0.210638
0 0.534989 0.190074 0.140562 0.211897
0 0.535195 0.191775 0.145638 0.213858
0 0.535715 0.190729 0.145137 0.217212
0 0.535076 0.191208 0.143436 0.213728
0 0.534455 0.191587 0.144096 0.212972
0 0.536302 0.193157 0.143614 0.213973
0 0.535862 0.194609 0.145449 0.215254
0 0.536094 0.192420 0.146169 0.215900
0 0.535803 0.190564 0.147481 0.213719