0 0.605315 0.357919 0.203321 0.337210
0 0.605895 0.360128 0.203238 0.328191
0 0.609598 0.356709 0.206872 0.330775
0 0.601811 0.362605 0.201125 0.335077
0 0.605380 0.363939 0.204284 0.335207
0 0.606001 0.363004 0.207019 0.330358
0 0.606260 0.363131 0.205005 0.327963
0 0.602632 0.361685 0.200211 0.325944
0 0.604880 0.362315 0.203237 0.329365
0 0.604207 0.360882 0.202339 0.325007
0 0.604476 0.360387 0.203902 0.324061
0 0.607192 0.362509 0.205185 0.315883
0 0.602155 0.357720 0.197167 0.323254
0 0.606115 0.357860 0.200244 0.330365
0 0.604604 0.357638 0.200656 0.324254
0 0.604498 0.357465 0.201705 0.321829
0 0.605316 0.360488 0.202209 0.311943
0 0.602702 0.357797 0.196456 0.319014
0 0.605962 0.357213 0.198322 0.325221
0 0.605508 0.356790 0.197068 0.319736
0 0.604478 0.355564 0.196965 0.314988
0 0.606946 0.358136 0.198356 0.307789
0 0.603316 0.355996 0.198406 0.314243
0 0.605720 0.355432 0.196024 0.314907
0 0.605825 0.356023 0.194391 0.311038
0 0.603937 0.354622 0.193549 0.309130
0 0.607341 0.355985 0.196671 0.302948
0 0.601917 0.355657 0.198770 0.312839
0 0.604366 0.356015 0.196148 0.323206
0 0.605224 0.356929 0.193925 0.320409
0 0.604750 0.354891 0.190875 0.317796
0 0.608705 0.356269 0.195154 0.310484
0 0.599445 0.361962 0.195101 0.312990
0 0.605264 0.355902 0.195945 0.320679
0 0.604966 0.354668 0.194691 0.321524
0 0.605221 0.356498 0.193125 0.324320
0 0.602433 0.356411 0.197343 0.335163
0 0.604520 0.352783 0.197555 0.335786
0 0.602378 0.358609 0.205408 0.327225
0 0.607415 0.355594 0.201821 0.330071
0 0.608007 0.355912 0.198714 0.316215
0 0.605884 0.356027 0.200323 0.318261
0 0.601627 0.358191 0.206223 0.325909
0 0.601168 0.359256 0.207125 0.321391
0 0.607518 0.356413 0.207577 0.318806
0 0.608314 0.354387 0.202222 0.318254
0 0.602093 0.357138 0.203558 0.330045
0 0.607852 0.360282 0.209322 0.323942
0 0.609010 0.362451 0.212499 0.319344
0 0.611353 0.354893 0.205218 0.323044