0 0.472953 0.267626 0.261544 0.376397
0 0.475393 0.268820 0.264828 0.377659
0 0.473938 0.271642 0.261998 0.374427
0 0.475993 0.270108 0.262753 0.377561
0 0.474314 0.271221 0.265021 0.367119
0 0.475527 0.270602 0.268679 0.373154
0 0.473232 0.271422 0.264985 0.367428
0 0.474066 0.273623 0.262905 0.369283
0 0.475223 0.273100 0.264593 0.368767
0 0.473976 0.270452 0.267666 0.376779
0 0.473812 0.268890 0.267567 0.369981
0 0.473027 0.272232 0.267382 0.364655
0 0.474594 0.269399 0.260881 0.366728
0 0.474327 0.267544 0.265440 0.375371
0 0.473805 0.268390 0.265014 0.377826
0 0.472085 0.270665 0.265343 0.368973
0 0.474341 0.268527 0.261948 0.365314
0 0.474026 0.267651 0.262737 0.371285
0 0.472941 0.268748 0.261012 0.377471
0 0.472309 0.270958 0.268354 0.372789
0 0.473806 0.268798 0.259246 0.365040
0 0.473447 0.269703 0.259856 0.363403
0 0.472965 0.268766 0.258900 0.368303
0 0.472605 0.269023 0.264774 0.364886
0 0.473025 0.268930 0.259348 0.362408
0 0.472111 0.267814 0.257890 0.361452
0 0.472279 0.267614 0.257193 0.367574
0 0.474456 0.268607 0.262319 0.365688
0 0.469809 0.272064 0.256942 0.360707
0 0.472465 0.269569 0.254494 0.362884
0 0.472770 0.267143 0.254913 0.363468
0 0.477873 0.263743 0.265618 0.382559
0 0.482159 0.273941 0.265628 0.366507
0 0.477674 0.273483 0.262149 0.367429
0 0.475761 0.270539 0.263802 0.367499
0 0.481151 0.266404 0.261389 0.375493
0 0.479653 0.270653 0.264987 0.371779
0 0.479126 0.271823 0.261326 0.361648
0 0.480089 0.273459 0.260293 0.359461
0 0.474350 0.269379 0.261630 0.361453
0 0.476080 0.271119 0.260116 0.363967
0 0.476857 0.267476 0.267964 0.371826
0 0.474338 0.268411 0.260163 0.365337
0 0.477630 0.268862 0.259854 0.365868
0 0.476728 0.268962 0.263745 0.366608
0 0.477925 0.268537 0.260795 0.367343
0 0.474171 0.269380 0.262102 0.367036
0 0.473115 0.265684 0.262030 0.369552
0 0.471688 0.268542 0.266729 0.370413
0 0.477333 0.267192 0.265638 0.363884
0 0.476145 0.267373 0.260580 0.366108
0 0.473932 0.269005 0.262510 0.362056
0 0.476736 0.270200 0.255056 0.369634
0 0.475432 0.269380 0.260060 0.366546