0 0.480103 0.437714 0.465938 0.719226
0 0.474892 0.443064 0.472746 0.697120
0 0.466332 0.430501 0.458167 0.689119
0 0.484453 0.439575 0.471481 0.693748
0 0.478482 0.437454 0.466220 0.689040
0 0.487007 0.445380 0.476645 0.702508
0 0.480707 0.435358 0.467375 0.674253
0 0.489511 0.439687 0.478937 0.691657
0 0.477885 0.437227 0.457485 0.674042
0 0.485078 0.444895 0.481175 0.699140
0 0.484002 0.429294 0.461297 0.675789
0 0.485777 0.443231 0.474977 0.700382
0 0.475537 0.442844 0.481095 0.683900
0 0.464500 0.434182 0.468359 0.676637
0 0.472478 0.432706 0.460904 0.639670
0 0.473722 0.418515 0.462508 0.631751
0 0.485667 0.423184 0.456495 0.625786
0 0.476210 0.418646 0.470485 0.628954
0 0.477899 0.430203 0.463056 0.633124
0 0.478064 0.417669 0.469792 0.617658
0 0.482069 0.426045 0.467587 0.634461
0 0.468371 0.420451 0.457353 0.611490
0 0.470618 0.424184 0.464459 0.633246
0 0.478207 0.421724 0.457362 0.612057
0 0.477000 0.423435 0.468362 0.642008
0 0.472656 0.427357 0.472450 0.651717
0 0.456613 0.433005 0.511479 0.672384
0 0.463512 0.421084 0.477082 0.697553
0 0.466156 0.433226 0.471031 0.659854
0 0.472310 0.429282 0.467559 0.644527
0 0.472721 0.417104 0.470819 0.622381
0 0.482738 0.421027 0.477091 0.631782
0 0.473265 0.416593 0.471194 0.628230
0 0.475280 0.422542 0.472536 0.645101
0 0.470725 0.416430 0.473741 0.627478
0 0.474365 0.424914 0.467703 0.639552
0 0.469963 0.413930 0.461689 0.624505
0 0.474088 0.415136 0.463024 0.633388
0 0.476783 0.421219 0.457736 0.617175
0 0.475063 0.414866 0.470195 0.632162
0 0.467936 0.423961 0.469051 0.628189
0 0.451650 0.436623 0.525937 0.665864
0 0.463980 0.425522 0.485852 0.706679
0 0.468604 0.429519 0.483713 0.668340
0 0.468862 0.428052 0.470968 0.647907
0 0.473368 0.419385 0.471809 0.640354
0 0.482475 0.423560 0.475703 0.648616
0 0.475334 0.411553 0.476434 0.661781
0 0.476942 0.416056 0.474077 0.669783
0 0.469748 0.408936 0.468014 0.642547
0 0.469807 0.411571 0.463854 0.652665
0 0.470529 0.408712 0.461910 0.651423
0 0.473219 0.409973 0.456574 0.652025
0 0.473252 0.416216 0.456307 0.624959
0 0.471487 0.408614 0.458855 0.635968
0 0.461763 0.418003 0.460646 0.622860
0 0.448641 0.432284 0.526653 0.654846
0 0.465879 0.424191 0.483037 0.684407
0 0.468280 0.423081 0.494472 0.666897
0 0.453308 0.417375 0.453838 0.610506
0 0.466715 0.409730 0.469977 0.629324
0 0.469835 0.415183 0.467657 0.619169
0 0.477675 0.413002 0.481587 0.636031
0 0.473647 0.415561 0.478716 0.632857
0 0.475469 0.417320 0.483825 0.640758
0 0.468126 0.408700 0.474674 0.612541
0 0.467225 0.406432 0.475328 0.618205
0 0.472148 0.411975 0.468094 0.613851
0 0.473267 0.412047 0.462800 0.613753
0 0.470826 0.417860 0.461792 0.608258
0 0.470503 0.411702 0.451317 0.613948
0 0.461109 0.419060 0.463861 0.609006
0 0.450169 0.432092 0.517166 0.651905
0 0.465600 0.424360 0.477886 0.665676
0 0.457460 0.418804 0.462176 0.640676
0 0.468678 0.418086 0.451376 0.623388
0 0.477636 0.416919 0.470586 0.641717
0 0.472731 0.416938 0.472059 0.628869
0 0.475085 0.414783 0.488584 0.648237
0 0.468342 0.412945 0.471781 0.612649
0 0.467882 0.409502 0.480527 0.619749
0 0.469042 0.416954 0.462884 0.620355
0 0.470348 0.417891 0.464879 0.623485
0 0.472404 0.421538 0.476413 0.612668
0 0.466091 0.414877 0.459894 0.618159
0 0.464715 0.424559 0.466998 0.617415
0 0.463665 0.435569 0.523317 0.650263
0 0.463700 0.431196 0.471184 0.642077
0 0.460897 0.426666 0.451331 0.611611
0 0.473202 0.423703 0.485485 0.645685
0 0.469933 0.415738 0.480904 0.625384
0 0.478141 0.417095 0.504042 0.640798
0 0.469668 0.410620 0.477780 0.632658
0 0.472847 0.408901 0.483572 0.629400
0 0.470628 0.416097 0.471745 0.625453
0 0.472669 0.414196 0.474847 0.618742
0 0.466199 0.420935 0.470640 0.605673
0 0.472894 0.430182 0.491632 0.610500