0 0.493281 0.368058 0.327685 0.454996
0 0.491614 0.374991 0.328241 0.453261
0 0.491811 0.374022 0.325547 0.454446
0 0.490541 0.362878 0.335252 0.452108
0 0.491793 0.369306 0.331543 0.439773
0 0.493707 0.370499 0.327777 0.447336
0 0.493194 0.367672 0.330302 0.445653
0 0.492564 0.368531 0.332546 0.450335
0 0.495441 0.363283 0.333029 0.438560
0 0.495987 0.364720 0.327207 0.441060
0 0.495515 0.366356 0.320185 0.440674
0 0.492932 0.365168 0.327369 0.439016
0 0.490254 0.363642 0.328731 0.439076
0 0.495229 0.364176 0.324813 0.452449
0 0.493322 0.361271 0.331561 0.431346
0 0.493409 0.362040 0.328181 0.434482
0 0.494701 0.364867 0.323586 0.440080
0 0.491231 0.367315 0.330832 0.439075
0 0.494486 0.364586 0.323729 0.439994
0 0.494890 0.363856 0.330489 0.450360
0 0.490950 0.361525 0.327010 0.435099
0 0.492027 0.362457 0.330896 0.439520
0 0.496082 0.363964 0.330090 0.443166
0 0.496539 0.362733 0.333402 0.435168
0 0.496604 0.363051 0.339069 0.442292
0 0.496401 0.362301 0.333593 0.452410
0 0.494331 0.367601 0.329764 0.433376
0 0.495577 0.360320 0.329732 0.434822
0 0.497122 0.360935 0.328453 0.445090
0 0.493681 0.360637 0.332474 0.458027
0 0.498052 0.357298 0.339420 0.454875
0 0.496185 0.357174 0.329388 0.463622