0 0.546307 0.444085 0.364419 0.450245
0 0.551940 0.442341 0.361482 0.457375
0 0.552391 0.436794 0.360102 0.451540
0 0.552887 0.440886 0.361043 0.454666
0 0.556108 0.441625 0.362266 0.455209
0 0.554920 0.437571 0.365350 0.452303
0 0.553505 0.430526 0.358915 0.441470
0 0.560561 0.428674 0.359941 0.431872
0 0.558521 0.429903 0.357096 0.436607
0 0.555410 0.429007 0.360951 0.435291
0 0.554943 0.430739 0.359171 0.437550
0 0.555683 0.429247 0.360798 0.440314
0 0.553440 0.427702 0.354751 0.436717
0 0.558771 0.427988 0.366217 0.438603
0 0.555031 0.433366 0.357810 0.442415
0 0.553490 0.430436 0.364396 0.442867
0 0.553649 0.431764 0.354677 0.438794
0 0.554569 0.431916 0.360520 0.445809
0 0.562673 0.432087 0.349629 0.454793
0 0.550340 0.428834 0.351754 0.437009
0 0.556549 0.427060 0.368302 0.435360
0 0.555039 0.429213 0.359568 0.435193
0 0.555690 0.433300 0.359895 0.440900
0 0.558375 0.429262 0.363201 0.444729
0 0.557774 0.429188 0.358115 0.446472
0 0.556676 0.430545 0.363148 0.443104
0 0.555666 0.427855 0.359138 0.453538
0 0.558270 0.425825 0.355257 0.444360
0 0.557216 0.427765 0.361192 0.455108
0 0.558024 0.431886 0.356754 0.466027
0 0.560391 0.428196 0.356484 0.445202
0 0.557918 0.427340 0.355062 0.447623
0 0.558578 0.428941 0.356688 0.454078