0 0.441306 0.217591 0.122221 0.171699
0 0.439155 0.218731 0.121866 0.161235
0 0.440235 0.220378 0.122036 0.161825
0 0.441007 0.220266 0.119550 0.161313
0 0.439490 0.220230 0.120420 0.163318
0 0.441628 0.220483 0.120772 0.159685
0 0.440693 0.221161 0.121043 0.160881
0 0.441350 0.221710 0.119762 0.164338
0 0.441764 0.221439 0.119246 0.164828
0 0.440235 0.221714 0.120175 0.158912
0 0.440249 0.221774 0.120123 0.161989
0 0.441077 0.219889 0.121565 0.163743
0 0.440148 0.220570 0.118928 0.162097
0 0.442322 0.221032 0.121208 0.160960
0 0.442414 0.221220 0.119253 0.159995
0 0.440532 0.221273 0.120563 0.164034
0 0.442594 0.221676 0.118683 0.166423
0 0.441442 0.221460 0.119777 0.160200
0 0.441019 0.221258 0.119692 0.163156
0 0.441708 0.220657 0.122696 0.165356
0 0.441378 0.222478 0.119821 0.160950
0 0.442587 0.221052 0.121697 0.161729
0 0.442470 0.222629 0.118791 0.158982
0 0.441151 0.221596 0.118198 0.160626
0 0.441919 0.221075 0.119976 0.162436
0 0.442408 0.219817 0.119019 0.164661
0 0.441330 0.221339 0.119418 0.161299
0 0.442694 0.221897 0.119439 0.161711
0 0.440799 0.222242 0.119386 0.160846
0 0.442665 0.224907 0.118198 0.161448