0 0.510363 0.326680 0.388122 0.527823
0 0.502191 0.336019 0.389354 0.553156
0 0.498560 0.342557 0.386855 0.544716
0 0.501452 0.337609 0.397738 0.528884
0 0.507334 0.328123 0.398157 0.523318
0 0.495013 0.337728 0.386359 0.556319
0 0.505928 0.340520 0.397323 0.549252
0 0.502105 0.344838 0.398484 0.550786
0 0.500710 0.345925 0.410858 0.538925
0 0.504838 0.339988 0.407685 0.533535
0 0.505989 0.329772 0.401464 0.526055
0 0.501425 0.340643 0.390821 0.546479
0 0.504438 0.340273 0.397586 0.544102
0 0.504447 0.342979 0.396842 0.551464
0 0.501144 0.340549 0.402887 0.541671
0 0.504951 0.340884 0.406591 0.539638
0 0.504189 0.337758 0.400176 0.527648
0 0.498901 0.347013 0.388471 0.544290
0 0.502096 0.341954 0.397238 0.544820
0 0.501030 0.342375 0.397482 0.543748
0 0.500074 0.343285 0.402678 0.545300
0 0.498850 0.342784 0.402107 0.545146
0 0.497804 0.340871 0.393082 0.532720
0 0.501542 0.341913 0.389352 0.546770
0 0.503835 0.337385 0.396835 0.539518
0 0.503332 0.340139 0.399293 0.551671
0 0.506081 0.350512 0.408172 0.558196
0 0.499199 0.344259 0.403612 0.542819
0 0.502941 0.343773 0.400605 0.541781
0 0.502531 0.339461 0.386768 0.547221
0 0.497727 0.340731 0.393928 0.549375
0 0.502676 0.341192 0.401052 0.540169
0 0.506838 0.339082 0.394961 0.552965
0 0.503819 0.340548 0.401316 0.550975
0 0.504679 0.340201 0.406305 0.560062
0 0.504664 0.336658 0.394402 0.556164
0 0.501333 0.333740 0.388959 0.548980
0 0.507639 0.333133 0.391896 0.556485
0 0.504385 0.332341 0.390666 0.569165
0 0.504316 0.334859 0.400536 0.571623
0 0.508725 0.347491 0.388362 0.535314
0 0.503615 0.347432 0.387174 0.534960