0 0.535997 0.331485 0.345915 0.483979
0 0.538719 0.344829 0.354857 0.484348
0 0.542337 0.344415 0.346933 0.481864
0 0.533187 0.336974 0.356036 0.500337
0 0.541962 0.347793 0.360636 0.490421
0 0.542737 0.351881 0.358238 0.494933
0 0.543907 0.352784 0.358232 0.488457
0 0.543190 0.344573 0.364524 0.493886
0 0.541817 0.339943 0.357490 0.485892
0 0.545329 0.340744 0.360339 0.472011
0 0.544814 0.344543 0.362018 0.483659
0 0.540484 0.342140 0.361076 0.474129
0 0.541824 0.338978 0.358357 0.473376
0 0.542583 0.335329 0.350024 0.484107
0 0.545545 0.339424 0.359983 0.477662
0 0.547035 0.341403 0.360244 0.473740
0 0.545433 0.341634 0.354120 0.483945
0 0.546147 0.342688 0.361368 0.480658
0 0.541339 0.342859 0.355046 0.470817
0 0.541204 0.342040 0.353990 0.480749
0 0.540629 0.338805 0.357951 0.476767
0 0.545059 0.337941 0.363246 0.468946
0 0.546025 0.342913 0.359981 0.480830
0 0.542135 0.346632 0.365889 0.471634
0 0.545220 0.342636 0.363937 0.473730
0 0.544652 0.344655 0.354549 0.489387
0 0.540957 0.344382 0.360613 0.471014
0 0.544169 0.343192 0.366422 0.481579
0 0.547890 0.339107 0.361272 0.490879
0 0.546895 0.342496 0.368948 0.483108
0 0.543631 0.341559 0.366117 0.493233
0 0.547800 0.346301 0.352296 0.489367
0 0.546578 0.340109 0.356219 0.471499
0 0.546514 0.338070 0.363117 0.480399
0 0.545409 0.339933 0.362481 0.489971
0 0.542428 0.344297 0.359590 0.497461
0 0.550667 0.350653 0.363633 0.472470
0 0.545114 0.356037 0.355516 0.477654