0 0.479604 0.390559 0.355490 0.486341
0 0.478385 0.398105 0.360301 0.491129
0 0.481212 0.392554 0.362002 0.484159
0 0.481303 0.387899 0.368338 0.476962
0 0.480955 0.397178 0.362445 0.471246
0 0.479192 0.396218 0.372235 0.474937
0 0.476564 0.395048 0.372389 0.474801
0 0.482495 0.391870 0.360877 0.477536
0 0.484622 0.390682 0.369441 0.480833
0 0.482534 0.397809 0.369424 0.476958
0 0.480457 0.395282 0.372586 0.474071
0 0.479726 0.396518 0.371106 0.470863
0 0.482012 0.398865 0.371616 0.470332
0 0.486236 0.395362 0.366514 0.476453
0 0.479217 0.396762 0.366497 0.470275
0 0.484334 0.395181 0.377325 0.485041
0 0.482165 0.395657 0.365374 0.484391
0 0.481767 0.394410 0.371546 0.477448
0 0.482825 0.397765 0.373331 0.475408
0 0.479934 0.396306 0.369518 0.473666
0 0.481714 0.398439 0.365623 0.475024
0 0.477572 0.397559 0.375372 0.483366
0 0.483710 0.390838 0.380335 0.485084
0 0.485149 0.393818 0.366392 0.479326
0 0.480029 0.399210 0.370238 0.471369
0 0.480860 0.398057 0.374645 0.471314
0 0.481839 0.393367 0.378654 0.473156
0 0.482418 0.394924 0.372586 0.476071
0 0.481167 0.392384 0.379064 0.490701
0 0.484379 0.391061 0.377112 0.498293
0 0.480728 0.391040 0.375599 0.483273
0 0.481571 0.395737 0.386375 0.492488
0 0.482921 0.393427 0.386857 0.488983
0 0.490032 0.400739 0.375756 0.482202
0 0.483699 0.392884 0.372306 0.489059
0 0.481322 0.391750 0.381932 0.494645
0 0.479377 0.392171 0.384325 0.503098
0 0.485332 0.394032 0.380889 0.503669
0 0.485104 0.394698 0.374273 0.509760
0 0.484561 0.404245 0.379707 0.512247