0 0.508954 0.375715 0.312551 0.422870
0 0.511401 0.374966 0.311062 0.414178
0 0.507983 0.380378 0.316893 0.416625
0 0.509704 0.383927 0.317698 0.416966
0 0.511536 0.387068 0.320081 0.424484
0 0.513860 0.383779 0.323933 0.424565
0 0.506323 0.375864 0.314748 0.425232
0 0.507242 0.381494 0.310820 0.416558
0 0.510367 0.382694 0.313511 0.410039
0 0.510052 0.384816 0.318061 0.416382
0 0.511607 0.378172 0.310872 0.409838
0 0.510563 0.378164 0.315599 0.412765
0 0.508003 0.380661 0.313946 0.414160
0 0.508323 0.381335 0.317503 0.423200
0 0.509480 0.382830 0.311778 0.416761
0 0.510711 0.384473 0.318051 0.416270
0 0.506169 0.383445 0.312299 0.419120
0 0.508248 0.380095 0.320944 0.415252
0 0.503815 0.382820 0.311098 0.410784
0 0.507879 0.381602 0.315545 0.418051
0 0.510518 0.382545 0.314602 0.427707
0 0.508348 0.382452 0.314415 0.417834
0 0.512262 0.383883 0.317177 0.426810
0 0.509023 0.380314 0.317587 0.426446
0 0.506200 0.387851 0.307065 0.419651
0 0.506985 0.386928 0.310808 0.424191
0 0.507566 0.383516 0.307601 0.419211
0 0.508897 0.386013 0.310102 0.430216
0 0.511829 0.385517 0.316906 0.433930
0 0.510054 0.389654 0.304762 0.416487
0 0.512153 0.386624 0.306442 0.419707
0 0.513486 0.390224 0.309325 0.414631