0 0.425656 0.498779 0.386247 0.586537
0 0.428344 0.501791 0.389242 0.582101
0 0.431984 0.498468 0.382987 0.575847
0 0.427089 0.510316 0.403061 0.619770
0 0.424949 0.518583 0.400428 0.625051
0 0.423931 0.520093 0.399937 0.612609
0 0.428900 0.512962 0.386803 0.588931
0 0.435638 0.505998 0.391994 0.585406
0 0.433679 0.511440 0.408344 0.593895
0 0.431908 0.503993 0.408945 0.591306
0 0.441186 0.504783 0.407179 0.579130
0 0.429938 0.510576 0.400143 0.597225
0 0.429712 0.507973 0.402793 0.597264
0 0.425506 0.511356 0.399360 0.587554
0 0.425951 0.507802 0.392723 0.596600
0 0.430995 0.509162 0.395253 0.584825
0 0.434232 0.507924 0.403387 0.600775
0 0.431123 0.516109 0.412979 0.593658
0 0.429154 0.504773 0.399527 0.580868
0 0.436197 0.507483 0.406315 0.581882
0 0.430583 0.503908 0.390673 0.583891
0 0.428783 0.509068 0.398010 0.593350
0 0.427334 0.505092 0.396343 0.580664
0 0.428745 0.498767 0.391071 0.583932
0 0.429899 0.500288 0.388000 0.588853
0 0.433026 0.494480 0.395468 0.600794
0 0.427890 0.504679 0.404192 0.587882
0 0.435954 0.505126 0.423369 0.600091
0 0.427727 0.502069 0.402939 0.565171
0 0.436436 0.502551 0.422656 0.584108
0 0.431010 0.501872 0.396715 0.575071
0 0.433200 0.506386 0.413335 0.591519
0 0.428278 0.501065 0.393438 0.561710
0 0.427976 0.500894 0.394912 0.569207
0 0.428666 0.498841 0.396194 0.577276
0 0.434099 0.496285 0.395341 0.577981
0 0.436564 0.508748 0.414912 0.567727
0 0.432068 0.501411 0.406662 0.578218
0 0.436087 0.498355 0.423567 0.598661
0 0.426394 0.501798 0.403101 0.568090
0 0.437351 0.500183 0.425158 0.591363
0 0.431986 0.503495 0.403442 0.572931
0 0.435012 0.503059 0.426874 0.600235
0 0.430208 0.499251 0.394512 0.554068
0 0.428027 0.502955 0.412322 0.578645
0 0.431758 0.499026 0.395893 0.575372
0 0.433678 0.502872 0.398679 0.579390
0 0.432539 0.495830 0.404427 0.584986
0 0.434579 0.497122 0.400486 0.581015
0 0.431114 0.498850 0.407106 0.585446
0 0.423119 0.510380 0.442474 0.588117
0 0.441042 0.490461 0.427897 0.632267
0 0.424468 0.500279 0.390730 0.582795
0 0.431180 0.488537 0.410418 0.607834
0 0.434753 0.492280 0.432969 0.617798
0 0.430206 0.485781 0.403221 0.598267
0 0.431038 0.487186 0.399079 0.605432
0 0.433597 0.494540 0.394872 0.600989
0 0.426781 0.501629 0.415998 0.591724
0 0.428864 0.498499 0.416598 0.600166
0 0.433837 0.485131 0.409673 0.616653
0 0.433157 0.493792 0.401215 0.627525