0 0.442441 0.311492 0.283892 0.381724
0 0.442743 0.312294 0.284293 0.383348
0 0.444765 0.311203 0.284368 0.372127
0 0.444000 0.312938 0.290255 0.379053
0 0.443904 0.310889 0.283936 0.377682
0 0.444652 0.311106 0.286014 0.374809
0 0.444285 0.311994 0.287353 0.379643
0 0.448661 0.304375 0.302917 0.414725
0 0.447226 0.312441 0.301226 0.399357
0 0.448496 0.315181 0.300066 0.401849
0 0.449801 0.315069 0.308851 0.392826
0 0.446194 0.311705 0.308097 0.397886
0 0.446384 0.313429 0.305174 0.392407
0 0.450180 0.314262 0.302003 0.396010
0 0.448056 0.312320 0.300764 0.392742
0 0.448996 0.314573 0.308839 0.394932
0 0.446232 0.316844 0.306032 0.394637
0 0.444663 0.315636 0.300932 0.392972
0 0.447487 0.312738 0.302695 0.395172
0 0.447111 0.312671 0.299832 0.397507
0 0.449110 0.316707 0.298929 0.389359
0 0.445970 0.312643 0.309139 0.393910
0 0.445526 0.315165 0.300403 0.394306
0 0.444774 0.311555 0.301569 0.394802
0 0.444643 0.312128 0.304969 0.398670
0 0.446889 0.308164 0.296674 0.394015
0 0.449420 0.316648 0.297485 0.386415
0 0.444293 0.314554 0.305063 0.391071
0 0.445041 0.313335 0.303557 0.392008
0 0.443966 0.313150 0.304618 0.395222
0 0.446638 0.313091 0.305814 0.394077
0 0.448023 0.315927 0.292834 0.390461
0 0.446765 0.317896 0.305385 0.383426
0 0.448003 0.316882 0.293412 0.381618
0 0.448198 0.317107 0.294929 0.388433
0 0.446841 0.316273 0.301778 0.390481