0 0.523535 0.328880 0.297980 0.435109
0 0.526983 0.320706 0.294424 0.440959
0 0.518594 0.329700 0.301907 0.449203
0 0.525748 0.333565 0.299737 0.436525
0 0.526566 0.330532 0.293509 0.427673
0 0.525429 0.325110 0.294136 0.434565
0 0.528431 0.319550 0.289147 0.433596
0 0.522139 0.329478 0.301786 0.424656
0 0.525001 0.326902 0.297083 0.423068
0 0.527223 0.324682 0.294864 0.418837
0 0.524279 0.324599 0.298938 0.420385
0 0.526469 0.320034 0.297631 0.423690
0 0.527226 0.328315 0.320526 0.416283
0 0.520056 0.325025 0.295691 0.419056
0 0.525253 0.324929 0.295693 0.417538
0 0.522732 0.324337 0.296151 0.426257
0 0.518945 0.322330 0.295455 0.424240
0 0.522852 0.324790 0.297085 0.420256
0 0.533783 0.323044 0.285528 0.429977
0 0.516265 0.326371 0.294083 0.418490
0 0.523858 0.326708 0.295139 0.416959
0 0.518861 0.324625 0.299156 0.424014
0 0.521443 0.321273 0.299178 0.421541
0 0.524009 0.321171 0.308357 0.431116
0 0.516012 0.329996 0.304203 0.426571
0 0.524299 0.320882 0.294664 0.435522
0 0.519312 0.319258 0.303195 0.432239
0 0.521152 0.320757 0.301994 0.426777
0 0.520427 0.322097 0.303072 0.435932
0 0.518574 0.329544 0.299386 0.420066
0 0.520898 0.321853 0.301684 0.436991
0 0.526381 0.324859 0.304949 0.434159