0 0.092961 0.308868 0.186925 0.518642
0 0.092727 0.301154 0.184789 0.501685
0 0.100231 0.318669 0.194237 0.523425
0 0.476149 0.425714 0.317496 0.441210
0 0.473382 0.431597 0.315894 0.433510
0 0.475490 0.431708 0.317472 0.433728
0 0.096891 0.321749 0.188271 0.508161
0 0.476929 0.425517 0.323461 0.431080
0 0.477927 0.433997 0.321335 0.422561
0 0.473625 0.433513 0.318590 0.423642
0 0.475435 0.430490 0.319481 0.416569
0 0.477235 0.427290 0.312449 0.420969
0 0.465553 0.424669 0.307245 0.444070
0 0.478557 0.434009 0.319881 0.433289
0 0.477291 0.435556 0.318353 0.425876
0 0.476225 0.435156 0.319052 0.422837
0 0.474833 0.431838 0.314396 0.419331
0 0.476256 0.433419 0.313074 0.417119
0 0.470197 0.433697 0.317834 0.434481
0 0.476308 0.436066 0.321720 0.433295
0 0.475516 0.435403 0.317978 0.423416
0 0.474499 0.435483 0.320719 0.427294
0 0.471599 0.435914 0.317570 0.420620
0 0.473309 0.435254 0.316101 0.421715
0 0.477945 0.438578 0.312892 0.420019
0 0.465626 0.437800 0.321477 0.435864
0 0.474712 0.429759 0.327539 0.438876
0 0.474725 0.434612 0.321537 0.434786
0 0.470733 0.435279 0.321066 0.425879
0 0.473026 0.436360 0.322693 0.421387
0 0.472695 0.434231 0.315952 0.418977
0 0.478908 0.439397 0.311577 0.419561
0 0.473759 0.433289 0.322601 0.430811
0 0.474056 0.433928 0.320478 0.425633
0 0.472815 0.433977 0.318314 0.426018
0 0.471119 0.434872 0.317495 0.428377
0 0.473532 0.433007 0.318811 0.435026
0 0.474631 0.432368 0.317095 0.432843
0 0.475416 0.432673 0.316663 0.436484
0 0.474489 0.433731 0.319905 0.436618