0 0.643191 0.229626 0.184977 0.235450
0 0.644927 0.232323 0.186425 0.234713
0 0.645597 0.233175 0.182631 0.233582
0 0.647908 0.229912 0.185293 0.239924
0 0.643735 0.226746 0.183837 0.236353
0 0.644969 0.229776 0.188729 0.233691
0 0.645533 0.231516 0.189655 0.236478
0 0.644245 0.230090 0.186279 0.234644
0 0.643277 0.230432 0.184753 0.233534
0 0.646195 0.226185 0.184482 0.238611
0 0.639049 0.227183 0.174638 0.228187
0 0.644874 0.229242 0.185134 0.239140
0 0.643802 0.229855 0.188223 0.233588
0 0.646188 0.231162 0.190005 0.235392
0 0.643278 0.230939 0.184247 0.231571
0 0.644615 0.231409 0.186055 0.235981
0 0.645090 0.231877 0.185134 0.231912
0 0.640023 0.233163 0.179864 0.230949
0 0.644168 0.229102 0.188625 0.238247
0 0.646056 0.229175 0.189519 0.234904
0 0.644618 0.231082 0.191896 0.233764
0 0.643650 0.231649 0.186878 0.232193
0 0.644235 0.231767 0.189244 0.235018
0 0.645778 0.232562 0.186332 0.232651
0 0.644513 0.231199 0.186244 0.238220
0 0.644336 0.230591 0.186823 0.235769
0 0.644149 0.231190 0.186476 0.234113
0 0.644145 0.230711 0.186030 0.231148
0 0.644254 0.231397 0.186211 0.232946
0 0.647346 0.232565 0.186480 0.226381
0 0.641279 0.233567 0.184830 0.229567
0 0.644792 0.229842 0.182016 0.236152
0 0.643959 0.231158 0.185049 0.232527
0 0.644268 0.230429 0.184832 0.230860
0 0.646626 0.232336 0.182816 0.229276
0 0.641940 0.233820 0.182028 0.233094
0 0.644418 0.229811 0.183436 0.234783
0 0.644882 0.232654 0.182311 0.231977