0 0.530530 0.376211 0.318872 0.434497
0 0.533958 0.380353 0.321342 0.428496
0 0.538836 0.377952 0.316198 0.428789
0 0.527178 0.365355 0.324540 0.424456
0 0.532128 0.369018 0.317298 0.407807
0 0.533180 0.368324 0.322888 0.415294
0 0.537839 0.369346 0.309159 0.403437
0 0.536592 0.363195 0.307441 0.416172
0 0.533846 0.368196 0.321175 0.418799
0 0.537102 0.366912 0.317055 0.422496
0 0.539748 0.368703 0.317983 0.426979
0 0.536487 0.368341 0.307645 0.415393
0 0.534019 0.363217 0.307204 0.416870
0 0.537951 0.360624 0.310670 0.424604
0 0.521768 0.377970 0.331702 0.419463
0 0.532993 0.367486 0.318380 0.417765
0 0.535116 0.368966 0.314735 0.427217
0 0.536061 0.371386 0.320171 0.425488
0 0.533345 0.368270 0.308007 0.418080
0 0.536947 0.363635 0.309328 0.424351
0 0.538502 0.362627 0.308060 0.428291
0 0.530955 0.367216 0.314880 0.418165
0 0.532005 0.369476 0.313592 0.427677
0 0.533666 0.368072 0.317862 0.434877
0 0.534303 0.362131 0.311599 0.430554
0 0.537334 0.361281 0.316330 0.430798
0 0.542048 0.361420 0.310080 0.440989
0 0.530186 0.376797 0.326346 0.424720
0 0.531952 0.374253 0.317577 0.424134
0 0.533390 0.368831 0.316971 0.422675
0 0.535405 0.363297 0.311114 0.433402
0 0.535989 0.360030 0.315789 0.433856
0 0.532993 0.366904 0.331737 0.445170
0 0.539736 0.363399 0.323508 0.450446