0 0.546165 0.445195 0.398105 0.609597
0 0.546523 0.455207 0.400995 0.618218
0 0.549850 0.456240 0.408260 0.609436
0 0.554364 0.443354 0.401880 0.606080
0 0.557036 0.461730 0.414103 0.620578
0 0.552497 0.459438 0.407058 0.620319
0 0.550769 0.463202 0.412637 0.625566
0 0.542477 0.456728 0.422802 0.634080
0 0.545680 0.462254 0.414703 0.614109
0 0.551925 0.455258 0.410161 0.605589
0 0.561448 0.451170 0.418584 0.596988
0 0.546090 0.451147 0.408099 0.577654
0 0.547308 0.450917 0.401972 0.588308
0 0.550455 0.451860 0.411306 0.580727
0 0.547002 0.448707 0.406462 0.581880
0 0.549778 0.450407 0.415536 0.573115
0 0.545755 0.448428 0.418969 0.584046
0 0.543080 0.444216 0.422415 0.570316
0 0.543648 0.445788 0.411925 0.575636
0 0.544913 0.443633 0.413347 0.573082
0 0.547935 0.447492 0.411986 0.582870
0 0.552477 0.439246 0.404871 0.563714
0 0.553096 0.437107 0.410320 0.587100
0 0.549252 0.442669 0.412460 0.582232
0 0.558503 0.456012 0.428341 0.588096
0 0.547026 0.453278 0.399461 0.586678
0 0.545335 0.448245 0.391659 0.597872
0 0.551027 0.452471 0.409361 0.581085
0 0.546790 0.449207 0.406284 0.593686
0 0.553082 0.447609 0.411728 0.586178
0 0.550013 0.450002 0.411716 0.596318
0 0.548215 0.448985 0.415222 0.588250
0 0.552176 0.453178 0.408247 0.592058
0 0.551871 0.440907 0.413870 0.588946
0 0.554257 0.439884 0.404771 0.590193
0 0.553833 0.442418 0.407383 0.576695
0 0.553024 0.436849 0.403746 0.586477
0 0.546863 0.438634 0.416487 0.578191
0 0.555199 0.450717 0.424724 0.572647
0 0.543650 0.451033 0.389497 0.568410
0 0.551763 0.448015 0.416765 0.576661
0 0.550474 0.444285 0.412753 0.583967
0 0.552300 0.443344 0.416223 0.589255
0 0.551311 0.447657 0.402366 0.578149
0 0.543806 0.443892 0.409667 0.577982
0 0.543054 0.452482 0.400344 0.562838
0 0.547245 0.435892 0.407012 0.588620
0 0.545341 0.434554 0.402814 0.579583
0 0.551934 0.440767 0.396402 0.576510
0 0.553421 0.432348 0.396582 0.576676
0 0.556299 0.449459 0.423231 0.564496
0 0.543096 0.450801 0.391602 0.564230
0 0.553903 0.448285 0.410569 0.568310
0 0.552306 0.445270 0.417911 0.587575
0 0.553648 0.440833 0.408654 0.577815
0 0.548802 0.444312 0.408217 0.574741
0 0.549878 0.452658 0.408855 0.570923
0 0.550519 0.442487 0.404796 0.574705
0 0.550877 0.437331 0.407317 0.570806
0 0.554992 0.441532 0.401565 0.571695
0 0.556667 0.435416 0.401188 0.579549
0 0.540973 0.471514 0.399519 0.532055
0 0.554532 0.455990 0.408416 0.547349
0 0.553053 0.450117 0.408522 0.550276
0 0.552489 0.449322 0.410908 0.555405
0 0.551718 0.448714 0.413401 0.577515
0 0.552632 0.474142 0.395976 0.517877
0 0.554194 0.457801 0.403297 0.530722
0 0.550762 0.454589 0.400441 0.545105
0 0.557481 0.458179 0.403889 0.544268