0 0.487941 0.251668 0.107758 0.126814
0 0.486596 0.255618 0.110454 0.129369
0 0.487728 0.256869 0.118588 0.141824
0 0.486664 0.255954 0.111894 0.131870
0 0.485933 0.256482 0.116701 0.140894
0 0.488362 0.255690 0.113142 0.132170
0 0.488895 0.256791 0.118528 0.142199
0 0.483095 0.257124 0.116615 0.143854
0 0.486271 0.257282 0.111454 0.132682
0 0.486399 0.258293 0.119731 0.143024
0 0.486486 0.257131 0.111578 0.133138
0 0.486013 0.259048 0.119369 0.142439
0 0.488685 0.256985 0.113274 0.131369
0 0.488742 0.258397 0.119509 0.139807
0 0.488050 0.258298 0.115701 0.142401
0 0.481870 0.261537 0.115917 0.144405
0 0.485212 0.259743 0.110448 0.133177
0 0.485992 0.259257 0.118649 0.138110
0 0.486792 0.258924 0.111152 0.132417
0 0.486233 0.259947 0.121130 0.140822
0 0.489147 0.259101 0.111746 0.135642
0 0.486618 0.260027 0.116757 0.139958