0 0.520669 0.495648 0.410539 0.580822
0 0.522062 0.497422 0.409395 0.570268
0 0.527078 0.491511 0.415976 0.552697
0 0.523292 0.497105 0.422939 0.583543
0 0.529518 0.500851 0.424535 0.579601
0 0.526067 0.501558 0.423174 0.577192
0 0.522424 0.501036 0.423873 0.565605
0 0.524592 0.495186 0.426982 0.552795
0 0.526624 0.492385 0.422419 0.550080
0 0.527007 0.505737 0.411406 0.582271
0 0.525952 0.503913 0.427409 0.586594
0 0.528686 0.502803 0.420361 0.583051
0 0.528805 0.505861 0.431893 0.576701
0 0.524536 0.504114 0.432837 0.579800
0 0.524387 0.502369 0.431897 0.578911
0 0.520626 0.501807 0.426748 0.581653
0 0.523928 0.499511 0.425738 0.573710
0 0.526796 0.503395 0.423212 0.576176
0 0.527418 0.498191 0.431076 0.567076
0 0.528274 0.497454 0.434584 0.576278
0 0.531126 0.496919 0.424991 0.573041
0 0.517195 0.512137 0.420446 0.575357
0 0.523907 0.514429 0.419200 0.592596
0 0.524301 0.511265 0.431177 0.593488
0 0.524027 0.514742 0.426478 0.598708
0 0.527230 0.503778 0.432175 0.593621
0 0.522214 0.508993 0.427989 0.596502
0 0.525391 0.506011 0.433871 0.590467
0 0.526265 0.512585 0.427381 0.590182
0 0.525542 0.505180 0.435315 0.595475
0 0.527228 0.510895 0.428036 0.596445
0 0.524097 0.503629 0.434520 0.580335
0 0.526210 0.502768 0.427763 0.585690
0 0.530625 0.504754 0.424533 0.561014
0 0.527499 0.506949 0.422339 0.576827
0 0.528475 0.509137 0.429089 0.588354
0 0.527119 0.505945 0.426975 0.590640
0 0.523242 0.503839 0.430178 0.583035
0 0.525822 0.506567 0.431624 0.592169
0 0.529240 0.502413 0.432542 0.593685
0 0.530364 0.510015 0.420974 0.588898
0 0.523754 0.501808 0.432753 0.588314
0 0.525017 0.513986 0.421769 0.574840
0 0.524606 0.502138 0.433881 0.590287
0 0.527349 0.508487 0.419111 0.577103
0 0.526179 0.497519 0.430764 0.591431
0 0.531283 0.496205 0.419942 0.582174
0 0.532177 0.503966 0.418920 0.572916
0 0.532523 0.499785 0.412689 0.583757
0 0.531502 0.512057 0.423807 0.584811
0 0.530637 0.505575 0.439526 0.595905
0 0.522321 0.506936 0.427356 0.591464
0 0.525033 0.507684 0.430648 0.600389
0 0.530859 0.503712 0.426269 0.590248
0 0.533484 0.505578 0.429008 0.599665
0 0.527925 0.502450 0.437386 0.604690
0 0.530885 0.510340 0.426961 0.591130
0 0.530676 0.503000 0.435370 0.597260
0 0.531874 0.504064 0.428457 0.591249
0 0.530039 0.503762 0.435228 0.604127
0 0.531148 0.502885 0.420105 0.590994
0 0.531769 0.505311 0.411978 0.598829
0 0.526240 0.517040 0.430128 0.595692
0 0.534052 0.510437 0.449551 0.606679
0 0.518366 0.510384 0.427142 0.596052
0 0.524236 0.512144 0.434725 0.611703
0 0.532437 0.506077 0.429325 0.601084
0 0.534276 0.511842 0.443528 0.625508
0 0.528268 0.503457 0.431708 0.608867
0 0.525769 0.513193 0.432717 0.602189
0 0.527637 0.503847 0.433054 0.614634
0 0.527257 0.507456 0.436601 0.611543
0 0.529937 0.513060 0.428327 0.607116
0 0.531544 0.511465 0.427471 0.612003
0 0.528187 0.514450 0.422331 0.609209
0 0.527715 0.534325 0.449780 0.609069
0 0.530692 0.515469 0.423862 0.600782
0 0.523419 0.508353 0.430581 0.608646
0 0.526868 0.511710 0.434629 0.615060
0 0.525998 0.531874 0.439842 0.598234
0 0.526340 0.536155 0.447707 0.613815
0 0.528142 0.524464 0.415871 0.611493