0 0.496129 0.532930 0.611963 0.861344
0 0.494605 0.531901 0.620901 0.852807
0 0.487298 0.531941 0.601581 0.842673
0 0.482526 0.515975 0.588658 0.835955
0 0.483266 0.524506 0.572276 0.828383
0 0.494685 0.526782 0.586186 0.836227
0 0.494037 0.528856 0.594649 0.841263
0 0.486851 0.532501 0.576048 0.841359
0 0.487947 0.529254 0.575429 0.847691
0 0.486416 0.525855 0.589962 0.852086
0 0.476127 0.502263 0.572941 0.794959
0 0.483699 0.510065 0.587321 0.797320
0 0.478749 0.513833 0.559444 0.791973
0 0.492157 0.522544 0.571426 0.805167
0 0.497088 0.520020 0.583089 0.807452
0 0.488222 0.522685 0.571254 0.800125
0 0.484324 0.520645 0.571795 0.809205
0 0.484912 0.519882 0.570060 0.810793
0 0.469835 0.511442 0.583451 0.820466
0 0.468175 0.491469 0.567980 0.784001
0 0.473771 0.507782 0.589023 0.775780
0 0.483021 0.502136 0.583716 0.773898
0 0.462982 0.493492 0.532821 0.733435
0 0.477000 0.506023 0.559944 0.761738
0 0.470656 0.491167 0.556923 0.744560
0 0.484381 0.507637 0.573142 0.776334
0 0.476840 0.485909 0.550724 0.734005
0 0.485978 0.499132 0.578562 0.773837
0 0.477335 0.488616 0.536410 0.724982
0 0.479446 0.499815 0.567105 0.772189
0 0.478423 0.499235 0.563234 0.757753
0 0.478106 0.505078 0.562665 0.765643
0 0.468004 0.508985 0.579567 0.791848
0 0.470462 0.495591 0.571029 0.769994
0 0.464310 0.500508 0.577382 0.770269
0 0.479272 0.492759 0.599947 0.773248
0 0.460609 0.485874 0.540669 0.722818
0 0.472657 0.487203 0.570542 0.754942
0 0.470962 0.483768 0.568318 0.734244
0 0.483035 0.492578 0.581512 0.762614
0 0.474233 0.485589 0.565016 0.727838
0 0.480184 0.494237 0.572618 0.748361
0 0.476067 0.487214 0.557752 0.725335
0 0.477036 0.492272 0.564786 0.747606
0 0.473293 0.499932 0.579463 0.726904
0 0.477450 0.504102 0.572119 0.740569
0 0.460598 0.510812 0.595986 0.774323
0 0.450711 0.504213 0.635339 0.823385
0 0.471535 0.488283 0.576577 0.767838
0 0.464760 0.487647 0.573434 0.757703
0 0.485835 0.484923 0.601771 0.771346
0 0.466756 0.479809 0.558177 0.715606
0 0.477244 0.478162 0.576411 0.747880
0 0.472202 0.470747 0.567080 0.732493
0 0.479597 0.473393 0.577484 0.760293
0 0.474825 0.464670 0.573071 0.728757
0 0.477889 0.471407 0.570293 0.745279
0 0.475126 0.468668 0.569103 0.716263
0 0.472708 0.473466 0.567156 0.739150
0 0.469787 0.477182 0.582293 0.717013
0 0.474622 0.484598 0.571029 0.721841
0 0.455660 0.489396 0.598314 0.751890
0 0.448053 0.496471 0.644330 0.811346
0 0.474633 0.495568 0.583790 0.792108
0 0.459648 0.485512 0.565699 0.772503
0 0.487759 0.486695 0.599270 0.765290
0 0.466410 0.475196 0.567331 0.731508
0 0.479016 0.468778 0.579639 0.758568
0 0.470826 0.468189 0.567787 0.743502
0 0.482220 0.461349 0.582172 0.777130
0 0.473016 0.464776 0.568036 0.727789
0 0.478242 0.461111 0.582201 0.758605
0 0.471991 0.471171 0.556809 0.699998
0 0.474414 0.469448 0.571609 0.748029
0 0.468967 0.481118 0.581534 0.730833
0 0.465464 0.479232 0.580325 0.735801
0 0.453467 0.485545 0.617501 0.782497
0 0.452897 0.493138 0.636422 0.815199
0 0.466825 0.497652 0.565235 0.779803
0 0.453619 0.473964 0.551138 0.767354
0 0.486118 0.469204 0.587736 0.766287
0 0.481259 0.459853 0.577026 0.765424
0 0.471220 0.462678 0.567492 0.765513
0 0.479220 0.454511 0.575613 0.778899
0 0.466293 0.457112 0.559698 0.770604
0 0.466028 0.445007 0.563335 0.777205
0 0.466379 0.464688 0.539474 0.744763
0 0.461973 0.450708 0.546961 0.770472
0 0.460163 0.457715 0.574319 0.771413
0 0.456111 0.465991 0.573029 0.778969
0 0.456543 0.478043 0.604569 0.816370
0 0.458266 0.500873 0.608200 0.801417
0 0.469063 0.512541 0.554171 0.763758
0 0.452263 0.485985 0.541645 0.744216
0 0.478742 0.487937 0.577854 0.757526
0 0.481892 0.474725 0.587184 0.752683
0 0.476976 0.469585 0.588048 0.752476
0 0.464239 0.475475 0.567900 0.744491
0 0.467113 0.460380 0.571251 0.753489
0 0.469325 0.486794 0.559250 0.717312
0 0.469943 0.475180 0.561026 0.746156
0 0.457787 0.484400 0.578368 0.739242
0 0.458043 0.487250 0.578871 0.743906
0 0.466734 0.494268 0.607475 0.783073
0 0.448815 0.504817 0.505082 0.704311
0 0.467505 0.502597 0.545930 0.706142
0 0.475008 0.486637 0.584686 0.717288
0 0.473177 0.480633 0.603672 0.715285
0 0.460066 0.478889 0.592175 0.706583
0 0.460733 0.494580 0.584445 0.692792
0 0.458048 0.505449 0.605261 0.689678
0 0.462638 0.505326 0.594970 0.713445
0 0.458467 0.504603 0.574960 0.664134
0 0.456176 0.498459 0.594813 0.646257
0 0.444699 0.497400 0.606077 0.646179
0 0.436436 0.501558 0.607962 0.641880
0 0.437312 0.505168 0.612293 0.678867
0 0.456757 0.516315 0.612417 0.721264