0 0.504315 0.292512 0.208264 0.321123
0 0.501419 0.289680 0.209383 0.314733
0 0.504937 0.293040 0.211428 0.308854
0 0.503977 0.294226 0.212761 0.306536
0 0.506971 0.292456 0.213798 0.308740
0 0.502961 0.295069 0.210880 0.307871
0 0.505348 0.295491 0.213490 0.305567
0 0.505300 0.294887 0.214364 0.303355
0 0.503940 0.294724 0.215757 0.304143
0 0.507571 0.294653 0.217393 0.304744
0 0.500327 0.294191 0.206628 0.307918
0 0.502616 0.294534 0.212267 0.308764
0 0.505325 0.294860 0.215191 0.311565
0 0.505076 0.294866 0.215623 0.309263
0 0.503242 0.294112 0.217703 0.310961
0 0.504372 0.298148 0.217967 0.303491
0 0.500340 0.293054 0.207163 0.300024
0 0.502446 0.291856 0.211625 0.306016
0 0.505842 0.294759 0.216486 0.310837
0 0.504122 0.294162 0.214488 0.309365
0 0.503871 0.294864 0.216784 0.307950
0 0.504791 0.296019 0.217498 0.303083
0 0.501589 0.293760 0.213280 0.296976
0 0.503365 0.292108 0.213658 0.303013
0 0.505471 0.293843 0.216715 0.303825
0 0.505026 0.294152 0.215308 0.306917
0 0.504179 0.292818 0.216984 0.302916
0 0.505721 0.294411 0.215513 0.304632
0 0.500636 0.295673 0.215113 0.296193
0 0.502625 0.293886 0.213690 0.302348
0 0.504794 0.295183 0.213648 0.302439
0 0.503718 0.294476 0.213819 0.304215
0 0.503423 0.293328 0.215404 0.305671
0 0.506178 0.295844 0.216848 0.301591
0 0.499503 0.294991 0.212220 0.303826
0 0.503435 0.295007 0.210996 0.303988
0 0.502761 0.294214 0.211188 0.301423
0 0.503560 0.293903 0.210641 0.303339
0 0.504574 0.293871 0.211974 0.307081
0 0.505124 0.292328 0.211259 0.303745
0 0.507709 0.297549 0.213564 0.299355
0 0.503126 0.290765 0.222389 0.320519
0 0.509576 0.286281 0.215143 0.317479
0 0.502015 0.287008 0.218536 0.314035
0 0.502225 0.288936 0.214828 0.316426
0 0.503065 0.294958 0.216430 0.310838
0 0.507442 0.292033 0.212223 0.312582
0 0.504287 0.291183 0.210172 0.309675
0 0.504650 0.291780 0.215643 0.308569
0 0.502210 0.288302 0.217620 0.306664
0 0.502604 0.294711 0.215391 0.311871
0 0.505139 0.293962 0.216794 0.314365
0 0.506393 0.293424 0.212376 0.309049
0 0.503160 0.293354 0.218761 0.315619
0 0.505715 0.295874 0.221807 0.315089
0 0.507426 0.290537 0.217109 0.315301