0 0.557307 0.540162 0.506113 0.648713
0 0.556517 0.538529 0.510736 0.640622
0 0.565154 0.540634 0.517207 0.629326
0 0.569559 0.538185 0.518299 0.614866
0 0.569727 0.535731 0.514986 0.619569
0 0.566698 0.533154 0.526901 0.662778
0 0.564155 0.538767 0.502852 0.630905
0 0.553961 0.536091 0.507634 0.648382
0 0.567411 0.543791 0.503775 0.640433
0 0.554392 0.531172 0.514023 0.645083
0 0.559652 0.534387 0.504955 0.637489
0 0.556039 0.529420 0.521751 0.628255
0 0.557978 0.534626 0.513553 0.618583
0 0.559345 0.526156 0.516991 0.605046
0 0.562423 0.534858 0.524328 0.598684
0 0.561995 0.533869 0.509868 0.603980
0 0.565934 0.529888 0.505814 0.592790
0 0.567896 0.537171 0.521917 0.642100
0 0.548569 0.529813 0.500889 0.612181
0 0.561609 0.533945 0.497784 0.619170
0 0.556610 0.532868 0.503777 0.620408
0 0.562349 0.536483 0.500753 0.620495
0 0.560347 0.533126 0.518064 0.627282
0 0.567217 0.536477 0.503600 0.616916
0 0.561989 0.528588 0.516753 0.615631
0 0.568416 0.532434 0.503020 0.616414
0 0.562724 0.527803 0.504124 0.605172
0 0.566561 0.532087 0.502402 0.605086
0 0.566024 0.526519 0.504482 0.593573
0 0.561297 0.532963 0.498676 0.597644
0 0.564659 0.538572 0.500955 0.594115
0 0.558525 0.540706 0.536574 0.644526
0 0.556308 0.538868 0.535648 0.682003
0 0.569379 0.547270 0.525041 0.649850
0 0.551362 0.537228 0.496324 0.620253
0 0.559907 0.540724 0.493726 0.628264
0 0.555492 0.529545 0.500849 0.623531
0 0.556229 0.534587 0.494500 0.628476
0 0.560933 0.528951 0.526168 0.625866
0 0.561783 0.534460 0.503445 0.610124
0 0.560927 0.529778 0.509438 0.612800
0 0.565453 0.532297 0.492307 0.603601
0 0.561335 0.528339 0.513689 0.610247
0 0.565774 0.536414 0.497685 0.594172
0 0.563831 0.525564 0.495741 0.587245
0 0.564241 0.525608 0.491044 0.594811
0 0.559046 0.534562 0.508085 0.587806
0 0.552540 0.534293 0.533766 0.612694
0 0.561204 0.538359 0.538028 0.678676
0 0.564916 0.552094 0.522404 0.643662
0 0.549091 0.548956 0.503885 0.638150
0 0.561358 0.549844 0.490942 0.635818
0 0.555926 0.541093 0.507071 0.647132
0 0.560467 0.550629 0.498604 0.644328
0 0.563218 0.539177 0.518065 0.649007
0 0.568189 0.543606 0.509687 0.640334
0 0.558723 0.544326 0.503741 0.642011
0 0.561675 0.547923 0.501950 0.637638
0 0.563271 0.546282 0.500295 0.648777
0 0.567516 0.551968 0.490185 0.634989
0 0.566197 0.541207 0.502825 0.620205
0 0.569742 0.546917 0.496559 0.634742
0 0.558545 0.552611 0.515637 0.614009
0 0.550704 0.546255 0.547000 0.630063
0 0.562291 0.549946 0.542069 0.667072
0 0.558717 0.539076 0.541512 0.666280
0 0.569650 0.533587 0.529984 0.633646
0 0.551219 0.535152 0.496709 0.618052
0 0.563511 0.531193 0.494023 0.628535
0 0.559576 0.534683 0.500557 0.604782
0 0.567438 0.538253 0.510127 0.625903
0 0.570106 0.537914 0.505231 0.627190
0 0.574541 0.545082 0.504675 0.634624
0 0.564142 0.534242 0.495874 0.620583
0 0.566009 0.532312 0.497487 0.630842
0 0.562890 0.535098 0.486769 0.633524
0 0.563802 0.531403 0.479555 0.633000
0 0.565395 0.542562 0.499848 0.617714
0 0.566691 0.539838 0.492774 0.632507
0 0.560250 0.554858 0.504652 0.617808
0 0.552319 0.545771 0.527378 0.645487
0 0.564193 0.548857 0.545894 0.679529
0 0.548216 0.560701 0.531768 0.669894
0 0.569027 0.552287 0.520579 0.630704
0 0.551251 0.548938 0.489880 0.614917
0 0.567338 0.543877 0.488508 0.628713
0 0.561775 0.534895 0.492219 0.617422
0 0.570394 0.539235 0.492809 0.624589
0 0.573407 0.538969 0.501926 0.631779
0 0.577304 0.544776 0.508350 0.642863
0 0.569045 0.532910 0.505798 0.636272
0 0.567990 0.534786 0.496704 0.632296
0 0.564406 0.533580 0.503188 0.653858
0 0.562184 0.534541 0.482324 0.644427
0 0.566385 0.538212 0.521713 0.629029
0 0.567920 0.539677 0.495457 0.637369
0 0.561350 0.545230 0.506852 0.632616
0 0.562372 0.546987 0.518471 0.649881
0 0.571028 0.548866 0.525974 0.656413
0 0.570104 0.556819 0.481578 0.628262
0 0.559725 0.542589 0.494557 0.628822
0 0.572501 0.546534 0.488813 0.634759
0 0.569829 0.542662 0.501056 0.625593
0 0.577288 0.554958 0.501006 0.629986
0 0.565945 0.537849 0.505074 0.626642
0 0.568243 0.547996 0.489184 0.613225
0 0.565417 0.537079 0.491740 0.632631
0 0.569335 0.547242 0.483945 0.631206
0 0.567139 0.551890 0.517804 0.605874
0 0.563429 0.553969 0.497079 0.623379
0 0.554844 0.556068 0.494904 0.622245
0 0.567049 0.550462 0.533790 0.665010
0 0.559248 0.531523 0.515964 0.671461
0 0.564199 0.538162 0.504074 0.654610
0 0.569988 0.539709 0.521293 0.667335
0 0.568711 0.533441 0.502132 0.642487
0 0.568410 0.532771 0.507510 0.644016
0 0.567423 0.546527 0.502867 0.641542
0 0.559838 0.545506 0.504195 0.647812
0 0.546765 0.545309 0.535206 0.665244