0 0.491919 0.310827 0.293072 0.362580
0 0.496424 0.310048 0.291063 0.363158
0 0.495136 0.311554 0.286557 0.368402
0 0.491956 0.309690 0.290568 0.363287
0 0.495885 0.308587 0.292488 0.364861
0 0.495126 0.310986 0.286316 0.364385
0 0.496249 0.314138 0.287597 0.357947
0 0.489725 0.309124 0.287037 0.371111
0 0.494097 0.308212 0.289450 0.370530
0 0.495117 0.309551 0.283157 0.368434
0 0.495827 0.313930 0.284941 0.362821
0 0.488002 0.307416 0.285674 0.376152
0 0.493044 0.307962 0.291785 0.376824
0 0.495811 0.310549 0.286414 0.371836
0 0.496686 0.314613 0.286220 0.369796
0 0.489072 0.306737 0.283385 0.374212
0 0.491755 0.308503 0.286718 0.373928
0 0.494127 0.310764 0.284725 0.372324
0 0.495592 0.311618 0.281897 0.369223
0 0.489514 0.309691 0.283095 0.372109
0 0.491961 0.309635 0.283265 0.372832
0 0.495840 0.311933 0.284816 0.374341
0 0.496628 0.311609 0.283011 0.370889
0 0.492833 0.320784 0.303512 0.404369
0 0.494996 0.319065 0.300264 0.416043
0 0.483711 0.313301 0.295406 0.391461
0 0.487001 0.315530 0.295987 0.388821
0 0.493050 0.312116 0.295494 0.375210
0 0.493390 0.309116 0.297480 0.381768
0 0.494372 0.307384 0.298784 0.378909
0 0.490824 0.312903 0.285858 0.374179
0 0.490055 0.311752 0.288186 0.383776
0 0.493047 0.312338 0.295646 0.384476
0 0.494545 0.312055 0.288849 0.380177
0 0.490869 0.310249 0.295023 0.394240
0 0.495107 0.307938 0.293733 0.390440
0 0.487224 0.315648 0.282226 0.380602
0 0.489099 0.313310 0.288673 0.382402
0 0.488109 0.315598 0.302024 0.385287
0 0.493232 0.316097 0.297378 0.391007
0 0.496251 0.313380 0.297808 0.391498
0 0.495280 0.310465 0.292441 0.396501
0 0.485765 0.317486 0.271063 0.379375
0 0.489861 0.316805 0.280233 0.379684
0 0.491514 0.314010 0.294894 0.395724
0 0.494508 0.314612 0.291306 0.393711
0 0.495247 0.308153 0.300298 0.406484
0 0.499793 0.314920 0.291081 0.405637
0 0.490455 0.318733 0.283611 0.383776
0 0.494350 0.316570 0.287972 0.399739
0 0.496761 0.314517 0.294948 0.393988
0 0.495871 0.315116 0.296559 0.394916