0 0.521267 0.540398 0.366763 0.455331
0 0.526200 0.544667 0.366359 0.448737
0 0.530360 0.538619 0.371140 0.444315
0 0.517872 0.550516 0.377046 0.477816
0 0.526836 0.560388 0.381348 0.467275
0 0.520793 0.558875 0.386699 0.479927
0 0.525786 0.555882 0.391359 0.458721
0 0.532558 0.544738 0.378399 0.453463
0 0.524540 0.556102 0.374722 0.457459
0 0.525164 0.552956 0.379712 0.452723
0 0.524903 0.552061 0.372769 0.453047
0 0.523860 0.549646 0.378526 0.442786
0 0.525313 0.546883 0.379016 0.437367
0 0.523738 0.552250 0.389462 0.456078
0 0.526784 0.551089 0.378726 0.454056
0 0.523922 0.551340 0.383816 0.450953
0 0.521517 0.550522 0.378996 0.449458
0 0.521610 0.553003 0.386360 0.440896
0 0.519792 0.552365 0.378899 0.437826
0 0.522735 0.546144 0.373449 0.445600
0 0.521482 0.553334 0.383961 0.449598
0 0.525692 0.551612 0.375224 0.446501
0 0.524024 0.552418 0.378771 0.441148
0 0.521285 0.556211 0.376994 0.438334
0 0.521531 0.554498 0.387137 0.452713
0 0.523178 0.556125 0.386496 0.444385
0 0.525726 0.553083 0.373628 0.433964
0 0.520588 0.550223 0.382847 0.465826
0 0.527908 0.556210 0.383691 0.457683
0 0.521632 0.555006 0.377268 0.440603
0 0.523334 0.556188 0.390092 0.439836
0 0.520229 0.556145 0.376039 0.448647
0 0.521225 0.564930 0.388284 0.457003
0 0.528578 0.563006 0.377748 0.440695
0 0.519270 0.561393 0.373423 0.431502
0 0.520595 0.561532 0.370976 0.432934
0 0.524348 0.562907 0.368241 0.442014
0 0.522161 0.556793 0.378991 0.470773
0 0.519925 0.544741 0.377582 0.493837
0 0.521241 0.553017 0.378625 0.504108