0 0.542027 0.283917 0.274492 0.391254
0 0.546163 0.285655 0.271584 0.392632
0 0.544792 0.286568 0.270692 0.386765
0 0.542560 0.286647 0.271797 0.388801
0 0.544436 0.287139 0.270750 0.389527
0 0.544984 0.287792 0.274612 0.388370
0 0.546730 0.288097 0.272021 0.376179
0 0.543802 0.286037 0.273142 0.377033
0 0.546000 0.285527 0.269774 0.379902
0 0.543941 0.286718 0.271617 0.380432
0 0.545586 0.288216 0.271450 0.374487
0 0.545205 0.285217 0.274063 0.377872
0 0.546802 0.283284 0.271945 0.378810
0 0.544868 0.284368 0.270755 0.383005
0 0.546518 0.286867 0.268971 0.375284
0 0.543450 0.281456 0.269351 0.383538
0 0.546179 0.281449 0.270858 0.383291
0 0.545396 0.283673 0.270687 0.386613
0 0.545936 0.289184 0.267783 0.372866
0 0.543627 0.278355 0.266214 0.381703
0 0.545286 0.279404 0.267465 0.379772
0 0.544603 0.282001 0.266407 0.383474
0 0.546532 0.285820 0.264350 0.372585
0 0.544802 0.280407 0.270526 0.381596
0 0.545241 0.278913 0.265398 0.381722
0 0.545095 0.283228 0.266447 0.382051
0 0.547077 0.286387 0.260337 0.372875
0 0.547937 0.283196 0.258443 0.386570
0 0.547835 0.285671 0.255105 0.379863
0 0.541245 0.287687 0.275063 0.398616
0 0.545159 0.290322 0.270930 0.385858
0 0.544980 0.291679 0.273080 0.392911
0 0.544745 0.288389 0.271035 0.395453
0 0.541704 0.281930 0.275125 0.387597
0 0.545972 0.284986 0.271404 0.376727
0 0.547371 0.284492 0.266938 0.373994
0 0.547764 0.284580 0.269724 0.373819
0 0.544675 0.284739 0.271587 0.373430
0 0.552565 0.279143 0.268326 0.379508
0 0.544145 0.285027 0.268717 0.384019
0 0.544573 0.287524 0.268267 0.381503
0 0.544078 0.285941 0.270099 0.381498
0 0.544163 0.285992 0.270772 0.377060
0 0.546691 0.286915 0.266763 0.378676
0 0.549626 0.288804 0.265312 0.374314
0 0.543859 0.283003 0.264168 0.376517
0 0.546418 0.283996 0.265641 0.373757
0 0.542192 0.281995 0.276271 0.381562
0 0.544669 0.285587 0.271779 0.380829
0 0.544847 0.285075 0.266972 0.381017
0 0.550208 0.288298 0.266107 0.384597
0 0.544501 0.288445 0.260190 0.377315
0 0.542480 0.283908 0.269145 0.390285
0 0.542194 0.285249 0.271379 0.380656
0 0.542860 0.285950 0.268073 0.385783
0 0.545972 0.294185 0.278332 0.391179