0 0.405625 0.356947 0.139570 0.232708
0 0.406825 0.358455 0.137877 0.229727
0 0.403861 0.358674 0.133419 0.226649
0 0.404214 0.359457 0.132494 0.221709
0 0.405148 0.357221 0.131469 0.222351
0 0.405956 0.356056 0.128631 0.219620
0 0.402543 0.359623 0.130570 0.224609
0 0.404424 0.358234 0.131372 0.219461
0 0.405182 0.358096 0.129677 0.221644
0 0.405560 0.357680 0.129722 0.218424
0 0.406099 0.355232 0.133328 0.217942
0 0.402482 0.361647 0.128323 0.233010
0 0.402135 0.360119 0.130428 0.224802
0 0.405328 0.358554 0.131884 0.222577
0 0.405928 0.357988 0.131554 0.220852
0 0.405248 0.357137 0.133143 0.215334
0 0.404375 0.355911 0.135417 0.216787
0 0.402729 0.360065 0.128947 0.225301
0 0.406194 0.359643 0.131742 0.225139
0 0.404820 0.358509 0.132227 0.220261
0 0.404344 0.355892 0.133257 0.216171
0 0.406669 0.359594 0.137634 0.217024
0 0.401767 0.362803 0.129760 0.234606
0 0.403849 0.359835 0.131133 0.230840
0 0.405187 0.358453 0.131673 0.217797
0 0.405068 0.358912 0.135097 0.215022