0 0.516614 0.377852 0.218641 0.297185
0 0.516562 0.381540 0.217656 0.287203
0 0.516383 0.380469 0.220658 0.290298
0 0.517016 0.376094 0.217358 0.301103
0 0.517721 0.381784 0.218192 0.291104
0 0.517055 0.382106 0.219773 0.289578
0 0.517624 0.381383 0.224253 0.291737
0 0.517383 0.379597 0.219640 0.291240
0 0.517952 0.380574 0.217105 0.294467
0 0.517496 0.382642 0.220975 0.297062
0 0.517430 0.381379 0.219275 0.294818
0 0.517080 0.380905 0.222801 0.294724
0 0.517386 0.380800 0.222152 0.295093
0 0.520562 0.380448 0.222402 0.291458
0 0.516833 0.382707 0.219147 0.294278
0 0.517811 0.381733 0.220643 0.296631
0 0.517486 0.380952 0.220184 0.297840
0 0.516918 0.381079 0.223299 0.292856
0 0.516790 0.381431 0.223501 0.299177
0 0.519206 0.382734 0.221534 0.292264
0 0.516295 0.381821 0.220606 0.293393
0 0.518531 0.381055 0.223812 0.294735
0 0.516929 0.381441 0.221347 0.296919
0 0.516430 0.380544 0.224191 0.297808
0 0.516605 0.379640 0.222949 0.298371
0 0.520215 0.382789 0.222194 0.290536
0 0.515543 0.380177 0.218986 0.298910
0 0.517747 0.382267 0.223504 0.295487
0 0.517040 0.381251 0.221185 0.296579
0 0.516333 0.380284 0.221719 0.295281
0 0.517243 0.378807 0.220798 0.300416
0 0.520991 0.380918 0.218615 0.296257
0 0.514766 0.380756 0.218171 0.297370
0 0.516856 0.380207 0.221732 0.297529
0 0.517140 0.380878 0.221260 0.299632
0 0.517093 0.381147 0.223240 0.301524
0 0.517496 0.380580 0.219617 0.303835
0 0.516056 0.382027 0.223849 0.300677
0 0.515707 0.381935 0.221163 0.302078
0 0.517356 0.380966 0.220457 0.306026
0 0.520244 0.385533 0.218032 0.305717
0 0.517117 0.382414 0.215630 0.304737
0 0.520721 0.384549 0.215274 0.305926
0 0.518862 0.382579 0.218687 0.302396
0 0.520610 0.381206 0.224770 0.298152
0 0.515891 0.384153 0.219385 0.298082
0 0.516299 0.380142 0.218304 0.300699
0 0.522007 0.375412 0.227247 0.312115
0 0.519007 0.381888 0.220562 0.305492
0 0.519434 0.380057 0.221362 0.300423
0 0.517724 0.381421 0.216131 0.296245
0 0.517176 0.380751 0.222795 0.301368
0 0.519384 0.379133 0.222919 0.306708
0 0.517119 0.383638 0.218143 0.296395
0 0.518332 0.381284 0.217327 0.298244
0 0.518218 0.381211 0.217509 0.296614
0 0.518917 0.379518 0.218762 0.303359
0 0.516272 0.383102 0.219846 0.308398