1 0.551712 0.488121 0.546689 0.734136
1 0.546269 0.486200 0.550734 0.731541
1 0.550291 0.483382 0.557126 0.739816
1 0.547962 0.486108 0.552219 0.749309
1 0.543839 0.493434 0.533572 0.740338
1 0.545565 0.495459 0.538823 0.745095
1 0.549820 0.495265 0.540950 0.747383
1 0.554179 0.499995 0.549749 0.744442
1 0.553764 0.498647 0.542071 0.739582
1 0.559220 0.499395 0.535437 0.726887
1 0.557253 0.491808 0.536369 0.742310
1 0.544456 0.486953 0.545757 0.755645
1 0.551733 0.492916 0.550537 0.745760
1 0.538779 0.498059 0.532649 0.752463
1 0.547549 0.491422 0.539071 0.739183
1 0.551734 0.502559 0.541567 0.748044
1 0.548582 0.493327 0.539853 0.746580
1 0.546541 0.503732 0.543999 0.744162
1 0.550257 0.496266 0.542387 0.736595
1 0.546764 0.505281 0.552703 0.740454
1 0.550846 0.491983 0.538568 0.732849
1 0.544489 0.503959 0.551447 0.739963
1 0.557225 0.508101 0.544656 0.740378
1 0.554965 0.497680 0.538404 0.752797
1 0.567423 0.488715 0.526202 0.746331
1 0.547065 0.492023 0.549155 0.749806
1 0.549115 0.495018 0.549358 0.746618
1 0.538644 0.499935 0.534842 0.739322
1 0.547201 0.494043 0.547019 0.724098
1 0.551091 0.501707 0.553035 0.743840
1 0.547952 0.494923 0.549125 0.735456
1 0.547349 0.502118 0.560861 0.747488
1 0.548704 0.494607 0.548634 0.718981
1 0.547618 0.502769 0.567700 0.746631
1 0.552734 0.493030 0.541091 0.720256
1 0.549037 0.500711 0.562636 0.753452
1 0.551992 0.502748 0.559783 0.744843
1 0.554691 0.497410 0.554195 0.748490
1 0.566001 0.495395 0.533978 0.741951
1 0.547088 0.491476 0.561721 0.760761
1 0.550185 0.494389 0.549973 0.751672
1 0.548948 0.496037 0.555258 0.750208
1 0.539512 0.500746 0.538699 0.750832
1 0.545771 0.501450 0.550963 0.735742
1 0.546325 0.507455 0.554416 0.749738
1 0.545593 0.501731 0.550953 0.743824
1 0.545847 0.505785 0.557419 0.744901
1 0.549046 0.498311 0.552684 0.731259
1 0.549188 0.501405 0.566406 0.742915
1 0.552155 0.494234 0.546124 0.723531
1 0.550334 0.499109 0.571113 0.752368
1 0.551037 0.504750 0.566503 0.751679
1 0.550399 0.495563 0.573370 0.753529
1 0.567528 0.498087 0.542200 0.743295
1 0.563151 0.491292 0.533067 0.745078
1 0.549326 0.497575 0.560797 0.756121
1 0.543610 0.491544 0.550409 0.746461
1 0.541604 0.497513 0.558054 0.744774
1 0.540753 0.498202 0.551980 0.749169
1 0.546301 0.497295 0.563120 0.733334
1 0.549246 0.500683 0.572587 0.749850
1 0.546999 0.496955 0.558355 0.735778
1 0.548603 0.496431 0.570075 0.749429
1 0.550756 0.494042 0.555191 0.728589
1 0.548880 0.491789 0.574029 0.751573
1 0.552660 0.497743 0.552094 0.718535
1 0.548201 0.498049 0.573691 0.747527
1 0.548142 0.501186 0.579984 0.740941
1 0.550537 0.496859 0.574707 0.741609
1 0.563097 0.494999 0.551255 0.743933
1 0.554426 0.490817 0.547394 0.758009
1 0.548655 0.502193 0.567856 0.752158
1 0.540274 0.495619 0.563396 0.763327
1 0.542195 0.494999 0.566522 0.755345
1 0.545925 0.491552 0.563478 0.748614
1 0.547036 0.497156 0.563331 0.725692
1 0.551588 0.495805 0.576767 0.753213
1 0.543235 0.493401 0.542285 0.718318
1 0.545196 0.490337 0.569761 0.761567
1 0.548668 0.495671 0.547857 0.710906
1 0.547727 0.493279 0.574371 0.755651
1 0.551641 0.493919 0.550689 0.709789
1 0.547652 0.490945 0.575971 0.752845
1 0.546495 0.495304 0.581103 0.751437
1 0.548792 0.494426 0.576850 0.755751
1 0.555308 0.493866 0.562271 0.762394
1 0.556005 0.493597 0.561055 0.778492
1 0.545133 0.498407 0.567339 0.745309
1 0.540941 0.492379 0.567681 0.769489
1 0.543567 0.486058 0.572920 0.778693
1 0.538726 0.480645 0.566524 0.777921
1 0.546294 0.485071 0.557434 0.743312
1 0.549177 0.475910 0.572062 0.782217
1 0.548069 0.480054 0.546499 0.748255
1 0.548827 0.473876 0.567334 0.792844
1 0.548807 0.480056 0.556759 0.744607
1 0.547197 0.472177 0.575685 0.791379
1 0.543596 0.473876 0.575333 0.805019
1 0.543818 0.473538 0.574522 0.805790
1 0.547157 0.477041 0.572136 0.791538
1 0.550289 0.486423 0.571577 0.795806
1 0.560261 0.498609 0.560911 0.788654
1 0.542170 0.485569 0.574435 0.771806
1 0.542916 0.474123 0.582398 0.794887
1 0.535734 0.474763 0.564229 0.778306
1 0.545364 0.486055 0.569773 0.745214
1 0.547044 0.471265 0.577933 0.780323
1 0.545250 0.485236 0.561968 0.747245
1 0.544469 0.471461 0.579143 0.794543
1 0.544601 0.472792 0.575406 0.788347
1 0.540992 0.474866 0.576874 0.795085
1 0.541285 0.477609 0.583322 0.793703
1 0.547106 0.473071 0.576102 0.795414
1 0.549387 0.487109 0.573208 0.784426
1 0.540109 0.483909 0.575829 0.774915
1 0.536758 0.468856 0.559157 0.780513
1 0.543655 0.467447 0.582975 0.794677
1 0.543802 0.463056 0.580489 0.803561
1 0.547232 0.465457 0.577773 0.807259
1 0.543115 0.461415 0.581206 0.818414
1 0.546677 0.464223 0.586893 0.818737
1 0.546757 0.467185 0.583466 0.805904
1 0.536875 0.478894 0.563897 0.765633
1 0.546468 0.478878 0.579852 0.782355
1 0.547805 0.475183 0.590654 0.793112
1 0.544495 0.468433 0.594237 0.804621
1 0.544435 0.463216 0.590781 0.814608
1 0.550569 0.465411 0.591752 0.812216
1 0.547973 0.475006 0.603675 0.794244
1 0.545845 0.469229 0.601229 0.804669