1 0.132528 0.225101 0.025081 0.037310
1 0.244457 0.225303 0.018940 0.025922
1 0.133287 0.226999 0.024934 0.036084
1 0.244432 0.227058 0.019310 0.027347
1 0.527878 0.322943 0.306172 0.441233
1 0.523901 0.322072 0.300745 0.437852
1 0.529545 0.321343 0.300032 0.441328
1 0.522390 0.317140 0.304959 0.444583
1 0.527790 0.325132 0.302729 0.435042
1 0.527537 0.320072 0.303830 0.439906
1 0.528890 0.320121 0.301044 0.442388
1 0.530163 0.317956 0.301150 0.441582
1 0.526057 0.322065 0.306350 0.436837
1 0.525496 0.320667 0.303588 0.438971
1 0.531757 0.320408 0.301978 0.442346
1 0.528784 0.320619 0.300421 0.437597
1 0.528415 0.316886 0.309588 0.438066
1 0.533195 0.313957 0.306447 0.452360
1 0.521428 0.323960 0.308502 0.434175
1 0.526205 0.320155 0.302651 0.430132
1 0.526506 0.323005 0.305391 0.443632
1 0.531548 0.320306 0.304957 0.445597
1 0.528766 0.319340 0.305142 0.433968
1 0.528825 0.317541 0.308161 0.438599
1 0.531539 0.319392 0.307233 0.442384
1 0.526913 0.321990 0.306736 0.429672
1 0.528590 0.322650 0.306151 0.438391
1 0.531172 0.321746 0.307114 0.440372
1 0.527680 0.319682 0.309222 0.438403
1 0.530768 0.319338 0.313055 0.439418
1 0.522662 0.322313 0.314834 0.432256
1 0.528832 0.319685 0.309165 0.438552
1 0.526800 0.319558 0.309245 0.431899
1 0.528512 0.318316 0.308035 0.440077
1 0.529075 0.319003 0.310671 0.444919
1 0.523668 0.328457 0.309588 0.429398
1 0.525399 0.319710 0.311684 0.431519
1 0.530550 0.322921 0.309611 0.436370