1 0.478465 0.217000 0.135603 0.204706
1 0.480277 0.218091 0.135304 0.200199
1 0.480751 0.218439 0.135089 0.201006
1 0.480135 0.219438 0.134713 0.203126
1 0.479283 0.220725 0.134571 0.202277
1 0.479555 0.220798 0.133309 0.194628
1 0.480518 0.221340 0.134720 0.199855
1 0.481593 0.221827 0.131164 0.197200
1 0.480445 0.220243 0.134613 0.201096
1 0.480405 0.221036 0.134975 0.200736
1 0.480850 0.219198 0.134578 0.204625
1 0.477850 0.219958 0.137187 0.204246
1 0.480156 0.219880 0.136796 0.202670
1 0.479363 0.220687 0.134739 0.199633
1 0.480751 0.222985 0.132895 0.198627
1 0.480233 0.219658 0.135126 0.202063
1 0.478906 0.220157 0.137750 0.204059
1 0.480303 0.219521 0.134096 0.203089
1 0.476076 0.219320 0.135907 0.206395
1 0.480082 0.218165 0.136944 0.207114
1 0.478790 0.219496 0.134901 0.205206
1 0.480883 0.221790 0.132995 0.201895
1 0.479764 0.219140 0.134109 0.204291
1 0.479799 0.218901 0.136971 0.203960
1 0.481151 0.220008 0.136509 0.204103
1 0.480632 0.218253 0.136853 0.208009
1 0.479980 0.218011 0.138556 0.207942
1 0.480991 0.221509 0.133698 0.202361
1 0.480745 0.218129 0.136849 0.209519
1 0.481250 0.217738 0.136475 0.207623
1 0.483359 0.222343 0.137266 0.200613
1 0.480835 0.218555 0.140242 0.211604
1 0.481873 0.219245 0.138905 0.209547
1 0.482404 0.219694 0.139036 0.204449