1 0.496362 0.357374 0.353375 0.490707
1 0.501261 0.357914 0.350659 0.494335
1 0.499258 0.362903 0.350358 0.478238
1 0.497437 0.365589 0.352663 0.475687
1 0.497507 0.364449 0.350964 0.478784
1 0.497670 0.358668 0.355682 0.490345
1 0.495588 0.356342 0.352250 0.470950
1 0.499393 0.358178 0.354088 0.456237
1 0.498748 0.354541 0.358237 0.456634
1 0.496488 0.353543 0.355636 0.453586
1 0.499221 0.355177 0.354384 0.459708
1 0.500887 0.347676 0.351953 0.472905
1 0.498336 0.360670 0.358194 0.467973
1 0.499449 0.355824 0.354726 0.465369
1 0.498913 0.357604 0.353822 0.465655
1 0.500713 0.355048 0.355610 0.458259
1 0.497664 0.353128 0.354124 0.459429
1 0.496988 0.352428 0.361709 0.466472
1 0.499901 0.356874 0.360982 0.465962
1 0.500561 0.355908 0.354929 0.460250
1 0.499378 0.357277 0.356244 0.462354
1 0.498902 0.359134 0.359004 0.464075
1 0.498092 0.352396 0.355953 0.469773
1 0.496732 0.353605 0.359728 0.471192
1 0.499051 0.360393 0.364535 0.459798
1 0.498598 0.357923 0.358645 0.457538
1 0.499824 0.354585 0.355638 0.465045
1 0.499489 0.352528 0.359265 0.471338
1 0.497325 0.350494 0.363134 0.467819
1 0.499148 0.354233 0.356543 0.470836
1 0.502687 0.355763 0.364392 0.463626
1 0.497481 0.355878 0.357092 0.460153
1 0.500372 0.353407 0.354839 0.466697
1 0.498885 0.353928 0.358707 0.472316
1 0.499413 0.361833 0.360369 0.457625
1 0.499459 0.362069 0.352718 0.462764