1 0.176125 0.451678 0.061022 0.101160
1 0.173758 0.451517 0.063075 0.096221
1 0.176292 0.451673 0.062158 0.100541
1 0.445024 0.276142 0.240028 0.332902
1 0.446136 0.277401 0.239916 0.329899
1 0.445792 0.276045 0.239105 0.329175
1 0.449097 0.273053 0.238789 0.333057
1 0.445004 0.273425 0.233285 0.327906
1 0.447639 0.275410 0.234687 0.324454
1 0.446614 0.274624 0.239432 0.325251
1 0.446445 0.275159 0.237913 0.326349
1 0.446016 0.275824 0.237776 0.325263
1 0.446028 0.275215 0.238457 0.323760
1 0.448013 0.275609 0.241185 0.327344
1 0.447583 0.273558 0.241146 0.327016
1 0.447088 0.274476 0.240273 0.327819
1 0.447279 0.276016 0.238335 0.326924
1 0.448677 0.279477 0.240875 0.320745
1 0.446302 0.275919 0.239984 0.324054
1 0.446863 0.275670 0.240214 0.331542
1 0.447939 0.274613 0.243154 0.327036
1 0.447414 0.273821 0.242785 0.328006
1 0.446998 0.273860 0.242909 0.329477
1 0.449700 0.277366 0.242930 0.322042
1 0.446803 0.275704 0.242769 0.324547
1 0.447598 0.274773 0.243047 0.327962
1 0.447532 0.273823 0.242462 0.325139
1 0.446845 0.274545 0.246421 0.329247
1 0.446397 0.274939 0.245556 0.328519
1 0.448827 0.274951 0.243927 0.319252
1 0.446551 0.276256 0.242593 0.322117
1 0.447388 0.274130 0.244265 0.332850
1 0.448772 0.273834 0.245108 0.323859
1 0.447224 0.274597 0.245979 0.327476
1 0.447530 0.274983 0.246768 0.327589
1 0.448404 0.276859 0.249474 0.323946
1 0.445526 0.276365 0.245007 0.322595
1 0.447709 0.274451 0.246965 0.330764
1 0.448313 0.274994 0.245151 0.327165
1 0.447936 0.274770 0.246984 0.330857
1 0.447206 0.275021 0.247185 0.331766
1 0.447683 0.276331 0.249296 0.333327
1 0.446744 0.275759 0.243724 0.328263
1 0.446845 0.274988 0.249130 0.335877
1 0.448946 0.277816 0.252324 0.334240
1 0.089173 0.449293 0.117809 0.146972
1 0.090498 0.449578 0.115317 0.145401
1 0.090370 0.447258 0.116232 0.145986
1 0.090303 0.447510 0.116606 0.146954
1 0.088372 0.449068 0.118012 0.145059
1 0.239275 0.447130 0.074052 0.106364
1 0.088465 0.449455 0.115523 0.148354
1 0.089550 0.450126 0.116278 0.144009
1 0.089608 0.448374 0.116475 0.144801
1 0.089494 0.449304 0.116111 0.145846
1 0.088750 0.449723 0.113978 0.144731
1 0.089265 0.450081 0.117953 0.145407
1 0.090160 0.450178 0.116988 0.145700
1 0.080847 0.451478 0.120248 0.149902
1 0.171510 0.451207 0.066474 0.104918
1 0.174211 0.452239 0.066463 0.105130
1 0.237052 0.446869 0.066638 0.102906
1 0.238565 0.448740 0.069231 0.104692
1 0.238262 0.449525 0.068414 0.102069
1 0.089298 0.448558 0.116153 0.148707
1 0.089316 0.450242 0.116542 0.144994
1 0.089075 0.450500 0.116691 0.146935
1 0.089019 0.449387 0.117053 0.147300
1 0.089456 0.450918 0.114380 0.144701
1 0.088901 0.449724 0.116920 0.144764
1 0.089246 0.450726 0.116485 0.145517
1 0.083600 0.452163 0.123605 0.153367
1 0.172407 0.449947 0.068532 0.106117
1 0.172481 0.451537 0.068390 0.108030
1 0.238392 0.448525 0.067962 0.102238
1 0.238320 0.449404 0.068121 0.105051
1 0.238646 0.449208 0.069392 0.102884
1 0.089178 0.450287 0.118776 0.145977
1 0.088391 0.449828 0.118312 0.145479
1 0.089172 0.450453 0.118290 0.143768
1 0.089149 0.452507 0.121305 0.143347
1 0.088251 0.450411 0.118331 0.142701
1 0.239321 0.450257 0.072384 0.105010
1 0.447028 0.275053 0.246749 0.337109
1 0.449062 0.274557 0.246156 0.331894
1 0.449902 0.272626 0.240980 0.331282
1 0.452883 0.279164 0.238927 0.327735
1 0.446168 0.276614 0.242164 0.327652
1 0.448855 0.280457 0.240573 0.324120
1 0.447413 0.280472 0.240514 0.321762
1 0.451025 0.273851 0.243938 0.333563
1 0.448164 0.279226 0.244113 0.322805
1 0.446493 0.279756 0.238854 0.325144
1 0.447355 0.279221 0.238977 0.325074
1 0.447246 0.277112 0.238827 0.327626
1 0.449173 0.277138 0.247510 0.332124
1 0.451653 0.281721 0.251308 0.323068
1 0.451039 0.276189 0.243610 0.324461
1 0.449485 0.278682 0.237809 0.320345
1 0.449007 0.278517 0.240518 0.320225
1 0.447087 0.276349 0.239552 0.323124
1 0.449030 0.282793 0.252535 0.323673
1 0.451135 0.279877 0.243274 0.323670
1 0.448391 0.280606 0.248196 0.321808
1 0.448106 0.280995 0.245855 0.328467