1 0.214108 0.324166 0.268447 0.348471
1 0.215256 0.324388 0.270099 0.347903
1 0.214733 0.323771 0.265696 0.347550
1 0.220887 0.321992 0.263260 0.351899
1 0.212621 0.324941 0.268005 0.342670
1 0.215636 0.323896 0.268911 0.339347
1 0.214375 0.322237 0.273548 0.340321
1 0.212724 0.323450 0.270708 0.336772
1 0.214227 0.324853 0.269285 0.340860
1 0.214675 0.325610 0.271775 0.340208
1 0.214621 0.325504 0.270524 0.345313
1 0.213707 0.323112 0.272858 0.340475
1 0.214576 0.324243 0.272825 0.335146
1 0.213715 0.326049 0.273471 0.340064
1 0.215350 0.325175 0.273156 0.340998
1 0.213970 0.325441 0.270393 0.351327
1 0.214075 0.324889 0.273272 0.340324
1 0.213623 0.323254 0.274148 0.341874
1 0.214227 0.324531 0.275759 0.340813
1 0.215128 0.324110 0.275556 0.343327
1 0.213056 0.324326 0.273490 0.346594
1 0.213835 0.324386 0.273414 0.344533
1 0.213035 0.325227 0.274592 0.340871
1 0.213757 0.325062 0.276426 0.340124
1 0.214689 0.323613 0.274468 0.344622
1 0.213117 0.323336 0.274101 0.347005
1 0.214959 0.322979 0.272425 0.344589
1 0.214270 0.322719 0.274814 0.339581
1 0.214773 0.324256 0.276806 0.341241
1 0.212321 0.323686 0.270866 0.344528
1 0.212858 0.324226 0.272913 0.344622
1 0.213761 0.323397 0.274920 0.345902
1 0.213026 0.322190 0.275495 0.344894
1 0.213820 0.323506 0.280282 0.345070
1 0.212157 0.324884 0.269954 0.346090
1 0.211270 0.324917 0.274675 0.345542
1 0.212019 0.324835 0.277257 0.347770
1 0.684480 0.214207 0.308225 0.430516
1 0.687779 0.221293 0.311962 0.435114
1 0.691142 0.223463 0.316823 0.436797
1 0.682968 0.212384 0.304322 0.425109
1 0.683276 0.219445 0.307881 0.417783
1 0.688781 0.222558 0.308561 0.427284
1 0.683552 0.221862 0.306432 0.426739
1 0.689067 0.222429 0.316345 0.429634
1 0.686471 0.217151 0.307857 0.427094
1 0.682344 0.219734 0.312396 0.423725
1 0.688518 0.221385 0.311478 0.421102
1 0.682106 0.217844 0.307228 0.419832
1 0.685364 0.222748 0.306996 0.421441
1 0.691970 0.223774 0.322222 0.427442
1 0.214429 0.317982 0.274072 0.348395
1 0.219602 0.329685 0.274990 0.341771
1 0.217314 0.326862 0.272541 0.342278
1 0.218823 0.326482 0.273664 0.334374
1 0.670760 0.220239 0.288514 0.413337
1 0.683094 0.214227 0.305386 0.422334
1 0.684038 0.217620 0.309070 0.422861
1 0.685865 0.214428 0.305824 0.422526
1 0.682268 0.215787 0.307035 0.428263
1 0.685866 0.219448 0.307073 0.423941
1 0.689719 0.219805 0.318175 0.417961
1 0.216370 0.328861 0.270696 0.346185
1 0.216820 0.328663 0.273618 0.340070
1 0.218234 0.329839 0.273453 0.339200
1 0.215822 0.326684 0.271509 0.336252
1 0.217915 0.326941 0.276506 0.337963
1 0.683174 0.215178 0.307272 0.422263
1 0.689547 0.214339 0.303577 0.424151
1 0.684475 0.219441 0.303532 0.430056
1 0.681875 0.216428 0.310136 0.426140
1 0.685366 0.221445 0.302374 0.426277
1 0.692136 0.225577 0.330095 0.425645
1 0.215754 0.323690 0.284204 0.352321
1 0.214435 0.327517 0.275902 0.341934
1 0.214893 0.327961 0.273784 0.338798
1 0.218040 0.325710 0.272363 0.337990
1 0.216578 0.322715 0.273812 0.335445
1 0.218005 0.325454 0.268189 0.335001
1 0.682871 0.219589 0.305672 0.421448
1 0.683647 0.222443 0.304461 0.431166
1 0.682579 0.223582 0.302432 0.425211
1 0.689490 0.218290 0.312180 0.434463
1 0.212446 0.325383 0.270809 0.334474
1 0.218481 0.324559 0.272665 0.340562
1 0.215647 0.325976 0.271097 0.338791
1 0.213457 0.326777 0.276474 0.335693
1 0.212867 0.326991 0.267814 0.334575
1 0.682676 0.218928 0.323961 0.426417
1 0.685702 0.222798 0.314480 0.427868
1 0.213865 0.331183 0.278945 0.335423
1 0.217042 0.325591 0.274377 0.343002
1 0.216234 0.327406 0.280203 0.338122
1 0.214475 0.330043 0.279870 0.341717