1 0.497802 0.196373 0.151471 0.208616
1 0.498746 0.196713 0.150849 0.205173
1 0.499110 0.195313 0.148064 0.202285
1 0.498741 0.194445 0.149695 0.208462
1 0.496848 0.194403 0.152063 0.205680
1 0.499701 0.196016 0.153111 0.205885
1 0.499174 0.197843 0.149782 0.204963
1 0.499551 0.195894 0.150032 0.205978
1 0.498749 0.196148 0.149563 0.202563
1 0.498415 0.193477 0.151784 0.210643
1 0.497826 0.194660 0.154317 0.206565
1 0.499708 0.194418 0.151602 0.207529
1 0.499410 0.194630 0.150184 0.205829
1 0.498902 0.196316 0.149260 0.206481
1 0.498852 0.195617 0.150306 0.204639
1 0.498026 0.195158 0.150177 0.205580
1 0.498262 0.194852 0.153798 0.205855
1 0.499266 0.194723 0.152254 0.205850
1 0.498892 0.194529 0.150762 0.208597
1 0.498171 0.194723 0.150739 0.208708
1 0.499520 0.195299 0.151867 0.208795
1 0.498511 0.194757 0.151255 0.209402
1 0.499287 0.193400 0.154183 0.209775
1 0.498411 0.193642 0.152757 0.209183
1 0.498691 0.194546 0.152842 0.211519
1 0.499750 0.192984 0.151228 0.209935
1 0.497554 0.194712 0.155271 0.208419
1 0.498653 0.192613 0.155029 0.212179
1 0.499141 0.193681 0.153274 0.211724