1 0.462324 0.323550 0.257344 0.392138
1 0.461515 0.324787 0.258316 0.393087
1 0.464782 0.324942 0.260550 0.393385
1 0.463794 0.326808 0.264617 0.394290
1 0.462282 0.326716 0.263491 0.394109
1 0.464243 0.328160 0.266516 0.394044
1 0.463556 0.326490 0.265554 0.398379
1 0.462602 0.326087 0.267315 0.397565
1 0.464377 0.327182 0.270923 0.396872
1 0.463235 0.325399 0.265997 0.400691
1 0.464510 0.323437 0.269708 0.400074
1 0.464977 0.326492 0.269826 0.396188
1 0.463191 0.324603 0.266240 0.399071
1 0.464998 0.324965 0.267667 0.398692
1 0.463665 0.324575 0.271115 0.397220
1 0.464287 0.322639 0.265991 0.395093
1 0.464158 0.323175 0.265888 0.389328
1 0.464383 0.323287 0.270983 0.391082
1 0.465004 0.322886 0.263512 0.390676
1 0.465187 0.322944 0.265618 0.388262
1 0.465174 0.322567 0.267695 0.387011
1 0.464202 0.323631 0.255216 0.398968
1 0.463913 0.322096 0.258263 0.394945
1 0.464888 0.323002 0.264593 0.392334
1 0.461549 0.320564 0.273610 0.402458
1 0.467281 0.328317 0.273630 0.395302
1 0.469139 0.329423 0.269403 0.397534
1 0.470464 0.328168 0.270143 0.393753
1 0.467083 0.328066 0.270965 0.392977
1 0.465585 0.326436 0.274725 0.392527
1 0.468377 0.327473 0.271406 0.393511
1 0.467499 0.328171 0.270654 0.391204
1 0.468523 0.327708 0.265420 0.386929
1 0.463652 0.325565 0.271003 0.394624
1 0.463776 0.322427 0.271147 0.400726
1 0.469265 0.322142 0.273972 0.403514
1 0.468554 0.326241 0.276694 0.404285
1 0.468034 0.324947 0.274844 0.399899
1 0.467596 0.324346 0.266624 0.392279
1 0.461648 0.327770 0.272604 0.389613
1 0.465127 0.323826 0.274177 0.396182
1 0.470491 0.322550 0.271988 0.399493
1 0.468052 0.326462 0.275710 0.402114
1 0.469285 0.325793 0.272795 0.398121
1 0.470401 0.326712 0.272008 0.395801
1 0.463629 0.327592 0.271837 0.398178
1 0.470073 0.326605 0.272766 0.396598
1 0.468519 0.325141 0.266578 0.405914
1 0.468373 0.328632 0.272084 0.396651