1 0.498691 0.353377 0.337967 0.511437
1 0.498659 0.352254 0.339730 0.508222
1 0.495968 0.360777 0.334779 0.518352
1 0.496146 0.361949 0.329312 0.519181
1 0.499259 0.363015 0.341032 0.513898
1 0.500804 0.358714 0.343952 0.521708
1 0.495102 0.358784 0.334322 0.516178
1 0.496059 0.362351 0.339672 0.516813
1 0.497147 0.361029 0.339462 0.521115
1 0.498174 0.361567 0.345076 0.516474
1 0.499618 0.361271 0.343022 0.517349
1 0.502434 0.354177 0.344141 0.515732
1 0.496172 0.364479 0.339498 0.514923
1 0.497199 0.360750 0.339655 0.518571
1 0.499074 0.364552 0.339119 0.525798
1 0.501029 0.363147 0.343181 0.518289
1 0.499720 0.360860 0.341198 0.518134
1 0.499246 0.360244 0.345235 0.511130
1 0.498319 0.360964 0.342631 0.517558
1 0.497191 0.360151 0.342981 0.516807
1 0.496587 0.362612 0.343734 0.520905
1 0.498453 0.363320 0.348095 0.515617
1 0.498540 0.361150 0.344171 0.520989
1 0.497116 0.357241 0.345275 0.520119
1 0.498714 0.360768 0.343990 0.521277
1 0.496651 0.357575 0.344458 0.528604
1 0.500279 0.359506 0.344771 0.529560
1 0.498351 0.359033 0.348797 0.523054
1 0.500436 0.355831 0.348890 0.527008
1 0.499532 0.356816 0.348009 0.523333
1 0.497552 0.359019 0.347096 0.532504
1 0.498416 0.361137 0.348769 0.530321
1 0.499678 0.359120 0.346883 0.530529
1 0.498146 0.358067 0.347865 0.529604
1 0.497894 0.376056 0.344846 0.511068
1 0.496944 0.369360 0.343880 0.515339
1 0.497223 0.366365 0.343508 0.516323
1 0.500350 0.377778 0.347692 0.507008