1 0.526335 0.572722 0.412267 0.617777
1 0.528079 0.576948 0.414811 0.617346
1 0.532759 0.573942 0.412986 0.618021
1 0.521742 0.572644 0.415710 0.627376
1 0.527303 0.580948 0.424148 0.626411
1 0.527404 0.580705 0.416787 0.632972
1 0.525962 0.582243 0.419012 0.626198
1 0.522488 0.576509 0.423343 0.629489
1 0.528020 0.582176 0.419137 0.624509
1 0.535995 0.580038 0.411369 0.626860
1 0.535128 0.583071 0.425843 0.632694
1 0.528023 0.577877 0.425741 0.624697
1 0.519430 0.586711 0.420495 0.625695
1 0.523172 0.584836 0.422620 0.634285
1 0.524580 0.586146 0.414630 0.628671
1 0.527001 0.590033 0.426423 0.634056
1 0.523176 0.589646 0.423025 0.629107
1 0.525527 0.586843 0.421052 0.633117
1 0.525705 0.583016 0.419592 0.636704
1 0.525627 0.581969 0.422707 0.622158
1 0.529208 0.580028 0.424845 0.627258
1 0.529667 0.583867 0.421066 0.628438
1 0.526581 0.583638 0.421575 0.632775
1 0.534941 0.579895 0.425985 0.629766
1 0.530340 0.581938 0.435478 0.637395
1 0.524667 0.587505 0.428165 0.629181
1 0.523408 0.587770 0.415742 0.626388
1 0.521399 0.588581 0.420502 0.631161
1 0.522747 0.590905 0.414352 0.631918
1 0.528523 0.585323 0.424222 0.621563
1 0.526870 0.590331 0.419296 0.619928
1 0.527331 0.585435 0.423677 0.624960
1 0.529058 0.587752 0.423756 0.630204
1 0.526239 0.582880 0.425844 0.625766
1 0.528826 0.585031 0.423569 0.627477
1 0.527459 0.582922 0.422087 0.626395
1 0.528206 0.584016 0.416336 0.626700
1 0.527536 0.586236 0.420126 0.617803
1 0.527970 0.582994 0.423996 0.630570
1 0.526053 0.584928 0.428050 0.631550
1 0.523667 0.584160 0.419525 0.626639
1 0.522328 0.582045 0.420246 0.621180
1 0.522778 0.584985 0.420134 0.630632
1 0.526182 0.580982 0.424267 0.615211
1 0.524065 0.585288 0.424376 0.625178
1 0.525840 0.582244 0.421448 0.616452
1 0.526314 0.586276 0.425761 0.625392
1 0.527978 0.586046 0.427421 0.620032
1 0.528817 0.588428 0.427929 0.626631
1 0.526723 0.579428 0.424308 0.625838
1 0.524881 0.580283 0.421991 0.633665
1 0.526511 0.583979 0.419935 0.622979
1 0.524674 0.579691 0.425922 0.623581
1 0.528067 0.578297 0.424025 0.629733
1 0.524793 0.578081 0.417810 0.628703
1 0.521929 0.580471 0.422891 0.625436
1 0.521944 0.579179 0.422656 0.635573
1 0.525147 0.580744 0.427277 0.625866
1 0.524605 0.583208 0.427806 0.634745
1 0.522806 0.582351 0.424508 0.627492
1 0.524247 0.585849 0.423288 0.626604
1 0.524681 0.579633 0.425951 0.626374
1 0.524653 0.582204 0.424170 0.627903
1 0.526665 0.577565 0.425972 0.635939
1 0.526888 0.575813 0.422461 0.636609
1 0.522836 0.575849 0.420527 0.638987
1 0.521885 0.576267 0.429863 0.642605
1 0.529664 0.580623 0.427574 0.622898
1 0.523631 0.576163 0.424151 0.628498
1 0.524476 0.578793 0.426820 0.624389
1 0.524728 0.576303 0.425526 0.634553
1 0.525180 0.580763 0.424314 0.626073
1 0.523508 0.582503 0.429387 0.637115
1 0.526136 0.580256 0.422793 0.626540
1 0.524092 0.582999 0.425954 0.631988
1 0.524456 0.580077 0.423404 0.629886
1 0.522916 0.584558 0.422527 0.630541
1 0.525729 0.578467 0.427228 0.628177
1 0.528177 0.577030 0.421078 0.630702
1 0.525937 0.574452 0.427312 0.633379
1 0.521941 0.574309 0.437556 0.625621
1 0.519336 0.583617 0.424037 0.613217
1 0.520594 0.588125 0.422906 0.607477
1 0.524812 0.586667 0.427313 0.620120
1 0.526462 0.583754 0.427583 0.614444
1 0.526119 0.587685 0.438972 0.629301
1 0.525570 0.583321 0.422618 0.614892
1 0.522504 0.587974 0.430061 0.621125
1 0.525131 0.580077 0.424707 0.625957
1 0.525902 0.584596 0.428733 0.626074
1 0.528982 0.586117 0.425875 0.618183
1 0.529573 0.583790 0.423535 0.624984
1 0.524331 0.578552 0.437293 0.631061
1 0.523628 0.589763 0.430208 0.602918
1 0.523904 0.582630 0.427842 0.612990
1 0.526702 0.587540 0.428098 0.622258