1 0.564622 0.183709 0.070886 0.089678
1 0.564437 0.183158 0.069746 0.088445
1 0.564380 0.182656 0.069241 0.090716
1 0.564385 0.181946 0.070239 0.088920
1 0.564353 0.183219 0.069592 0.088999
1 0.564082 0.182890 0.070102 0.088698
1 0.564801 0.182657 0.068928 0.091280
1 0.563501 0.181268 0.072401 0.098746
1 0.563762 0.181954 0.070576 0.095026
1 0.563679 0.181227 0.071330 0.096145
1 0.564049 0.182363 0.072186 0.092269
1 0.564225 0.181803 0.073159 0.093785
1 0.564031 0.182656 0.071713 0.093292
1 0.564637 0.183462 0.072807 0.093857