1 0.478227 0.279183 0.391645 0.561810
1 0.475574 0.279826 0.387507 0.562886
1 0.474637 0.284222 0.397005 0.560849
1 0.476765 0.282596 0.397209 0.556806
1 0.475611 0.279675 0.395778 0.558412
1 0.477602 0.285826 0.394427 0.553043
1 0.475741 0.285758 0.400380 0.553250
1 0.473775 0.283363 0.398519 0.547166
1 0.477924 0.282341 0.396339 0.552837
1 0.468665 0.282804 0.392829 0.533995
1 0.476003 0.279566 0.397128 0.547782
1 0.480306 0.279345 0.396924 0.540688
1 0.476594 0.277316 0.401311 0.540627
1 0.475728 0.275556 0.396341 0.539327
1 0.476961 0.277849 0.398165 0.537164
1 0.482605 0.274431 0.387166 0.526317
1 0.470813 0.280173 0.393420 0.528305
1 0.477287 0.274292 0.400764 0.543837
1 0.477408 0.277863 0.397618 0.543701
1 0.473880 0.276924 0.396849 0.538419
1 0.474320 0.277919 0.397961 0.540554
1 0.473902 0.274634 0.402710 0.538384
1 0.477690 0.276577 0.392942 0.522525
1 0.472038 0.278925 0.392364 0.528171
1 0.477191 0.273786 0.398038 0.547220
1 0.478341 0.274249 0.401673 0.548730
1 0.474616 0.275146 0.399917 0.545576
1 0.474867 0.273585 0.392441 0.542155
1 0.476676 0.271455 0.402137 0.545899
1 0.479339 0.275104 0.394545 0.532085
1 0.477873 0.276695 0.398816 0.540275
1 0.476896 0.274396 0.396995 0.544928
1 0.476467 0.276119 0.397370 0.544620
1 0.475131 0.277685 0.397224 0.539109
1 0.476181 0.276724 0.397745 0.542569
1 0.478458 0.273123 0.396636 0.545224
1 0.476179 0.275807 0.393804 0.545754
1 0.476631 0.277042 0.399608 0.543853
1 0.477441 0.280422 0.400403 0.539200