1 0.583060 0.428065 0.435484 0.615727
1 0.587516 0.424376 0.438073 0.615654
1 0.590299 0.419603 0.467199 0.613594
1 0.577199 0.415115 0.455807 0.621350
1 0.584148 0.425030 0.446581 0.619767
1 0.586496 0.421451 0.452388 0.613549
1 0.587365 0.425900 0.455174 0.625276
1 0.582044 0.427512 0.446927 0.614765
1 0.576849 0.427729 0.454988 0.624798
1 0.584078 0.430294 0.446743 0.613055
1 0.580490 0.431293 0.447181 0.607205
1 0.593820 0.426758 0.448065 0.606653
1 0.585949 0.432728 0.459737 0.610511
1 0.585773 0.428430 0.456172 0.619711
1 0.596839 0.417432 0.451736 0.629733
1 0.587586 0.427363 0.465726 0.618749
1 0.592152 0.425495 0.457220 0.605376
1 0.582404 0.420019 0.451806 0.608997
1 0.580275 0.421613 0.433916 0.603038
1 0.590625 0.419992 0.456668 0.610287
1 0.589273 0.418732 0.447588 0.607277
1 0.583938 0.423571 0.448553 0.604791
1 0.578458 0.422844 0.446904 0.604434
1 0.586025 0.424514 0.454028 0.614684
1 0.586718 0.423632 0.448656 0.603276
1 0.586586 0.422846 0.460549 0.610017
1 0.584636 0.422974 0.452421 0.601431
1 0.581057 0.426831 0.463720 0.622223
1 0.588948 0.420318 0.456921 0.627860
1 0.588241 0.427591 0.468829 0.618265
1 0.585488 0.419097 0.451039 0.595607
1 0.580946 0.422186 0.447224 0.601828
1 0.577510 0.421870 0.433383 0.599599
1 0.586423 0.420733 0.452441 0.595820
1 0.584321 0.422946 0.450857 0.602785
1 0.583743 0.420515 0.451737 0.609462
1 0.577991 0.421647 0.453163 0.614816
1 0.585231 0.419814 0.461569 0.613093
1 0.586756 0.419863 0.452716 0.602555
1 0.587310 0.420201 0.458745 0.618117
1 0.587270 0.419852 0.454542 0.609249
1 0.588804 0.419746 0.458520 0.601619
1 0.581439 0.420388 0.459070 0.605912
1 0.584406 0.419953 0.454404 0.608442
1 0.590026 0.417059 0.467667 0.613606
1 0.591130 0.426176 0.477523 0.623573
1 0.588486 0.423714 0.459908 0.607306
1 0.581571 0.418851 0.443171 0.609134
1 0.575418 0.421014 0.433269 0.609676
1 0.581828 0.418989 0.445352 0.601108
1 0.578187 0.421235 0.452348 0.618507
1 0.582143 0.420152 0.459472 0.616044
1 0.579966 0.421971 0.456505 0.614351
1 0.581340 0.416818 0.470323 0.620356
1 0.582440 0.417096 0.459973 0.608012
1 0.582602 0.418922 0.461171 0.621992
1 0.582358 0.418330 0.452837 0.605659
1 0.582468 0.420053 0.462323 0.604183
1 0.572966 0.417727 0.458071 0.597195
1 0.576111 0.412959 0.465342 0.603661
1 0.586024 0.415853 0.475303 0.617094
1 0.589397 0.422265 0.479933 0.620183
1 0.587732 0.423430 0.463448 0.610172
1 0.579417 0.417130 0.446754 0.613295
1 0.575411 0.416529 0.436600 0.605446
1 0.581354 0.418268 0.444111 0.602351
1 0.575849 0.423146 0.456394 0.615861
1 0.581080 0.415724 0.454505 0.615301
1 0.580715 0.417510 0.463540 0.625271
1 0.581645 0.414022 0.465583 0.622878
1 0.581709 0.411882 0.463951 0.619095
1 0.581288 0.414063 0.460172 0.622689
1 0.581462 0.411744 0.456072 0.609583
1 0.586685 0.417734 0.463094 0.608969
1 0.582129 0.412278 0.458407 0.598797
1 0.575943 0.404870 0.475751 0.609120
1 0.588190 0.431783 0.486817 0.623025
1 0.585805 0.426789 0.459971 0.604239
1 0.577687 0.420290 0.459597 0.608542
1 0.581664 0.421742 0.446368 0.595720
1 0.581619 0.415047 0.449670 0.616764
1 0.576808 0.423981 0.452391 0.615694
1 0.581521 0.411072 0.455723 0.621710
1 0.579423 0.414929 0.459363 0.625079
1 0.582489 0.409343 0.460127 0.625159
1 0.577904 0.408117 0.457375 0.616991
1 0.583941 0.405845 0.453752 0.623791
1 0.578475 0.401104 0.453509 0.622704
1 0.573353 0.405234 0.471113 0.631403
1 0.574054 0.402665 0.476493 0.637329
1 0.584825 0.422774 0.472859 0.614198
1 0.585009 0.414523 0.457302 0.604342
1 0.578992 0.409043 0.454471 0.620755
1 0.582574 0.413275 0.457008 0.619219
1 0.582843 0.403254 0.456436 0.626955
1 0.578861 0.408200 0.464933 0.632568
1 0.588077 0.402009 0.456132 0.628261
1 0.579914 0.405975 0.466736 0.636287
1 0.589786 0.410264 0.454151 0.619454
1 0.580391 0.407226 0.468751 0.637520
1 0.573519 0.401762 0.479000 0.644513
1 0.586996 0.416213 0.461865 0.615761