1 0.622814 0.344656 0.271508 0.369962
1 0.627061 0.345672 0.269163 0.370684
1 0.627195 0.345891 0.268409 0.365301
1 0.626928 0.343761 0.270882 0.363276
1 0.624795 0.344962 0.268476 0.355319
1 0.625596 0.342215 0.271517 0.359750
1 0.625525 0.341713 0.274537 0.361379
1 0.625632 0.342902 0.272652 0.360497
1 0.625023 0.344316 0.268424 0.361597
1 0.625445 0.342242 0.274373 0.364708
1 0.626076 0.342270 0.272368 0.365926
1 0.624763 0.342380 0.266258 0.364036
1 0.623332 0.344496 0.271957 0.370892
1 0.627266 0.342223 0.272273 0.366009
1 0.625471 0.340925 0.269868 0.364162
1 0.624108 0.341918 0.268821 0.362645
1 0.623773 0.342698 0.270626 0.368819
1 0.625335 0.341266 0.271024 0.373554
1 0.624707 0.340644 0.268409 0.369226
1 0.623132 0.342498 0.265351 0.369426
1 0.623699 0.343239 0.270578 0.366289
1 0.624035 0.341584 0.274659 0.369017
1 0.624564 0.339564 0.268928 0.369967
1 0.624250 0.339209 0.270031 0.365614
1 0.624052 0.342110 0.274427 0.370467
1 0.623903 0.340887 0.275283 0.373418
1 0.623660 0.340202 0.273072 0.375487
1 0.624753 0.338531 0.268298 0.369977
1 0.624367 0.343944 0.269433 0.370010
1 0.623695 0.343299 0.269502 0.368980
1 0.625981 0.344757 0.267645 0.362645
1 0.630208 0.346204 0.273628 0.370284
1 0.621109 0.342783 0.276025 0.367641
1 0.622829 0.343360 0.276880 0.371303
1 0.625055 0.345674 0.275896 0.375422
1 0.628740 0.345635 0.271572 0.366209
1 0.625011 0.344392 0.271153 0.363861
1 0.626144 0.346433 0.269387 0.359810
1 0.624032 0.343580 0.273312 0.367986
1 0.624549 0.345975 0.271593 0.370100
1 0.623006 0.345220 0.271645 0.375712
1 0.623757 0.345576 0.269095 0.366846
1 0.622716 0.345517 0.266116 0.364050
1 0.623792 0.340457 0.267846 0.365080
1 0.623933 0.344192 0.273095 0.369498
1 0.624754 0.342888 0.269807 0.374054
1 0.623026 0.344723 0.270813 0.370606
1 0.622147 0.342822 0.270712 0.369627
1 0.621369 0.341758 0.274356 0.365839
1 0.620512 0.342612 0.273484 0.360572
1 0.620036 0.343209 0.271022 0.367251
1 0.618207 0.344269 0.272897 0.367412
1 0.617476 0.345338 0.271408 0.370819
1 0.624083 0.343207 0.268717 0.368185
1 0.618249 0.345293 0.279772 0.370092
1 0.615848 0.348774 0.282276 0.363176
1 0.623004 0.349284 0.277464 0.368017