1 0.554851 0.322188 0.298769 0.421889
1 0.555131 0.323571 0.299431 0.426311
1 0.553606 0.321678 0.298639 0.413899
1 0.555349 0.318907 0.297998 0.409346
1 0.553662 0.319342 0.297626 0.411291
1 0.553913 0.322265 0.296211 0.411892
1 0.554769 0.324316 0.298485 0.415086
1 0.552698 0.321760 0.294205 0.415417
1 0.554102 0.322563 0.299283 0.414229
1 0.555651 0.321318 0.299163 0.410109
1 0.555116 0.321879 0.297502 0.410741
1 0.555053 0.320923 0.303520 0.411337
1 0.556478 0.323886 0.300020 0.407349
1 0.551471 0.319889 0.298566 0.414936
1 0.555036 0.322887 0.298574 0.411756
1 0.555402 0.321131 0.301254 0.417507
1 0.555230 0.319523 0.302060 0.416723
1 0.555669 0.321277 0.305058 0.413169
1 0.555544 0.323916 0.304011 0.406250
1 0.552559 0.321405 0.299373 0.410851
1 0.555643 0.323205 0.298676 0.412624
1 0.555133 0.321487 0.305970 0.418069
1 0.555490 0.319998 0.305118 0.410660
1 0.554529 0.321831 0.305977 0.417170
1 0.551064 0.319593 0.302880 0.417085
1 0.552540 0.319823 0.304770 0.417212
1 0.556491 0.320123 0.303192 0.417113
1 0.555660 0.319917 0.302396 0.413042
1 0.552633 0.324470 0.308798 0.409280
1 0.553826 0.324903 0.306567 0.411678