1 0.494700 0.176360 0.101682 0.136106
1 0.494641 0.175548 0.102909 0.139257
1 0.494624 0.176695 0.102000 0.135097
1 0.495289 0.174718 0.107907 0.143795
1 0.494851 0.176301 0.102185 0.135630
1 0.494678 0.174959 0.106302 0.143181
1 0.495075 0.177444 0.102033 0.134688
1 0.495997 0.175571 0.107210 0.142245
1 0.494500 0.175443 0.105716 0.142753
1 0.494908 0.177410 0.103698 0.134692
1 0.495294 0.177098 0.101764 0.133781
1 0.495989 0.177492 0.102381 0.135934
1 0.495772 0.177533 0.102601 0.135313
1 0.496206 0.177535 0.102183 0.133428