1 0.658969 0.375489 0.284793 0.524991
1 0.658109 0.373490 0.280098 0.511409
1 0.653555 0.382012 0.287333 0.523521
1 0.664520 0.388450 0.281892 0.501679
1 0.663238 0.386044 0.280753 0.510357
1 0.659599 0.381375 0.277356 0.502732
1 0.658991 0.386685 0.284774 0.494981
1 0.666721 0.387148 0.282883 0.488636
1 0.668886 0.387392 0.281962 0.496505
1 0.662126 0.387835 0.286765 0.489718
1 0.664404 0.390787 0.283043 0.498178
1 0.655130 0.390437 0.296928 0.486822
1 0.663354 0.387575 0.285542 0.480943
1 0.663136 0.388528 0.285532 0.481475
1 0.660655 0.386571 0.294392 0.488878
1 0.659794 0.389466 0.292972 0.490652
1 0.662894 0.392753 0.293061 0.482051
1 0.656683 0.392071 0.295851 0.472441
1 0.661891 0.383261 0.280708 0.486451
1 0.659259 0.388345 0.288394 0.473329
1 0.660168 0.385555 0.288490 0.481756
1 0.659002 0.387913 0.294447 0.477640
1 0.663036 0.395586 0.306543 0.482370
1 0.658192 0.389891 0.279673 0.467820
1 0.660469 0.387909 0.297031 0.476867
1 0.659483 0.390351 0.292705 0.470943
1 0.658675 0.389316 0.290631 0.473510
1 0.664902 0.397678 0.300904 0.486172
1 0.653925 0.402116 0.294698 0.458873
1 0.660400 0.389434 0.291483 0.475616
1 0.659816 0.395693 0.290671 0.469898
1 0.665405 0.396581 0.287415 0.467862