1 0.609247 0.286365 0.168546 0.355701
1 0.614501 0.288043 0.177104 0.354356
1 0.621477 0.286652 0.184769 0.351323
1 0.610955 0.289882 0.162774 0.332492
1 0.613313 0.291181 0.170711 0.334208
1 0.615955 0.290920 0.173683 0.330028
1 0.624310 0.284709 0.185076 0.341417
1 0.605405 0.290330 0.157598 0.319935
1 0.610159 0.290850 0.163625 0.323194
1 0.610961 0.291054 0.167388 0.320979
1 0.611789 0.291919 0.164957 0.322370
1 0.617231 0.291799 0.174409 0.327044
1 0.605363 0.292565 0.158736 0.322156
1 0.608349 0.291386 0.162638 0.331875
1 0.610021 0.290072 0.164052 0.325828
1 0.610834 0.290002 0.164843 0.328765
1 0.613413 0.293146 0.173087 0.320830
1 0.605136 0.293061 0.161727 0.326742
1 0.608119 0.289969 0.162721 0.334955
1 0.608095 0.289632 0.162769 0.327704
1 0.611180 0.292078 0.166501 0.324585
1 0.612311 0.293375 0.171242 0.315777
1 0.605579 0.293322 0.161509 0.327775
1 0.606941 0.292155 0.162959 0.328014
1 0.607859 0.292353 0.165247 0.326869
1 0.609346 0.291903 0.169730 0.327053
1 0.611818 0.292182 0.173257 0.316883
1 0.605023 0.294359 0.163707 0.327092
1 0.605579 0.291878 0.164487 0.323688
1 0.605200 0.291858 0.165346 0.322987
1 0.608451 0.292127 0.166522 0.322717
1 0.611269 0.292756 0.168443 0.315880
1 0.939959 0.375580 0.088280 0.138691
1 0.270283 0.460442 0.209542 0.307157
1 0.273492 0.460663 0.205880 0.303091
1 0.604056 0.293727 0.163265 0.317884
1 0.605013 0.291942 0.163949 0.318884
1 0.607611 0.292535 0.166340 0.319099
1 0.608725 0.294519 0.166470 0.314237
1 0.613727 0.297443 0.172213 0.311173
1 0.937063 0.376667 0.087507 0.138246
1 0.938880 0.376743 0.087703 0.140419
1 0.941198 0.377115 0.087528 0.140482
1 0.269669 0.461992 0.209890 0.304477
1 0.271158 0.463890 0.203347 0.300811
1 0.272517 0.464692 0.206415 0.302131
1 0.273315 0.462957 0.206023 0.304246
1 0.603800 0.295192 0.164106 0.313945
1 0.608251 0.294686 0.165852 0.314010
1 0.610271 0.296803 0.168145 0.306854
1 0.935921 0.375630 0.088895 0.144577
1 0.938335 0.375916 0.088176 0.140583
1 0.940593 0.375347 0.086545 0.142440
1 0.269720 0.458501 0.214055 0.302154
1 0.271532 0.460723 0.207177 0.299502
1 0.271473 0.461554 0.204089 0.303254
1 0.272093 0.462698 0.208855 0.303201
1 0.272939 0.463819 0.209417 0.300494
1 0.275928 0.464502 0.201325 0.298062
1 0.937653 0.373058 0.090074 0.146434
1 0.269959 0.459285 0.214774 0.303168
1 0.272036 0.459663 0.212094 0.308155
1 0.274114 0.461484 0.209548 0.305585
1 0.273175 0.462469 0.205883 0.300794
1 0.273920 0.463918 0.208954 0.295667
1 0.275462 0.465504 0.202548 0.292966
1 0.270336 0.458280 0.214555 0.305077
1 0.271976 0.459613 0.210107 0.312114
1 0.275605 0.461000 0.209631 0.305824
1 0.273386 0.461501 0.205673 0.301915
1 0.273022 0.464906 0.204903 0.299929
1 0.274724 0.465134 0.201646 0.291842
1 0.271304 0.457405 0.215628 0.306878
1 0.272645 0.457477 0.209314 0.308257
1 0.276775 0.459748 0.207184 0.301031
1 0.275002 0.460439 0.206895 0.302975
1 0.274363 0.463574 0.204861 0.298944
1 0.275697 0.466003 0.201618 0.293381
1 0.270237 0.459675 0.218351 0.309835
1 0.274061 0.458524 0.209941 0.308212
1 0.275011 0.461281 0.209063 0.306041
1 0.274287 0.461766 0.208676 0.302800
1 0.274374 0.463562 0.205643 0.299382
1 0.277639 0.467400 0.199198 0.292810
1 0.272780 0.459726 0.212841 0.309351
1 0.274970 0.460181 0.209407 0.311224
1 0.273525 0.462522 0.209363 0.301564
1 0.276626 0.465556 0.205654 0.297613
1 0.273546 0.463142 0.215158 0.307979
1 0.275162 0.464940 0.206559 0.302102
1 0.272770 0.462149 0.212352 0.309535
1 0.274917 0.460214 0.213695 0.300000
1 0.275321 0.464663 0.210383 0.304390
1 0.271663 0.464700 0.209251 0.303790
1 0.279271 0.464964 0.217765 0.304492
1 0.271410 0.464718 0.209971 0.318891
1 0.274313 0.462476 0.209152 0.301350
1 0.271940 0.466168 0.207294 0.296771
1 0.268638 0.465246 0.210064 0.305003
1 0.276575 0.471061 0.212894 0.303644
1 0.270174 0.463841 0.214585 0.310125
1 0.270543 0.463105 0.210312 0.305378
1 0.272310 0.467230 0.209823 0.300342