1 0.549046 0.384991 0.326326 0.432524
1 0.553346 0.384756 0.320924 0.431986
1 0.557229 0.384833 0.319906 0.426750
1 0.553555 0.386415 0.327507 0.425858
1 0.555533 0.389715 0.323920 0.428548
1 0.556880 0.387205 0.325792 0.429448
1 0.553300 0.382314 0.315696 0.425412
1 0.559525 0.383940 0.319736 0.416975
1 0.554583 0.383838 0.325184 0.415364
1 0.554108 0.384228 0.323608 0.418788
1 0.558210 0.382581 0.321327 0.415379
1 0.554548 0.382466 0.328902 0.419697
1 0.557094 0.382881 0.321256 0.411960
1 0.556362 0.383973 0.321938 0.417604
1 0.555348 0.386327 0.321099 0.415251
1 0.558845 0.384129 0.322664 0.416827
1 0.556111 0.382800 0.318393 0.415375
1 0.550050 0.379993 0.329351 0.412201
1 0.554759 0.386454 0.314054 0.414063
1 0.556734 0.385524 0.319360 0.414068
1 0.556846 0.387143 0.326084 0.419274
1 0.558313 0.387384 0.321746 0.415551
1 0.557583 0.384467 0.328100 0.417865
1 0.554737 0.380618 0.339317 0.421175
1 0.553224 0.388395 0.324277 0.405273
1 0.555550 0.381433 0.328332 0.423788
1 0.560064 0.380594 0.322703 0.408689
1 0.559743 0.382414 0.325618 0.416083
1 0.559332 0.387901 0.334784 0.415245
1 0.548405 0.393295 0.326662 0.400117
1 0.557283 0.385423 0.325613 0.417850
1 0.557785 0.382464 0.319898 0.415045
1 0.561243 0.388032 0.327640 0.409103