1 0.575709 0.364962 0.293032 0.430274
1 0.573433 0.364799 0.294410 0.419221
1 0.573203 0.366060 0.292418 0.426807
1 0.572080 0.360000 0.290444 0.425297
1 0.578270 0.363320 0.292520 0.411750
1 0.580313 0.361445 0.290868 0.414873
1 0.577118 0.362253 0.290192 0.417113
1 0.576283 0.359688 0.290304 0.416897
1 0.567605 0.356558 0.302320 0.424974
1 0.576366 0.360279 0.292322 0.409872
1 0.578781 0.359644 0.292748 0.413121
1 0.580159 0.362195 0.293856 0.414364
1 0.575681 0.362189 0.290915 0.412050
1 0.577600 0.360227 0.291919 0.412882
1 0.579797 0.359207 0.293673 0.428514
1 0.569561 0.364738 0.300188 0.419905
1 0.576424 0.358701 0.291095 0.408480
1 0.576698 0.358890 0.294369 0.414886
1 0.575316 0.360203 0.292934 0.414546
1 0.575298 0.359982 0.289972 0.409928
1 0.577732 0.360312 0.291514 0.413715
1 0.578396 0.362619 0.296003 0.415882
1 0.575456 0.358620 0.290880 0.409241
1 0.573761 0.359463 0.293258 0.411132
1 0.576688 0.358008 0.294813 0.417553
1 0.572785 0.359015 0.296871 0.411544
1 0.579927 0.359241 0.302221 0.414925
1 0.572656 0.359512 0.294599 0.414430
1 0.571848 0.359361 0.300861 0.416575
1 0.577015 0.357112 0.299810 0.415309