1 0.121126 0.153342 0.063662 0.090423
1 0.120777 0.152631 0.064402 0.092957
1 0.120072 0.154278 0.064705 0.084846
1 0.120358 0.152852 0.063181 0.087385
1 0.120719 0.153501 0.063719 0.088228
1 0.516883 0.162401 0.061627 0.089359
1 0.516618 0.162978 0.061571 0.087916
1 0.845903 0.159590 0.061712 0.088733
1 0.846367 0.159622 0.062136 0.088951
1 0.119486 0.153860 0.064521 0.083965
1 0.120224 0.152557 0.063496 0.088782
1 0.120604 0.152920 0.063747 0.086562
1 0.516702 0.162367 0.061889 0.083791
1 0.516995 0.161753 0.061433 0.086464
1 0.517335 0.162819 0.061091 0.082470
1 0.844976 0.160220 0.061497 0.084955
1 0.845903 0.158750 0.062194 0.089423
1 0.846490 0.159012 0.060461 0.087866
1 0.119402 0.153755 0.062493 0.085168
1 0.120544 0.152534 0.063435 0.086060
1 0.120808 0.153898 0.063901 0.085606
1 0.517095 0.162038 0.063718 0.084987
1 0.517429 0.161349 0.061762 0.087203
1 0.517508 0.162562 0.061603 0.085181
1 0.844972 0.160363 0.062992 0.082722
1 0.846205 0.159216 0.062344 0.089171
1 0.846276 0.159694 0.061302 0.086713
1 0.517369 0.162645 0.061726 0.086294
1 0.517726 0.161242 0.062346 0.085385
1 0.518506 0.163403 0.061974 0.084749
1 0.846219 0.159065 0.060828 0.087372
1 0.847188 0.159855 0.062503 0.089045
1 0.120546 0.151977 0.065607 0.089148
1 0.120705 0.152338 0.064127 0.089893
1 0.516798 0.161401 0.061601 0.088595
1 0.517887 0.159861 0.061168 0.088988
1 0.847155 0.159286 0.061627 0.091290
1 0.847523 0.159049 0.060893 0.090135
1 0.119249 0.152673 0.066106 0.089722
1 0.120757 0.153187 0.064382 0.090111
1 0.120874 0.153014 0.065325 0.089679
1 0.517065 0.161973 0.062896 0.089371
1 0.518015 0.162128 0.062154 0.087172
1 0.517476 0.161218 0.062080 0.086900
1 0.846828 0.159639 0.064654 0.093330
1 0.847470 0.160197 0.061448 0.089954
1 0.847182 0.159389 0.061614 0.089779
1 0.517386 0.163138 0.062981 0.088440
1 0.518246 0.163388 0.063771 0.088956
1 0.848488 0.160469 0.063160 0.093034
1 0.847688 0.160850 0.062133 0.091820