1 0.529826 0.354949 0.245874 0.350133
1 0.529256 0.355394 0.247668 0.350723
1 0.529783 0.354426 0.249473 0.354506
1 0.530505 0.355678 0.245550 0.349749
1 0.529783 0.356185 0.245234 0.350146
1 0.528644 0.357232 0.252701 0.351989
1 0.528672 0.358014 0.248432 0.345599
1 0.532684 0.357569 0.247894 0.344407
1 0.531000 0.355342 0.246276 0.347506
1 0.528928 0.354301 0.245378 0.348767
1 0.529870 0.354800 0.250595 0.350649
1 0.528471 0.357049 0.246830 0.347592
1 0.529877 0.358461 0.245845 0.341900
1 0.530485 0.357389 0.246932 0.348453
1 0.530205 0.355137 0.246757 0.346924
1 0.530759 0.354200 0.248778 0.348048
1 0.529747 0.357580 0.248132 0.345819
1 0.530858 0.359092 0.246665 0.342879
1 0.528625 0.357542 0.244472 0.345056
1 0.529578 0.357005 0.246812 0.350042
1 0.530909 0.355630 0.244997 0.349216
1 0.529491 0.356688 0.249789 0.349107
1 0.531774 0.358229 0.245160 0.344098
1 0.528491 0.356511 0.246543 0.344194
1 0.531080 0.355834 0.249722 0.347556
1 0.529768 0.355781 0.245183 0.347412
1 0.529482 0.357322 0.248630 0.345285
1 0.532073 0.358564 0.245470 0.338469
1 0.528192 0.356642 0.244431 0.348762
1 0.529913 0.356030 0.250259 0.351668
1 0.529810 0.355400 0.250014 0.351092
1 0.529260 0.356285 0.249716 0.348627
1 0.531393 0.359447 0.248008 0.341495
1 0.529461 0.358463 0.245897 0.348530
1 0.530308 0.356335 0.249545 0.349318
1 0.529494 0.357283 0.248620 0.349712
1 0.529660 0.358054 0.249085 0.350233
1 0.530061 0.360738 0.250097 0.353351
1 0.529961 0.362641 0.248421 0.346204
1 0.532115 0.366793 0.250798 0.343363
1 0.529642 0.354991 0.245639 0.353920
1 0.535265 0.361154 0.246912 0.340944
1 0.529960 0.358925 0.246931 0.337194
1 0.527822 0.358692 0.249106 0.343185
1 0.532255 0.356726 0.251759 0.348141
1 0.532431 0.361375 0.242626 0.345728
1 0.531962 0.359805 0.244287 0.340571
1 0.531914 0.359538 0.247207 0.343925
1 0.529018 0.360182 0.246248 0.345187
1 0.530895 0.359556 0.244541 0.342714
1 0.532813 0.357515 0.246694 0.344419
1 0.532968 0.358820 0.244948 0.345907
1 0.531101 0.359765 0.244795 0.343587
1 0.529427 0.357450 0.242346 0.347510
1 0.529833 0.359480 0.246295 0.340729
1 0.531325 0.355761 0.245556 0.343404
1 0.531362 0.356065 0.247760 0.346758
1 0.529587 0.359389 0.244922 0.339285
1 0.528577 0.359890 0.242030 0.340353
1 0.529991 0.358676 0.245705 0.337956
1 0.528223 0.358557 0.260243 0.349643
1 0.531925 0.364388 0.251165 0.343850
1 0.532181 0.362384 0.250977 0.349969