1 0.327507 0.406438 0.355793 0.462612
1 0.316398 0.403851 0.354735 0.447940
1 0.323292 0.411559 0.356119 0.440753
1 0.319913 0.411863 0.349705 0.436148
1 0.318748 0.408052 0.353625 0.444451
1 0.319249 0.407254 0.354133 0.436353
1 0.319796 0.408228 0.356999 0.432546
1 0.319706 0.411405 0.350078 0.439183
1 0.319878 0.409755 0.353041 0.441962
1 0.319869 0.407762 0.344417 0.439927
1 0.314199 0.413216 0.345411 0.438144
1 0.319437 0.410915 0.353574 0.447464
1 0.320429 0.411487 0.358469 0.447950
1 0.321052 0.407748 0.358713 0.442661
1 0.318929 0.407190 0.353639 0.438194
1 0.315536 0.407823 0.353770 0.436286
1 0.323533 0.405085 0.351956 0.438753
1 0.314798 0.414477 0.348958 0.432828
1 0.317461 0.410546 0.355583 0.442093
1 0.317960 0.412115 0.360648 0.442427
1 0.318133 0.407619 0.355379 0.445248
1 0.318834 0.407862 0.355312 0.443596
1 0.317577 0.407361 0.355727 0.442774
1 0.322618 0.409241 0.355857 0.440678
1 0.312880 0.418983 0.349868 0.429010
1 0.317049 0.413684 0.362180 0.444809
1 0.321134 0.407992 0.358939 0.442477
1 0.317822 0.409620 0.353716 0.442458
1 0.319995 0.411079 0.352710 0.441448
1 0.318394 0.412012 0.359906 0.446310
1 0.318735 0.412536 0.356823 0.438728
1 0.321827 0.411362 0.359745 0.433094
1 0.318411 0.412503 0.355233 0.441682
1 0.317059 0.413758 0.358592 0.447018
1 0.321943 0.414666 0.355356 0.446062
1 0.317025 0.412558 0.358912 0.438936
1 0.317526 0.405508 0.363796 0.450825
1 0.317965 0.416311 0.362339 0.439692