1 0.043698 0.269526 0.051595 0.088258
1 0.042333 0.270197 0.053133 0.083296
1 0.043863 0.270472 0.052941 0.082658
1 0.043766 0.270228 0.051770 0.084088
1 0.042882 0.270171 0.054861 0.083808
1 0.042905 0.269056 0.052798 0.086790
1 0.044362 0.271062 0.051361 0.079602
1 0.645988 0.290645 0.058470 0.095715
1 0.648172 0.290765 0.063304 0.095474
1 0.042188 0.270201 0.054489 0.084692
1 0.043660 0.269943 0.054261 0.086676
1 0.044498 0.270109 0.052294 0.082105
1 0.645673 0.290959 0.060611 0.092938
1 0.648539 0.292278 0.061245 0.092430
1 0.043059 0.270578 0.052929 0.084651
1 0.645860 0.290880 0.059584 0.093274
1 0.648069 0.291135 0.061455 0.092389
1 0.646037 0.291709 0.060471 0.090066
1 0.647699 0.291227 0.060275 0.089342
1 0.644860 0.292698 0.060345 0.089703
1 0.083306 0.338119 0.022726 0.028442
1 0.218843 0.338657 0.032393 0.046389
1 0.219504 0.340397 0.031255 0.045123
1 0.219456 0.339255 0.031594 0.044505
1 0.219139 0.339044 0.032657 0.046062
1 0.083596 0.337892 0.022317 0.027201
1 0.118124 0.350738 0.015869 0.020214
1 0.220128 0.338284 0.031541 0.045606
1 0.219512 0.340060 0.032115 0.044283
1 0.219048 0.339308 0.031986 0.043859
1 0.219626 0.339470 0.032461 0.045568
1 0.118262 0.351172 0.015893 0.019780
1 0.042503 0.268491 0.055427 0.089596
1 0.044310 0.269551 0.053806 0.086859
1 0.044168 0.269518 0.053954 0.087630
1 0.646975 0.290483 0.063414 0.098785
1 0.646364 0.290000 0.063981 0.098061
1 0.044521 0.270424 0.055074 0.085504
1 0.044312 0.270050 0.055244 0.085572
1 0.644581 0.290756 0.060775 0.096987
1 0.645066 0.291964 0.062015 0.092743
1 0.646003 0.290800 0.059742 0.090646
1 0.646145 0.291898 0.062678 0.094682
1 0.645748 0.291678 0.062165 0.091942