1 0.441194 0.159777 0.110269 0.147362
1 0.442101 0.160566 0.110325 0.145285
1 0.442237 0.159649 0.111827 0.147427
1 0.441621 0.161210 0.110857 0.143730
1 0.441021 0.160354 0.110573 0.143749
1 0.441400 0.161098 0.110936 0.142921
1 0.441977 0.159991 0.111865 0.145780
1 0.441574 0.159927 0.113410 0.147311
1 0.440514 0.158005 0.112272 0.153621
1 0.442033 0.161250 0.109160 0.142966
1 0.441233 0.159280 0.110501 0.145782
1 0.442004 0.159957 0.110133 0.144511
1 0.441964 0.160756 0.110962 0.147035
1 0.442338 0.160573 0.111464 0.144617
1 0.442654 0.160712 0.111794 0.145849
1 0.442290 0.159808 0.113266 0.147397
1 0.441346 0.161856 0.110311 0.142190
1 0.441441 0.160328 0.113249 0.147808
1 0.442185 0.160802 0.111038 0.144905
1 0.442732 0.160837 0.112414 0.147008
1 0.441537 0.160941 0.111736 0.145409
1 0.441926 0.161656 0.111578 0.145848
1 0.440635 0.160888 0.112148 0.147145
1 0.441736 0.162836 0.108573 0.143134