1 0.322457 0.347312 0.368505 0.513893
1 0.326281 0.355168 0.379687 0.514221
1 0.329383 0.349817 0.370696 0.507377
1 0.326787 0.347840 0.364591 0.495639
1 0.325323 0.359831 0.366862 0.494558
1 0.327603 0.356807 0.376362 0.499402
1 0.322542 0.352878 0.370665 0.499182
1 0.327245 0.342958 0.365668 0.504811
1 0.331573 0.350095 0.367157 0.499221
1 0.326683 0.353455 0.369936 0.494809
1 0.327160 0.350837 0.371585 0.492453
1 0.325032 0.355175 0.369421 0.494601
1 0.324043 0.352123 0.370846 0.500752
1 0.323841 0.354674 0.362038 0.477556
1 0.329491 0.353817 0.363398 0.493624
1 0.326236 0.357164 0.356992 0.493269
1 0.327425 0.353172 0.363764 0.493845
1 0.326478 0.354168 0.362958 0.490110
1 0.322314 0.351507 0.366994 0.496337
1 0.329528 0.347126 0.365878 0.485842
1 0.325551 0.353366 0.355817 0.478910
1 0.328894 0.348578 0.365250 0.485316
1 0.328583 0.352210 0.364110 0.485362
1 0.330149 0.352472 0.360407 0.485000
1 0.325798 0.353824 0.358678 0.490502
1 0.323629 0.351126 0.366310 0.490300
1 0.326469 0.344706 0.375587 0.489509
1 0.326540 0.351205 0.366755 0.487536
1 0.328426 0.346153 0.371107 0.501569
1 0.329991 0.350679 0.364693 0.490731
1 0.329208 0.351144 0.361815 0.483651
1 0.324799 0.349117 0.362686 0.490631
1 0.326703 0.347632 0.366751 0.481201
1 0.328710 0.344592 0.365402 0.507381
1 0.328661 0.346691 0.369564 0.505686
1 0.329409 0.346644 0.366349 0.506370
1 0.329665 0.348428 0.363463 0.501694
1 0.326954 0.354024 0.360972 0.486162
1 0.327325 0.351846 0.365426 0.491779
1 0.330873 0.356958 0.362940 0.492934