1 0.564919 0.185487 0.159958 0.223438
1 0.565404 0.186211 0.158837 0.216091
1 0.566167 0.185472 0.158963 0.217079
1 0.565809 0.185694 0.157537 0.220801
1 0.565699 0.186932 0.156814 0.211480
1 0.566115 0.185865 0.158313 0.214572
1 0.565819 0.185595 0.158693 0.213842
1 0.566656 0.186631 0.159393 0.217395
1 0.566076 0.187645 0.159565 0.218359
1 0.565863 0.186405 0.158537 0.215272
1 0.565433 0.186438 0.159919 0.212741
1 0.565753 0.184659 0.158080 0.214026
1 0.566067 0.186178 0.157051 0.213740
1 0.566932 0.185526 0.159391 0.217723
1 0.562146 0.188567 0.157525 0.216592
1 0.565945 0.186985 0.157211 0.214818
1 0.566397 0.186027 0.158140 0.213003
1 0.565342 0.186056 0.158694 0.213019
1 0.565444 0.186932 0.158457 0.215983
1 0.566147 0.186579 0.158915 0.215274
1 0.565605 0.186925 0.157700 0.213734
1 0.566253 0.186629 0.156914 0.214452
1 0.565552 0.186552 0.159130 0.216004
1 0.564747 0.184841 0.158124 0.217126
1 0.565575 0.186394 0.155416 0.214375
1 0.566870 0.186632 0.157067 0.215315
1 0.568198 0.187775 0.157470 0.210663
1 0.565488 0.187971 0.155833 0.213237
1 0.565957 0.186467 0.158735 0.215758
1 0.566171 0.186136 0.159450 0.213531
1 0.566124 0.186284 0.155806 0.217706
1 0.566958 0.186418 0.156534 0.214454
1 0.564587 0.188589 0.158543 0.217846
1 0.566580 0.187636 0.159136 0.215384
1 0.565638 0.186702 0.159856 0.217881