1 0.128438 0.555675 0.230982 0.311445
1 0.130254 0.554690 0.230196 0.309662
1 0.131892 0.550769 0.234703 0.318938
1 0.128813 0.555966 0.230896 0.310639
1 0.128080 0.555484 0.231592 0.305433
1 0.127742 0.555571 0.234382 0.310294
1 0.126956 0.554738 0.232813 0.307192
1 0.130847 0.550932 0.232201 0.310672
1 0.127529 0.555507 0.234307 0.305169
1 0.127934 0.554617 0.235582 0.307201
1 0.127153 0.553794 0.233535 0.306504
1 0.128332 0.554905 0.234228 0.306061
1 0.127773 0.555915 0.235047 0.305831
1 0.127303 0.554299 0.231474 0.303730
1 0.128375 0.557171 0.232715 0.299688
1 0.127322 0.554654 0.229096 0.304661
1 0.127830 0.555825 0.234595 0.304141
1 0.127473 0.554258 0.236692 0.301435
1 0.126573 0.555167 0.234550 0.302027
1 0.127395 0.554124 0.231152 0.303817
1 0.129393 0.556073 0.230549 0.303639
1 0.127739 0.553870 0.230294 0.303258
1 0.127313 0.553149 0.233749 0.301923
1 0.126171 0.554071 0.232309 0.301466
1 0.126898 0.554220 0.233759 0.301435
1 0.128199 0.553007 0.230344 0.306399
1 0.127667 0.556642 0.228433 0.300169
1 0.126132 0.553513 0.227728 0.305799
1 0.127233 0.553719 0.235267 0.308146
1 0.127596 0.554341 0.233386 0.305050
1 0.126918 0.555419 0.234521 0.304274
1 0.129059 0.553889 0.231875 0.302286
1 0.128367 0.552980 0.232320 0.307986
1 0.127294 0.553098 0.234919 0.305345
1 0.128695 0.553795 0.231990 0.302272
1 0.128114 0.553669 0.233553 0.306915
1 0.130763 0.555663 0.238636 0.302059
1 0.126821 0.554250 0.227201 0.305240
1 0.126724 0.553298 0.229462 0.305006
1 0.128583 0.554158 0.231181 0.309044
1 0.130527 0.556519 0.234127 0.307420
1 0.553620 0.430262 0.419676 0.594718
1 0.559747 0.436341 0.417956 0.592289
1 0.559289 0.437893 0.418705 0.598071
1 0.559317 0.433881 0.420018 0.590486
1 0.553307 0.431651 0.431544 0.615348
1 0.558471 0.444401 0.434567 0.603842
1 0.556421 0.447527 0.417871 0.613189
1 0.560915 0.447484 0.427658 0.606838
1 0.557008 0.445163 0.419127 0.608512
1 0.558929 0.443596 0.424679 0.608788
1 0.557412 0.446161 0.418666 0.605883
1 0.564292 0.444564 0.423559 0.613536
1 0.558583 0.440867 0.416613 0.591774
1 0.559433 0.433860 0.426731 0.605624
1 0.566694 0.437789 0.426106 0.597612
1 0.558967 0.436621 0.422637 0.611321
1 0.557278 0.437699 0.427669 0.615177
1 0.556960 0.435703 0.429419 0.607420
1 0.548316 0.444891 0.413029 0.584097
1 0.558615 0.443937 0.431908 0.598701
1 0.556086 0.446145 0.418105 0.606478
1 0.560655 0.447937 0.421414 0.598166
1 0.555554 0.446932 0.424240 0.608737
1 0.555383 0.450533 0.425001 0.605614
1 0.553528 0.444867 0.421708 0.606650
1 0.557846 0.447938 0.428533 0.611421
1 0.553795 0.442404 0.411711 0.605230
1 0.559116 0.440247 0.419513 0.611252
1 0.561405 0.445837 0.423961 0.607337
1 0.559076 0.442376 0.424345 0.618510
1 0.559991 0.445731 0.423876 0.627288
1 0.550673 0.443672 0.426607 0.607231
1 0.547942 0.450846 0.404031 0.593441
1 0.555117 0.446836 0.429366 0.616658
1 0.554702 0.446912 0.412168 0.600128
1 0.557606 0.447178 0.425441 0.615737
1 0.558508 0.442474 0.423622 0.612135
1 0.557702 0.444795 0.431382 0.617573
1 0.555840 0.444067 0.417515 0.606743
1 0.555891 0.446466 0.422281 0.617020
1 0.554571 0.441559 0.413213 0.608278
1 0.558981 0.442603 0.420023 0.619351
1 0.563628 0.447354 0.421726 0.598569
1 0.562147 0.447009 0.430387 0.620049
1 0.562561 0.442963 0.415756 0.615729
1 0.549999 0.452822 0.436654 0.608825
1 0.131089 0.555986 0.237248 0.303572
1 0.130211 0.555462 0.235009 0.307573
1 0.132096 0.553628 0.236007 0.303512
1 0.553514 0.444814 0.436725 0.606702
1 0.550842 0.448288 0.414660 0.582262
1 0.557832 0.443396 0.438301 0.601373
1 0.554789 0.442748 0.419082 0.599114
1 0.555771 0.442586 0.432342 0.615344
1 0.556632 0.438759 0.416310 0.605234
1 0.556083 0.437026 0.432389 0.622692
1 0.554961 0.441230 0.414689 0.594539
1 0.557519 0.443062 0.424918 0.606737
1 0.553277 0.442491 0.409513 0.601243
1 0.561229 0.447749 0.417847 0.612236
1 0.561080 0.442467 0.422323 0.585531
1 0.562065 0.441781 0.430415 0.604196
1 0.561887 0.440054 0.417206 0.603997
1 0.131030 0.559618 0.235494 0.305162
1 0.128511 0.556156 0.232603 0.294642
1 0.125703 0.556286 0.235145 0.298712
1 0.131983 0.553335 0.231309 0.306831
1 0.126785 0.555466 0.231691 0.303913
1 0.553977 0.445701 0.436235 0.595837
1 0.548466 0.446515 0.407838 0.576048
1 0.555110 0.440836 0.436948 0.599272
1 0.554790 0.436185 0.417191 0.609489
1 0.554734 0.435745 0.426225 0.611598
1 0.560573 0.435509 0.413012 0.607031
1 0.560572 0.435211 0.428897 0.622682
1 0.556474 0.436213 0.406256 0.606560
1 0.558717 0.439082 0.420892 0.625137
1 0.559540 0.437301 0.401462 0.614111
1 0.566672 0.441632 0.416580 0.633665
1 0.565005 0.436316 0.419123 0.596947
1 0.560489 0.430546 0.437803 0.631141
1 0.558497 0.431199 0.431867 0.622136
1 0.129564 0.550568 0.239078 0.301827
1 0.128560 0.557453 0.232601 0.301151
1 0.127869 0.555271 0.231906 0.294834
1 0.133220 0.555007 0.232516 0.303572
1 0.129032 0.556165 0.229979 0.300036
1 0.561631 0.447051 0.437194 0.596812
1 0.555906 0.436674 0.414457 0.597950
1 0.555799 0.438496 0.430449 0.605251
1 0.561101 0.437778 0.410833 0.594221
1 0.557256 0.436535 0.434738 0.611544
1 0.557042 0.436513 0.406010 0.596502
1 0.555828 0.436087 0.427025 0.612142
1 0.562531 0.438723 0.409699 0.594595
1 0.567149 0.434913 0.431635 0.614451
1 0.567736 0.450040 0.424552 0.569656
1 0.565399 0.434344 0.443710 0.609804
1 0.559879 0.439203 0.439181 0.595572
1 0.125250 0.551571 0.241883 0.304538
1 0.131409 0.553717 0.232630 0.300259
1 0.129774 0.554570 0.236887 0.300750
1 0.130205 0.557439 0.231106 0.308254
1 0.126486 0.561421 0.234867 0.306092
1 0.557476 0.443954 0.409825 0.594849
1 0.558156 0.446597 0.416931 0.588144
1 0.566815 0.453619 0.415976 0.576412