1 0.635514 0.267124 0.164520 0.255983
1 0.636573 0.269412 0.165715 0.256371
1 0.636682 0.266473 0.165967 0.255609
1 0.636966 0.264613 0.169881 0.260674
1 0.637734 0.267704 0.165089 0.252766
1 0.637764 0.267600 0.168827 0.255424
1 0.637487 0.267884 0.168525 0.252161
1 0.637784 0.267093 0.168157 0.252270
1 0.637204 0.267909 0.170523 0.257656
1 0.637719 0.269163 0.170471 0.254207
1 0.637499 0.269493 0.170386 0.254617
1 0.638100 0.269171 0.171916 0.253000
1 0.636569 0.269127 0.170442 0.251428
1 0.636067 0.267973 0.168922 0.249837
1 0.637639 0.266797 0.168803 0.254801
1 0.636950 0.268559 0.169959 0.253581
1 0.637198 0.270143 0.171701 0.255425
1 0.637869 0.269706 0.171453 0.253691
1 0.636495 0.268638 0.170684 0.253919
1 0.637408 0.271104 0.173970 0.249013
1 0.636184 0.269970 0.169738 0.250691
1 0.635829 0.266869 0.167898 0.254793
1 0.636721 0.269291 0.168604 0.255519
1 0.636255 0.269736 0.169724 0.251949
1 0.637398 0.268739 0.170866 0.250780
1 0.636634 0.266790 0.171903 0.252147
1 0.638078 0.272173 0.174024 0.245402
1 0.636022 0.269274 0.170062 0.256957
1 0.636348 0.268273 0.173306 0.255093
1 0.636095 0.267395 0.171014 0.253185
1 0.637097 0.268093 0.173089 0.253381
1 0.636074 0.268088 0.173071 0.256540
1 0.634295 0.272172 0.173392 0.251509
1 0.636079 0.268939 0.172343 0.257317
1 0.636667 0.268328 0.171732 0.253720
1 0.636570 0.266966 0.171838 0.254074
1 0.632928 0.272165 0.174734 0.254878
1 0.635620 0.269732 0.176277 0.252979