1 0.465128 0.342100 0.287524 0.429089
1 0.470104 0.350981 0.290624 0.427268
1 0.472095 0.348966 0.285120 0.430198
1 0.475113 0.349622 0.290392 0.428152
1 0.465548 0.344823 0.284911 0.425577
1 0.467048 0.343320 0.288870 0.419772
1 0.469283 0.343649 0.288820 0.421405
1 0.470293 0.342525 0.287112 0.413798
1 0.468721 0.341112 0.285152 0.422936
1 0.469420 0.342815 0.287531 0.418028
1 0.469317 0.344541 0.287042 0.424197
1 0.467927 0.342573 0.286221 0.422187
1 0.471031 0.344033 0.287040 0.420012
1 0.468498 0.345111 0.284168 0.422991
1 0.468999 0.343226 0.287532 0.422739
1 0.468191 0.349172 0.286134 0.408800
1 0.467657 0.342837 0.285193 0.413400
1 0.466647 0.348871 0.284508 0.416487
1 0.469977 0.346699 0.283489 0.416125
1 0.467941 0.345831 0.290435 0.422442
1 0.469735 0.342715 0.293802 0.424831
1 0.468473 0.344846 0.285081 0.410365
1 0.468203 0.345299 0.291648 0.418154
1 0.468406 0.347172 0.290561 0.412908
1 0.468832 0.346802 0.291731 0.416013
1 0.471660 0.346757 0.292418 0.419190
1 0.468481 0.344115 0.291392 0.415521
1 0.472884 0.349090 0.295674 0.415215
1 0.472443 0.346874 0.294688 0.416142