1 0.596406 0.444205 0.316699 0.469665
1 0.598362 0.440993 0.312029 0.465120
1 0.594044 0.447919 0.310293 0.460467
1 0.601481 0.449057 0.307824 0.443891
1 0.597475 0.446766 0.308230 0.451071
1 0.595330 0.442315 0.309045 0.451512
1 0.595137 0.446376 0.314550 0.462489
1 0.599162 0.445029 0.306411 0.447699
1 0.602052 0.442018 0.312292 0.438857
1 0.599961 0.441624 0.310502 0.443442
1 0.595781 0.442422 0.305349 0.438846
1 0.599430 0.435966 0.308730 0.454369
1 0.598971 0.446718 0.311274 0.440232
1 0.598336 0.443701 0.305174 0.443301
1 0.601468 0.442632 0.310912 0.443675
1 0.598979 0.444594 0.312915 0.443878
1 0.594938 0.442649 0.306925 0.441169
1 0.599244 0.439940 0.313916 0.449804
1 0.598231 0.446311 0.308521 0.444303
1 0.599087 0.441951 0.310021 0.439628
1 0.599381 0.443137 0.312506 0.441930
1 0.599747 0.442324 0.315692 0.448266
1 0.599208 0.440267 0.309719 0.442751
1 0.602848 0.439201 0.317322 0.453335
1 0.595532 0.444644 0.318878 0.442757
1 0.598139 0.443211 0.311203 0.437941
1 0.599841 0.439707 0.312797 0.444984
1 0.602888 0.438068 0.315095 0.445007
1 0.600324 0.436566 0.320017 0.443916
1 0.606835 0.442392 0.319454 0.450164
1 0.597070 0.444759 0.319837 0.424582
1 0.599797 0.440901 0.313117 0.439236
1 0.603050 0.443307 0.316515 0.434471
1 0.605764 0.442724 0.314142 0.440239