1 0.445631 0.313029 0.233542 0.320332
1 0.447114 0.312294 0.233459 0.325655
1 0.445880 0.314046 0.232706 0.319436
1 0.445764 0.315260 0.237418 0.316286
1 0.444940 0.315729 0.237959 0.320627
1 0.445999 0.314191 0.237196 0.320647
1 0.445016 0.313928 0.235716 0.324805
1 0.445542 0.315688 0.236991 0.320042
1 0.445631 0.315598 0.238406 0.319557
1 0.445248 0.315967 0.237274 0.319127
1 0.445446 0.316082 0.238223 0.316204
1 0.448659 0.316240 0.238689 0.315536
1 0.444997 0.315039 0.237224 0.319399
1 0.445004 0.315695 0.239030 0.316366
1 0.445465 0.315756 0.239199 0.318527
1 0.445446 0.316462 0.239110 0.318591
1 0.445523 0.315674 0.241697 0.320763
1 0.448410 0.317528 0.237094 0.315503
1 0.446325 0.315137 0.237785 0.315273
1 0.445746 0.315187 0.239709 0.317310
1 0.445163 0.314976 0.240463 0.317980
1 0.444173 0.315782 0.237442 0.319318
1 0.445592 0.315164 0.239860 0.320888
1 0.447931 0.314933 0.237089 0.312243
1 0.445255 0.316209 0.238609 0.317591
1 0.445362 0.314492 0.242195 0.321646
1 0.445512 0.314844 0.242001 0.318280
1 0.444092 0.315585 0.240639 0.320755
1 0.445623 0.314737 0.239004 0.322018
1 0.446823 0.315561 0.237407 0.317679
1 0.444793 0.315058 0.241219 0.316807
1 0.446249 0.314623 0.243764 0.322516
1 0.446151 0.316317 0.241828 0.320700
1 0.445039 0.315621 0.240787 0.321786
1 0.445800 0.314087 0.239665 0.322737
1 0.446795 0.315607 0.240045 0.318722
1 0.443685 0.319227 0.239963 0.314240
1 0.445739 0.314533 0.241935 0.319669
1 0.445961 0.315624 0.239899 0.321560
1 0.444931 0.314014 0.241170 0.325139
1 0.445741 0.314481 0.241608 0.324046
1 0.445854 0.315795 0.238301 0.324720
1 0.444896 0.317232 0.237518 0.323033
1 0.033617 0.500744 0.072936 0.156775
1 0.033482 0.500999 0.067485 0.144992
1 0.034315 0.501814 0.071612 0.151979
1 0.035112 0.503153 0.075195 0.146522
1 0.034321 0.499874 0.067204 0.151598
1 0.034348 0.501335 0.071140 0.153925
1 0.033998 0.501877 0.075479 0.148975
1 0.034672 0.499333 0.071949 0.154813
1 0.442759 0.316343 0.242445 0.327832
1 0.446205 0.313012 0.239683 0.328459
1 0.446674 0.314631 0.240748 0.327894
1 0.446905 0.312221 0.244150 0.324431
1 0.447352 0.313749 0.237827 0.321884
1 0.444598 0.320016 0.238495 0.315286
1 0.443761 0.319250 0.242542 0.315501
1 0.445525 0.317066 0.240548 0.323251
1 0.446588 0.319016 0.245139 0.314820
1 0.447000 0.315443 0.247599 0.323780
1 0.444359 0.316919 0.241304 0.315486
1 0.444219 0.317151 0.240139 0.319112
1 0.445810 0.317422 0.239431 0.318048
1 0.444285 0.318267 0.239461 0.314643
1 0.447043 0.314512 0.243077 0.328757
1 0.446811 0.316562 0.239436 0.314079
1 0.444480 0.319028 0.238744 0.314266
1 0.444420 0.320461 0.238176 0.319745
1 0.445635 0.315943 0.236560 0.318871
1 0.447989 0.324384 0.246166 0.313636
1 0.447129 0.325183 0.248043 0.318597