1 0.499190 0.458002 0.265677 0.401911
1 0.499286 0.459226 0.263287 0.398524
1 0.498762 0.461775 0.268417 0.396676
1 0.499260 0.462752 0.269287 0.398264
1 0.499983 0.462863 0.268955 0.393027
1 0.496545 0.461746 0.267316 0.396495
1 0.497462 0.459646 0.270146 0.396118
1 0.498808 0.460925 0.271952 0.392839
1 0.499745 0.462517 0.271189 0.393334
1 0.496176 0.460956 0.268921 0.394815
1 0.496556 0.459694 0.271307 0.396381
1 0.498276 0.458249 0.270453 0.392311
1 0.500247 0.460687 0.274462 0.393216
1 0.496715 0.459857 0.265162 0.396373
1 0.497422 0.459218 0.269176 0.399076
1 0.498332 0.457695 0.268935 0.401006
1 0.499004 0.460015 0.271376 0.394480
1 0.495024 0.459247 0.263799 0.400206
1 0.498194 0.458892 0.270861 0.406375
1 0.497876 0.455566 0.268179 0.401965
1 0.499156 0.458321 0.269807 0.394235
1 0.496322 0.457846 0.261377 0.399264
1 0.497699 0.456197 0.267764 0.405367
1 0.497081 0.453782 0.269242 0.403451
1 0.499354 0.455626 0.269442 0.393996
1 0.495564 0.456863 0.262590 0.403269
1 0.497115 0.453335 0.267662 0.408861
1 0.497846 0.453743 0.269219 0.404337
1 0.501127 0.455082 0.272798 0.392989
1 0.499438 0.456430 0.265386 0.412553
1 0.500556 0.465688 0.279847 0.406728
1 0.501672 0.468727 0.278174 0.406682
1 0.498043 0.464147 0.272274 0.403788
1 0.499122 0.462010 0.273650 0.399345
1 0.500442 0.463692 0.269334 0.397386
1 0.499123 0.461740 0.273061 0.398518
1 0.499786 0.460936 0.277585 0.398202
1 0.497074 0.464409 0.271278 0.403951
1 0.498680 0.462606 0.273010 0.399400
1 0.496807 0.461591 0.271794 0.392966
1 0.498324 0.458050 0.272288 0.401042
1 0.499152 0.461045 0.275236 0.398918
1 0.500139 0.461678 0.268428 0.394298
1 0.497545 0.456645 0.274136 0.398309
1 0.498392 0.460573 0.273375 0.400465
1 0.499094 0.457267 0.275933 0.398613
1 0.498680 0.456703 0.272780 0.398033
1 0.498810 0.457702 0.276405 0.399652
1 0.497007 0.463262 0.272855 0.394798
1 0.495950 0.458899 0.270574 0.396605
1 0.498919 0.460979 0.273422 0.399820
1 0.497513 0.460046 0.279139 0.400056
1 0.500295 0.457014 0.276082 0.403195
1 0.503833 0.460007 0.279974 0.403512
1 0.494804 0.462530 0.272544 0.398739
1 0.499793 0.461734 0.276793 0.400573
1 0.498721 0.459891 0.275620 0.404562
1 0.501817 0.460479 0.274421 0.403161