1 0.473078 0.373870 0.261088 0.385529
1 0.476694 0.376921 0.260804 0.385224
1 0.475583 0.379176 0.258820 0.388179
1 0.478351 0.378690 0.261857 0.387968
1 0.475493 0.380041 0.260485 0.378746
1 0.476695 0.379969 0.265468 0.381448
1 0.475257 0.379831 0.262560 0.378955
1 0.476627 0.381101 0.263177 0.376472
1 0.476046 0.382615 0.261929 0.378486
1 0.474554 0.379692 0.266631 0.384110
1 0.475430 0.378597 0.267062 0.381205
1 0.476449 0.380329 0.266250 0.376072
1 0.474700 0.381350 0.262281 0.378188
1 0.475663 0.380906 0.267456 0.385472
1 0.476444 0.378619 0.267413 0.386267
1 0.476447 0.379019 0.268376 0.384911
1 0.473399 0.383002 0.263817 0.380932
1 0.476089 0.381609 0.268470 0.388569
1 0.477027 0.379683 0.267484 0.387832
1 0.476948 0.380027 0.271596 0.387183
1 0.473966 0.383389 0.263322 0.383597
1 0.476007 0.382834 0.269650 0.383505
1 0.475927 0.380207 0.268860 0.384400
1 0.476426 0.379740 0.271799 0.384990
1 0.474513 0.383689 0.259882 0.381020
1 0.475330 0.380964 0.271258 0.382078
1 0.475220 0.379651 0.268173 0.384468
1 0.476966 0.380040 0.270659 0.384509
1 0.474544 0.385052 0.265653 0.382205
1 0.474388 0.382280 0.270143 0.384728
1 0.474919 0.381545 0.270518 0.385114
1 0.476799 0.381265 0.273894 0.386366
1 0.474692 0.387879 0.265197 0.380424
1 0.474964 0.389460 0.267178 0.376265
1 0.481664 0.386100 0.271272 0.383629
1 0.479684 0.382180 0.267489 0.383034
1 0.479686 0.380652 0.270805 0.378062
1 0.482826 0.373761 0.272838 0.391574
1 0.477947 0.381846 0.264180 0.390542
1 0.479558 0.381834 0.270600 0.384967
1 0.481542 0.384946 0.268575 0.383691
1 0.478192 0.379085 0.272311 0.378911
1 0.479159 0.378619 0.271510 0.379779
1 0.477477 0.382357 0.271660 0.389664
1 0.475767 0.381381 0.272036 0.387512
1 0.477131 0.381831 0.267345 0.385586
1 0.479517 0.381715 0.274496 0.388846
1 0.478059 0.378835 0.272881 0.389549
1 0.484875 0.378529 0.271806 0.396584
1 0.474800 0.383349 0.266377 0.380088
1 0.477521 0.383384 0.271162 0.384409
1 0.476090 0.383026 0.272568 0.384272
1 0.476244 0.381825 0.277261 0.390300
1 0.475493 0.378020 0.274929 0.389017
1 0.476297 0.384351 0.272649 0.379161
1 0.475074 0.383761 0.277878 0.387264
1 0.476634 0.383419 0.271306 0.379737
1 0.476664 0.384300 0.276551 0.387388
1 0.477573 0.383727 0.273183 0.386273