1 0.602637 0.332733 0.262837 0.354999
1 0.601128 0.332161 0.262106 0.353359
1 0.602908 0.330626 0.262445 0.333595
1 0.602940 0.331140 0.267445 0.333861
1 0.599708 0.331593 0.267187 0.334875
1 0.599899 0.331493 0.266739 0.335096
1 0.598378 0.334204 0.265764 0.325518
1 0.603488 0.332632 0.264708 0.327983
1 0.601926 0.330696 0.267783 0.329948
1 0.601160 0.330494 0.267346 0.336243
1 0.599239 0.331936 0.265085 0.332356
1 0.601815 0.333090 0.267427 0.326832
1 0.599210 0.332612 0.268277 0.320061
1 0.602979 0.331536 0.266493 0.327194
1 0.602817 0.329741 0.264126 0.329187
1 0.602363 0.330996 0.263764 0.331603
1 0.598640 0.330268 0.263576 0.329158
1 0.600802 0.332129 0.263573 0.321018
1 0.600158 0.331509 0.268626 0.314376
1 0.603052 0.329116 0.264660 0.322349
1 0.600770 0.328604 0.264318 0.329059
1 0.602220 0.327527 0.265613 0.330510
1 0.599796 0.329182 0.266555 0.329710
1 0.601306 0.331181 0.265381 0.319710
1 0.601147 0.330389 0.269139 0.317905
1 0.601544 0.329528 0.263675 0.324170
1 0.600574 0.328715 0.266120 0.327027
1 0.600597 0.327371 0.268924 0.332039
1 0.601280 0.328726 0.266342 0.328079
1 0.601504 0.332456 0.265269 0.316914
1 0.598681 0.331130 0.265657 0.319889
1 0.599471 0.330418 0.266256 0.327906
1 0.600794 0.329265 0.265218 0.329204
1 0.600398 0.328959 0.265425 0.330614
1 0.600996 0.330289 0.264069 0.325639
1 0.601987 0.333676 0.263300 0.316490
1 0.598187 0.331192 0.267389 0.327178
1 0.600273 0.329565 0.263000 0.326386
1 0.600461 0.331461 0.265814 0.325907
1 0.601690 0.332290 0.265481 0.328548
1 0.606037 0.328295 0.270649 0.340177
1 0.605142 0.330550 0.278550 0.335936
1 0.606281 0.331314 0.272744 0.334695
1 0.600389 0.331264 0.277715 0.338917
1 0.605114 0.338228 0.269997 0.326353
1 0.603498 0.334204 0.272166 0.322391
1 0.601027 0.332235 0.270935 0.322848
1 0.603316 0.334500 0.270762 0.323625
1 0.605856 0.332240 0.270898 0.334280
1 0.604874 0.332119 0.272665 0.331273
1 0.602247 0.332470 0.271478 0.327844
1 0.601441 0.333172 0.271186 0.326737
1 0.601513 0.330706 0.270206 0.335589
1 0.603271 0.334333 0.267304 0.327402
1 0.599908 0.334676 0.269147 0.326867
1 0.605994 0.330946 0.276141 0.324912
1 0.602210 0.330750 0.269057 0.325000
1 0.603823 0.332975 0.266945 0.329349
1 0.603218 0.334613 0.269685 0.330037
1 0.604344 0.334344 0.268566 0.327891
1 0.604447 0.331095 0.268114 0.324933
1 0.597369 0.331480 0.266801 0.319326
1 0.602810 0.332457 0.265290 0.324623
1 0.601490 0.335359 0.265016 0.329654
1 0.606880 0.334232 0.269183 0.315985