1 0.485956 0.360298 0.223536 0.302552
1 0.484916 0.368211 0.222929 0.284939
1 0.486786 0.369152 0.221427 0.285488
1 0.486441 0.368394 0.221773 0.292833
1 0.483403 0.364152 0.221375 0.270115
1 0.487183 0.365337 0.221618 0.271251
1 0.487645 0.365281 0.224776 0.277235
1 0.488296 0.367015 0.220905 0.278271
1 0.486358 0.366219 0.217061 0.283295
1 0.480966 0.366139 0.225690 0.265603
1 0.485734 0.367668 0.225880 0.271740
1 0.488161 0.366240 0.226044 0.273700
1 0.487854 0.366943 0.225196 0.277076
1 0.486334 0.367172 0.224896 0.276136
1 0.486237 0.366947 0.220427 0.278170
1 0.481643 0.366918 0.225707 0.259732
1 0.485845 0.366190 0.224262 0.266567
1 0.485755 0.366548 0.222878 0.271122
1 0.487474 0.365204 0.219880 0.271967
1 0.485344 0.365793 0.221338 0.271316
1 0.484855 0.364903 0.217641 0.277221
1 0.488463 0.368442 0.215638 0.269506
1 0.481205 0.368277 0.224545 0.263277
1 0.484393 0.366440 0.226874 0.266493
1 0.486717 0.365039 0.220872 0.268023
1 0.486531 0.365991 0.221466 0.271151
1 0.485240 0.364289 0.222661 0.273345
1 0.484302 0.365458 0.219914 0.277907
1 0.488664 0.370312 0.217140 0.270001
1 0.480218 0.370982 0.224789 0.261219
1 0.484135 0.366363 0.224234 0.267743
1 0.484614 0.365502 0.216672 0.266857
1 0.484950 0.364262 0.225800 0.277231
1 0.485262 0.364958 0.222663 0.274605
1 0.485299 0.366317 0.216452 0.275632
1 0.483287 0.370504 0.224888 0.265595
1 0.484344 0.366435 0.222651 0.272346
1 0.484513 0.366871 0.225386 0.278605
1 0.485294 0.366933 0.221535 0.276667
1 0.487266 0.370966 0.216106 0.268967
1 0.482217 0.373321 0.226193 0.269794
1 0.485600 0.371858 0.220031 0.273523
1 0.486648 0.367292 0.233014 0.276183
1 0.487835 0.364852 0.222419 0.288434
1 0.483585 0.363516 0.222580 0.290400
1 0.485725 0.359468 0.222336 0.295458
1 0.484071 0.363260 0.229790 0.282385
1 0.486362 0.366014 0.227121 0.280386
1 0.482337 0.363785 0.226836 0.287969
1 0.484937 0.360236 0.228582 0.293964
1 0.484559 0.360492 0.230710 0.278977
1 0.484367 0.363468 0.226797 0.283924
1 0.484258 0.365285 0.230771 0.295859
1 0.487020 0.364269 0.226977 0.299568