1 0.596759 0.389742 0.345349 0.479362
1 0.596072 0.387796 0.337393 0.482056
1 0.598152 0.385310 0.334498 0.479719
1 0.598462 0.385038 0.340618 0.478213
1 0.597973 0.387196 0.340101 0.484266
1 0.598023 0.385300 0.343389 0.482903
1 0.591320 0.388177 0.341164 0.485443
1 0.599045 0.391856 0.340817 0.485682
1 0.600422 0.388857 0.341095 0.484506
1 0.597759 0.389689 0.342265 0.480583
1 0.600350 0.391527 0.347162 0.494031
1 0.600505 0.389897 0.348634 0.495090
1 0.592790 0.388223 0.338697 0.485187
1 0.596110 0.390773 0.341370 0.483696
1 0.597034 0.390671 0.338420 0.481033
1 0.597818 0.389657 0.340051 0.477110
1 0.601820 0.387694 0.343574 0.485053
1 0.597006 0.389266 0.350605 0.486643
1 0.592544 0.386055 0.334712 0.483959
1 0.597139 0.385968 0.345014 0.482983
1 0.599499 0.387727 0.343979 0.488427
1 0.596086 0.388262 0.341237 0.475978
1 0.599560 0.386140 0.349997 0.490844
1 0.598524 0.393363 0.346750 0.485129
1 0.591172 0.391852 0.340299 0.478201
1 0.596340 0.389718 0.347634 0.492245
1 0.599986 0.389841 0.346344 0.487418
1 0.600327 0.387464 0.344092 0.479943
1 0.598134 0.386836 0.347006 0.485706
1 0.600896 0.392815 0.349860 0.483867
1 0.593371 0.391425 0.346559 0.485382
1 0.599024 0.392083 0.345877 0.483738
1 0.598335 0.389913 0.342100 0.492274
1 0.600885 0.389876 0.353554 0.488268
1 0.593038 0.396091 0.356696 0.473143
1 0.595977 0.399259 0.346430 0.473284