1 0.231882 0.472249 0.022409 0.029762
1 0.231583 0.474004 0.023063 0.028629
1 0.485584 0.303937 0.262711 0.368127
1 0.487647 0.302712 0.262127 0.367678
1 0.487039 0.300819 0.263823 0.366337
1 0.482130 0.306983 0.266638 0.358540
1 0.485196 0.306169 0.266642 0.363557
1 0.485247 0.305569 0.268557 0.368213
1 0.485955 0.306227 0.266044 0.364105
1 0.488059 0.304630 0.265223 0.362476
1 0.484257 0.305989 0.269952 0.355740
1 0.484178 0.305215 0.269314 0.367240
1 0.485453 0.304002 0.269348 0.367510
1 0.485505 0.305226 0.267732 0.369692
1 0.485778 0.304966 0.266432 0.366534
1 0.484219 0.307921 0.271892 0.361412
1 0.485502 0.305884 0.269088 0.369024
1 0.486358 0.305427 0.269329 0.362714
1 0.485638 0.303741 0.268205 0.366951
1 0.486786 0.304491 0.269420 0.368224
1 0.483888 0.307131 0.271602 0.364733
1 0.485511 0.305309 0.268055 0.370434
1 0.485914 0.305018 0.268494 0.368189
1 0.484134 0.304346 0.265950 0.370395
1 0.486470 0.305058 0.269305 0.369575
1 0.484129 0.306867 0.269257 0.356406
1 0.485762 0.303957 0.268784 0.364970
1 0.486040 0.304141 0.268587 0.368642
1 0.485234 0.303779 0.267877 0.366781
1 0.487594 0.306465 0.267036 0.361775
1 0.483917 0.306125 0.266800 0.358802
1 0.486025 0.304843 0.269034 0.363938
1 0.486650 0.304529 0.270254 0.368503
1 0.484912 0.302952 0.269176 0.369232
1 0.488046 0.304702 0.271898 0.362439
1 0.483801 0.309119 0.264958 0.358569
1 0.486811 0.305182 0.264364 0.364088
1 0.484932 0.304757 0.268913 0.367751
1 0.485336 0.303811 0.270257 0.372162
1 0.489370 0.306474 0.272953 0.366565
1 0.487478 0.309595 0.261785 0.371881
1 0.484590 0.305484 0.272870 0.371939
1 0.484863 0.302458 0.274843 0.371173
1 0.487300 0.302566 0.271001 0.368605
1 0.487003 0.311444 0.271621 0.361210
1 0.484707 0.306391 0.270808 0.367965
1 0.488823 0.309456 0.268879 0.365476
1 0.486656 0.304428 0.272536 0.367909
1 0.486777 0.309936 0.269465 0.362366
1 0.483999 0.310128 0.270118 0.364974
1 0.486187 0.312272 0.266965 0.365048
1 0.485090 0.307036 0.267886 0.364341
1 0.482798 0.305277 0.269338 0.366982
1 0.487170 0.303509 0.273009 0.378047
1 0.488433 0.309174 0.274907 0.357374
1 0.486895 0.308788 0.270053 0.362487
1 0.486923 0.307944 0.271028 0.367133
1 0.484175 0.305510 0.271927 0.368369
1 0.483972 0.302702 0.267795 0.370578
1 0.486140 0.303984 0.272694 0.375161
1 0.486220 0.310705 0.274227 0.351249
1 0.485032 0.303923 0.268910 0.354915
1 0.483791 0.306313 0.272023 0.362468
1 0.483153 0.304057 0.273037 0.365748
1 0.486217 0.302613 0.268832 0.372800
1 0.486433 0.306278 0.270057 0.358120
1 0.486741 0.308985 0.269828 0.363710
1 0.485913 0.307697 0.270863 0.371000