1 0.636042 0.306595 0.264516 0.361925
1 0.636918 0.307253 0.261148 0.354311
1 0.634260 0.309953 0.262952 0.357661
1 0.636905 0.311642 0.263749 0.354678
1 0.635519 0.310616 0.266632 0.354433
1 0.633890 0.311753 0.266954 0.348325
1 0.636893 0.309830 0.267987 0.348263
1 0.635277 0.311104 0.262690 0.352039
1 0.636410 0.309929 0.264631 0.350563
1 0.635238 0.308686 0.264611 0.353662
1 0.634316 0.310129 0.263590 0.349646
1 0.635061 0.310345 0.268717 0.349724
1 0.634971 0.312073 0.262786 0.352576
1 0.636323 0.310542 0.263413 0.353253
1 0.636556 0.309110 0.263181 0.351282
1 0.635666 0.309821 0.263633 0.349149
1 0.636721 0.310458 0.268513 0.349491
1 0.634647 0.310597 0.260875 0.348623
1 0.636767 0.311094 0.261096 0.354676
1 0.637260 0.309198 0.260951 0.353571
1 0.634214 0.308449 0.263911 0.350142
1 0.636729 0.310411 0.266390 0.350470
1 0.633648 0.309842 0.261454 0.346844
1 0.637464 0.308991 0.266168 0.353176
1 0.636594 0.309728 0.263372 0.351705
1 0.634880 0.309678 0.264496 0.350353
1 0.637488 0.309877 0.263776 0.346647
1 0.633103 0.310736 0.257513 0.351963
1 0.635159 0.310064 0.265101 0.360408
1 0.635479 0.308847 0.265570 0.359394
1 0.633581 0.307413 0.263731 0.354909
1 0.636963 0.309756 0.263625 0.346238
1 0.633580 0.311857 0.261283 0.353657
1 0.635839 0.309371 0.265128 0.356039
1 0.635573 0.310518 0.265022 0.354369
1 0.634749 0.310495 0.265800 0.356359
1 0.638594 0.312687 0.268280 0.349006
1 0.634924 0.315174 0.264815 0.357425
1 0.636126 0.313200 0.264336 0.355453
1 0.636121 0.316869 0.266185 0.350584
1 0.640229 0.312516 0.266335 0.354241
1 0.638609 0.310639 0.267769 0.347248
1 0.637608 0.312588 0.266821 0.345479
1 0.636181 0.310694 0.270424 0.347714
1 0.640472 0.312880 0.265762 0.353837
1 0.637583 0.313278 0.266323 0.349064
1 0.640152 0.313103 0.265947 0.349058
1 0.635201 0.311829 0.267654 0.351269
1 0.639824 0.312565 0.266432 0.342872
1 0.638716 0.310538 0.267747 0.354432
1 0.638339 0.309082 0.267342 0.356170
1 0.637297 0.313651 0.269244 0.350117
1 0.635692 0.311892 0.265747 0.353906
1 0.635324 0.312735 0.264767 0.348561
1 0.634089 0.313637 0.268620 0.349321
1 0.637432 0.311324 0.265515 0.352143
1 0.637177 0.309407 0.269093 0.355047
1 0.636404 0.312041 0.266042 0.351220
1 0.634951 0.313878 0.264267 0.343121
1 0.637515 0.311143 0.264018 0.346853
1 0.635181 0.314117 0.269215 0.358899
1 0.636046 0.316180 0.267181 0.355635
1 0.637341 0.316239 0.265045 0.353738