1 0.467730 0.237739 0.190939 0.277885
1 0.468933 0.243738 0.193657 0.278992
1 0.466844 0.246175 0.191819 0.276295
1 0.468475 0.246100 0.190462 0.276618
1 0.468702 0.244080 0.194848 0.279158
1 0.468990 0.246785 0.196377 0.275510
1 0.468417 0.245429 0.194406 0.276643
1 0.469369 0.246477 0.196337 0.276860
1 0.468960 0.245617 0.192856 0.277676
1 0.468683 0.247577 0.193443 0.274910
1 0.469379 0.246418 0.196984 0.274486
1 0.469584 0.245328 0.194496 0.279267
1 0.468815 0.246674 0.193634 0.279855
1 0.469323 0.247515 0.197391 0.280576
1 0.470972 0.245535 0.195078 0.278476
1 0.470044 0.246610 0.194800 0.275925
1 0.470367 0.245822 0.195004 0.276376
1 0.468849 0.245767 0.192678 0.279614
1 0.469274 0.246356 0.191781 0.281954
1 0.468908 0.245569 0.194832 0.278221
1 0.470252 0.244957 0.192166 0.276374
1 0.470063 0.246061 0.194030 0.278101
1 0.469734 0.246167 0.193748 0.275319
1 0.469048 0.244928 0.193646 0.279308
1 0.469464 0.246023 0.193793 0.281859
1 0.469169 0.247293 0.193325 0.280377
1 0.469730 0.245633 0.193037 0.274380
1 0.469466 0.245944 0.196369 0.278396
1 0.470077 0.245825 0.193622 0.275567
1 0.469119 0.244436 0.193397 0.280970
1 0.470623 0.247076 0.195149 0.283047
1 0.468649 0.244958 0.194321 0.284069
1 0.470722 0.247515 0.195561 0.276324
1 0.469589 0.244339 0.194244 0.278161
1 0.469894 0.245483 0.195366 0.282944
1 0.469869 0.246176 0.195011 0.281235
1 0.469946 0.248174 0.193280 0.282480
1 0.469239 0.244149 0.192325 0.281100
1 0.471225 0.245443 0.193168 0.281245