1 0.390667 0.373119 0.328470 0.456777
1 0.388784 0.380567 0.330927 0.454468
1 0.390956 0.380889 0.338581 0.459822
1 0.387997 0.374514 0.336287 0.457483
1 0.390717 0.378372 0.335674 0.451752
1 0.389281 0.378356 0.334828 0.457046
1 0.389747 0.378300 0.337529 0.462813
1 0.391439 0.375955 0.336283 0.459651
1 0.390460 0.379103 0.335819 0.452685
1 0.389023 0.378921 0.340351 0.453308
1 0.391955 0.379176 0.340918 0.454870
1 0.391441 0.376179 0.340598 0.453800
1 0.388155 0.376600 0.340202 0.453458
1 0.390633 0.375067 0.341986 0.459511
1 0.375752 0.380233 0.314640 0.437256
1 0.390373 0.380009 0.337932 0.449510
1 0.388307 0.381002 0.334349 0.453336
1 0.393329 0.375779 0.340482 0.459336
1 0.389486 0.375874 0.340928 0.459448
1 0.388601 0.376603 0.343084 0.460542
1 0.387265 0.374988 0.347985 0.464966
1 0.386841 0.379559 0.337606 0.451656
1 0.391096 0.379390 0.340712 0.452740
1 0.391974 0.379343 0.336455 0.454045
1 0.391369 0.377804 0.336383 0.455891
1 0.390046 0.378152 0.338874 0.458400
1 0.389142 0.376140 0.354545 0.462535
1 0.387154 0.379824 0.334166 0.443765
1 0.389918 0.376950 0.340235 0.456048
1 0.390969 0.377939 0.341296 0.455706
1 0.390452 0.378806 0.338887 0.460147
1 0.390384 0.375924 0.339232 0.464038
1 0.388438 0.381626 0.342832 0.452908
1 0.388217 0.377459 0.344592 0.458505
1 0.390871 0.377192 0.346875 0.462745