1 0.388690 0.461314 0.448826 0.631354
1 0.388990 0.465304 0.446697 0.634978
1 0.389861 0.464343 0.450165 0.634833
1 0.394263 0.470085 0.463735 0.621423
1 0.386209 0.458180 0.454766 0.618794
1 0.391471 0.470815 0.452996 0.619733
1 0.392626 0.464817 0.449012 0.624068
1 0.388557 0.464719 0.447696 0.621189
1 0.388808 0.465347 0.447342 0.615976
1 0.383540 0.461756 0.445503 0.624391
1 0.388795 0.466222 0.449716 0.615366
1 0.391445 0.464717 0.450478 0.628108
1 0.392113 0.462961 0.445871 0.613414
1 0.391361 0.466452 0.445134 0.622626
1 0.400556 0.463770 0.436002 0.628553
1 0.401819 0.453210 0.441574 0.614266
1 0.820709 0.475759 0.316450 0.466121
1 0.818686 0.477467 0.319351 0.474005
1 0.821719 0.478600 0.326053 0.481170
1 0.391276 0.474217 0.456082 0.629728
1 0.395473 0.475742 0.461586 0.622229
1 0.386029 0.468790 0.449782 0.617133
1 0.385711 0.473141 0.443729 0.618722
1 0.393357 0.469014 0.456114 0.617361
1 0.388994 0.469269 0.446784 0.615273
1 0.389474 0.465815 0.453338 0.616515
1 0.387405 0.465403 0.446316 0.619231
1 0.389902 0.461506 0.453241 0.614544
1 0.394150 0.463617 0.443857 0.617167
1 0.394113 0.467972 0.449829 0.621815
1 0.395394 0.468435 0.442315 0.623380
1 0.402509 0.462785 0.444462 0.610359
1 0.398952 0.463906 0.443149 0.625520
1 0.398208 0.465642 0.444160 0.630686
1 0.822560 0.468079 0.319593 0.470187
1 0.819033 0.478088 0.321898 0.463552
1 0.821285 0.477944 0.320604 0.474255
1 0.822307 0.477996 0.323853 0.476923
1 0.821959 0.475223 0.315265 0.471950
1 0.388379 0.469080 0.457520 0.624248
1 0.394712 0.464517 0.455824 0.612248
1 0.388029 0.461493 0.452514 0.599022
1 0.387439 0.460332 0.443994 0.603999
1 0.393653 0.456741 0.453606 0.592212
1 0.388582 0.458991 0.449057 0.596609
1 0.392474 0.455455 0.455082 0.596465
1 0.389431 0.457400 0.451686 0.603460
1 0.389402 0.457637 0.456270 0.596211
1 0.391207 0.460291 0.449181 0.599972
1 0.393940 0.455537 0.453789 0.594918
1 0.395544 0.458285 0.446534 0.603211
1 0.397169 0.457907 0.442723 0.585252
1 0.395859 0.458325 0.440437 0.600402
1 0.390465 0.456041 0.437876 0.613355
1 0.829551 0.462477 0.314793 0.461346
1 0.823330 0.466510 0.318064 0.462605
1 0.822464 0.471515 0.320457 0.464522
1 0.823685 0.473574 0.322669 0.463048
1 0.823282 0.471327 0.320851 0.455371
1 0.821188 0.473485 0.318339 0.454507
1 0.390779 0.459375 0.458330 0.604516
1 0.400291 0.460371 0.465008 0.599809
1 0.390480 0.452818 0.458412 0.598938
1 0.389397 0.452970 0.453367 0.608898
1 0.394001 0.454776 0.457858 0.599962
1 0.390388 0.457108 0.452628 0.601880
1 0.391079 0.454844 0.456719 0.598163
1 0.390996 0.457503 0.455030 0.601587
1 0.388807 0.458893 0.459829 0.601326
1 0.390384 0.459403 0.454746 0.599957
1 0.392093 0.453508 0.463411 0.615041
1 0.392392 0.454676 0.453181 0.612354
1 0.394298 0.457327 0.450212 0.595598
1 0.393651 0.453847 0.443097 0.603052
1 0.385848 0.449256 0.439594 0.619198
1 0.830646 0.473245 0.311284 0.453586
1 0.824184 0.467927 0.321316 0.464961
1 0.823026 0.471175 0.318259 0.459971
1 0.825434 0.470937 0.322866 0.460851
1 0.822399 0.471588 0.321860 0.460261
1 0.823337 0.471150 0.321230 0.453897
1 0.821323 0.475264 0.311558 0.470392
1 0.388628 0.455008 0.449609 0.603860
1 0.396047 0.453542 0.463837 0.605989
1 0.388483 0.459960 0.451846 0.601526
1 0.385481 0.457058 0.445658 0.604987
1 0.390737 0.456187 0.457039 0.611225
1 0.389056 0.454277 0.456779 0.614378
1 0.392352 0.455077 0.458052 0.611268
1 0.394281 0.456592 0.456285 0.613485
1 0.387889 0.455548 0.458261 0.607697
1 0.388079 0.457459 0.459297 0.606803
1 0.387481 0.452845 0.461735 0.609540
1 0.387141 0.452836 0.451765 0.599860
1 0.391519 0.458894 0.455302 0.608154
1 0.390140 0.454122 0.444872 0.602925
1 0.384446 0.453195 0.439841 0.625113
1 0.823440 0.482324 0.319709 0.468060
1 0.819265 0.473130 0.325149 0.461366
1 0.821707 0.468600 0.324685 0.460774
1 0.822811 0.470407 0.325083 0.461365
1 0.822767 0.468423 0.327338 0.463223
1 0.824817 0.469697 0.329014 0.461928
1 0.381352 0.463173 0.445933 0.608779
1 0.395312 0.456073 0.463125 0.604021
1 0.386134 0.461972 0.454484 0.598250
1 0.387725 0.454597 0.455160 0.613417
1 0.389486 0.454900 0.453815 0.610416
1 0.389203 0.452877 0.457242 0.619668
1 0.390859 0.459426 0.454809 0.605262
1 0.391230 0.460183 0.456332 0.611786
1 0.391303 0.458251 0.455143 0.609694
1 0.390574 0.458209 0.458774 0.610700
1 0.388151 0.460668 0.461399 0.606336
1 0.389810 0.458574 0.453848 0.599459
1 0.388220 0.454654 0.446388 0.608756
1 0.385948 0.455694 0.450570 0.631498
1 0.821204 0.473145 0.329803 0.456821
1 0.820240 0.466214 0.327361 0.471243
1 0.825689 0.469073 0.327082 0.468070
1 0.824280 0.468012 0.325621 0.462434
1 0.826088 0.474115 0.323780 0.461962
1 0.387271 0.466388 0.464194 0.593371
1 0.388819 0.465126 0.459425 0.592943
1 0.390055 0.460676 0.454009 0.593921
1 0.388991 0.459025 0.468011 0.607439
1 0.389890 0.458472 0.452897 0.599902
1 0.389115 0.458047 0.464401 0.609705
1 0.391293 0.459511 0.453566 0.601286
1 0.390880 0.457260 0.468627 0.610116
1 0.392577 0.467617 0.455483 0.592126
1 0.390482 0.460701 0.464370 0.601650
1 0.387162 0.459089 0.461118 0.610891
1 0.821227 0.472223 0.334029 0.464417
1 0.821521 0.472231 0.328126 0.472521
1 0.826023 0.472259 0.327294 0.468821
1 0.389890 0.470563 0.446568 0.588611