1 0.531642 0.439972 0.313689 0.432921
1 0.533944 0.434762 0.312221 0.432738
1 0.529354 0.427464 0.314105 0.436479
1 0.532743 0.436048 0.306956 0.414037
1 0.531282 0.434488 0.311901 0.415891
1 0.529521 0.436006 0.309507 0.418351
1 0.531657 0.430447 0.311272 0.426748
1 0.532191 0.432653 0.309405 0.417663
1 0.531914 0.432614 0.314326 0.417761
1 0.535165 0.434169 0.311886 0.418509
1 0.532368 0.434394 0.307807 0.413762
1 0.532321 0.431335 0.312777 0.413929
1 0.535360 0.426073 0.307291 0.424376
1 0.525016 0.430657 0.316262 0.415425
1 0.530661 0.429874 0.313926 0.421014
1 0.529639 0.433296 0.312518 0.422144
1 0.532533 0.430315 0.314538 0.422902
1 0.529805 0.431223 0.313326 0.419523
1 0.531648 0.429808 0.310076 0.418155
1 0.532631 0.427729 0.314946 0.418907
1 0.530149 0.429962 0.310325 0.414206
1 0.530719 0.430620 0.308341 0.419514
1 0.531790 0.432472 0.313828 0.421068
1 0.530089 0.428385 0.313990 0.421924
1 0.534148 0.429241 0.312087 0.414781
1 0.533416 0.428940 0.316032 0.415386
1 0.529298 0.433148 0.312660 0.410044
1 0.528404 0.430619 0.308009 0.420896
1 0.530899 0.429882 0.313689 0.421452
1 0.531666 0.428910 0.313664 0.423332
1 0.535141 0.427664 0.310917 0.427248
1 0.530833 0.436898 0.308601 0.415091
1 0.532364 0.429468 0.316814 0.421714
1 0.533081 0.428703 0.314392 0.422390