1 0.606693 0.464816 0.357404 0.588743
1 0.612252 0.467300 0.360530 0.580518
1 0.617029 0.454134 0.358011 0.593451
1 0.606085 0.456347 0.359284 0.571084
1 0.609380 0.465908 0.346077 0.555488
1 0.609533 0.466561 0.354075 0.560695
1 0.610809 0.463682 0.355286 0.562714
1 0.605228 0.457537 0.374510 0.561448
1 0.608677 0.463602 0.354875 0.545512
1 0.610728 0.462522 0.345217 0.546983
1 0.611766 0.462870 0.349739 0.549308
1 0.609066 0.455071 0.358760 0.545989
1 0.613752 0.457547 0.345591 0.552143
1 0.608262 0.468060 0.368198 0.553077
1 0.609191 0.468086 0.358060 0.555889
1 0.609737 0.467358 0.350473 0.561730
1 0.610903 0.465906 0.350441 0.564147
1 0.612635 0.464093 0.367569 0.562750
1 0.611017 0.462091 0.355625 0.567856
1 0.608171 0.468946 0.365658 0.563379
1 0.609456 0.465995 0.358008 0.555080
1 0.607553 0.470920 0.356375 0.565165
1 0.607405 0.467927 0.353186 0.558146
1 0.609181 0.463098 0.363730 0.561918
1 0.605092 0.458340 0.359568 0.570692
1 0.606469 0.473655 0.367422 0.554740
1 0.605575 0.467523 0.354888 0.559686
1 0.608789 0.472080 0.355425 0.563482
1 0.603698 0.465871 0.350023 0.552802
1 0.607154 0.460630 0.362866 0.564426
1 0.606326 0.459083 0.355516 0.556964
1 0.603830 0.464157 0.366632 0.572635
1 0.605578 0.463722 0.353334 0.569432
1 0.600465 0.462673 0.358581 0.565909
1 0.604284 0.458599 0.362116 0.572857
1 0.609996 0.461371 0.353560 0.559597
1 0.596902 0.473940 0.378336 0.568225
1 0.598279 0.458748 0.359052 0.580249
1 0.601072 0.457124 0.361588 0.577797
1 0.607024 0.462540 0.360487 0.573820