1 0.511573 0.436248 0.326316 0.442778
1 0.513277 0.440670 0.320833 0.438945
1 0.513224 0.437700 0.320420 0.436522
1 0.517271 0.440817 0.314123 0.431783
1 0.515629 0.443780 0.312170 0.433957
1 0.516076 0.443167 0.316295 0.433380
1 0.508927 0.437187 0.322522 0.446259
1 0.516243 0.443012 0.319709 0.435514
1 0.513655 0.438748 0.319233 0.429721
1 0.515150 0.438513 0.314395 0.426195
1 0.513750 0.441556 0.308562 0.428772
1 0.515667 0.440983 0.315944 0.430538
1 0.512281 0.436235 0.314507 0.442116
1 0.517076 0.440162 0.315616 0.442680
1 0.514765 0.438785 0.315903 0.435715
1 0.516576 0.443635 0.314953 0.429653
1 0.516537 0.441953 0.314213 0.427492
1 0.513760 0.443113 0.317439 0.432895
1 0.521637 0.441010 0.318007 0.432986
1 0.509994 0.441962 0.320601 0.445566
1 0.516171 0.439334 0.320958 0.443471
1 0.515426 0.443506 0.307893 0.427908
1 0.516960 0.440949 0.311993 0.431070
1 0.514998 0.440033 0.318555 0.428832
1 0.514992 0.439755 0.316735 0.432902
1 0.515912 0.438636 0.315863 0.446998
1 0.516777 0.443574 0.310884 0.437138
1 0.514919 0.438602 0.314887 0.430520
1 0.516734 0.438788 0.321547 0.435088
1 0.517652 0.441029 0.325979 0.435929
1 0.514758 0.437265 0.314995 0.450396
1 0.510682 0.438727 0.317781 0.443100
1 0.519148 0.440314 0.321036 0.444003