1 0.431377 0.255766 0.211293 0.299962
1 0.433318 0.257054 0.211534 0.295526
1 0.433852 0.254415 0.216564 0.302272
1 0.431808 0.254925 0.212594 0.297265
1 0.432718 0.256909 0.211563 0.291809
1 0.431742 0.256916 0.215088 0.291586
1 0.431741 0.257116 0.213030 0.291225
1 0.434111 0.252681 0.213742 0.294842
1 0.429453 0.254614 0.216510 0.291917
1 0.431723 0.257652 0.215810 0.293065
1 0.432389 0.258158 0.214164 0.291840
1 0.433371 0.257695 0.213978 0.293666
1 0.432712 0.257620 0.213638 0.292178
1 0.431776 0.257239 0.215258 0.291042
1 0.430402 0.258526 0.214408 0.287204
1 0.432136 0.258192 0.215602 0.290246
1 0.432103 0.258449 0.215437 0.291321
1 0.432226 0.258102 0.216178 0.295029
1 0.432484 0.258536 0.216196 0.292273
1 0.432726 0.258301 0.214718 0.291636
1 0.430335 0.258292 0.215307 0.286368
1 0.432910 0.257280 0.215322 0.291845
1 0.433837 0.257756 0.216964 0.290356
1 0.432279 0.258800 0.215849 0.292602
1 0.432018 0.259068 0.216286 0.290263
1 0.432854 0.258020 0.213439 0.291083
1 0.430141 0.259508 0.217745 0.287191
1 0.432827 0.257594 0.215075 0.291371
1 0.433809 0.258626 0.215235 0.291737
1 0.432927 0.259200 0.216870 0.291156
1 0.432408 0.259201 0.215753 0.288787
1 0.433313 0.258708 0.212599 0.290259
1 0.433258 0.257718 0.217881 0.292863
1 0.432762 0.258834 0.215075 0.290292
1 0.433343 0.258795 0.215841 0.289551
1 0.433302 0.259024 0.217602 0.290221
1 0.433734 0.258749 0.214739 0.291303
1 0.432452 0.261249 0.216815 0.285741
1 0.433569 0.258822 0.217578 0.289985
1 0.433765 0.259072 0.216695 0.290659
1 0.433829 0.260353 0.215722 0.292069
1 0.435450 0.261025 0.215909 0.288465
1 0.434103 0.255230 0.220325 0.302495
1 0.433447 0.258104 0.219098 0.288410
1 0.431657 0.255404 0.216561 0.294642
1 0.430565 0.254006 0.216028 0.296724
1 0.432730 0.255122 0.218860 0.297525
1 0.432724 0.255610 0.221524 0.301424
1 0.433301 0.257595 0.220957 0.295588
1 0.430250 0.258341 0.217576 0.290003
1 0.431772 0.258399 0.218443 0.294361
1 0.432472 0.256988 0.217259 0.295779
1 0.435308 0.260620 0.219761 0.293950
1 0.433605 0.259711 0.221404 0.295191
1 0.434081 0.262058 0.215891 0.296525
1 0.430438 0.260724 0.216280 0.297822