1 0.467516 0.411478 0.319514 0.427325
1 0.466555 0.410009 0.317529 0.423956
1 0.467959 0.408118 0.321262 0.429996
1 0.466702 0.410706 0.317475 0.430957
1 0.467803 0.407676 0.318848 0.429038
1 0.468618 0.408489 0.316103 0.432071
1 0.469459 0.408381 0.319571 0.431890
1 0.469774 0.408490 0.318356 0.431740
1 0.466800 0.409838 0.318174 0.429974
1 0.466095 0.410661 0.316086 0.432804
1 0.466770 0.411640 0.318041 0.430796
1 0.469482 0.409033 0.320303 0.433078
1 0.471609 0.407763 0.313999 0.428483
1 0.470093 0.406545 0.324203 0.430266
1 0.473252 0.407712 0.322729 0.424781
1 0.467763 0.414366 0.318727 0.421939
1 0.465458 0.409790 0.317259 0.429065
1 0.468685 0.412876 0.312225 0.433626
1 0.467842 0.409202 0.320242 0.437924
1 0.470511 0.409586 0.317662 0.432222
1 0.469017 0.406854 0.321934 0.434585
1 0.471379 0.412514 0.321126 0.423215
1 0.467928 0.411669 0.319431 0.432084
1 0.469679 0.410267 0.315929 0.432721
1 0.467614 0.408454 0.320049 0.434244
1 0.467918 0.409525 0.317138 0.423671
1 0.467943 0.406479 0.320760 0.437800
1 0.466588 0.410492 0.326443 0.436294
1 0.466639 0.405615 0.321469 0.438849
1 0.467270 0.406314 0.319238 0.435368
1 0.466844 0.405440 0.322468 0.439124
1 0.463629 0.416202 0.320764 0.431165
1 0.467444 0.411707 0.326192 0.434613