1 0.903476 0.474517 0.020102 0.025426
1 0.903003 0.476518 0.020147 0.026015
1 0.519239 0.394760 0.267627 0.371786
1 0.520307 0.394265 0.265226 0.368699
1 0.519113 0.394404 0.266357 0.365178
1 0.520156 0.392047 0.266947 0.357009
1 0.519594 0.394819 0.265862 0.365387
1 0.518442 0.392760 0.267967 0.367341
1 0.519295 0.394957 0.268566 0.365575
1 0.518630 0.395524 0.265516 0.357412
1 0.518852 0.395459 0.269348 0.354941
1 0.520239 0.392485 0.267978 0.366400
1 0.517867 0.391094 0.271039 0.368112
1 0.519847 0.392164 0.266931 0.366907
1 0.518466 0.393538 0.266091 0.362874
1 0.519249 0.393365 0.265976 0.371023
1 0.520245 0.391902 0.268381 0.367937
1 0.519746 0.391503 0.269355 0.368822
1 0.519957 0.393766 0.269549 0.363237
1 0.519706 0.390835 0.265464 0.371687
1 0.519240 0.391433 0.265524 0.373141
1 0.519253 0.391060 0.263635 0.372656
1 0.520057 0.395182 0.267535 0.370021
1 0.518604 0.391107 0.265759 0.366854
1 0.519682 0.389983 0.268017 0.370783
1 0.519292 0.389639 0.264299 0.369996
1 0.519884 0.393142 0.268488 0.368549
1 0.519349 0.391010 0.267838 0.372524
1 0.518920 0.390224 0.267870 0.372767
1 0.519222 0.390783 0.267711 0.374339
1 0.519669 0.392371 0.270308 0.372549
1 0.518179 0.395815 0.269196 0.368703
1 0.518769 0.393569 0.266067 0.372340
1 0.519049 0.396880 0.267027 0.364212
1 0.521866 0.400369 0.269585 0.361816
1 0.524438 0.399142 0.262433 0.366430
1 0.519392 0.395702 0.266934 0.366964
1 0.519018 0.395439 0.265386 0.363371
1 0.517819 0.397493 0.260352 0.365917
1 0.523730 0.397857 0.264576 0.361633
1 0.521055 0.397444 0.266564 0.365054
1 0.519482 0.396530 0.263700 0.358660
1 0.522238 0.391575 0.267022 0.359661
1 0.518398 0.396935 0.267572 0.371102
1 0.518046 0.398743 0.263298 0.368419
1 0.518853 0.395287 0.266474 0.368003
1 0.520459 0.395578 0.263449 0.368253
1 0.517591 0.396102 0.261366 0.366499
1 0.521553 0.394208 0.264366 0.357601
1 0.515960 0.400133 0.270360 0.361988
1 0.519156 0.393776 0.259618 0.360196
1 0.519716 0.396116 0.262945 0.369784
1 0.521950 0.395931 0.266631 0.368380
1 0.516749 0.396773 0.265060 0.367791
1 0.518461 0.393890 0.266268 0.363895
1 0.516694 0.395782 0.264869 0.364433
1 0.518559 0.396001 0.268981 0.368303
1 0.517407 0.395539 0.261091 0.363615
1 0.517902 0.396037 0.267238 0.366640
1 0.519604 0.396457 0.267414 0.364897
1 0.518266 0.397306 0.274995 0.367425
1 0.517385 0.401780 0.273582 0.363675
1 0.520363 0.401830 0.274621 0.373286