1 0.563958 0.326423 0.274543 0.387629
1 0.567804 0.327444 0.273777 0.380144
1 0.567870 0.330050 0.272751 0.382197
1 0.567542 0.328319 0.276919 0.370544
1 0.568605 0.326703 0.275799 0.368060
1 0.566690 0.327408 0.274314 0.367300
1 0.568890 0.328342 0.274380 0.360674
1 0.565287 0.329808 0.277860 0.367219
1 0.568761 0.328551 0.278001 0.369827
1 0.566830 0.326183 0.277018 0.371789
1 0.567641 0.328787 0.276909 0.371910
1 0.568401 0.329889 0.278517 0.365876
1 0.565879 0.330810 0.278710 0.363692
1 0.567021 0.327189 0.277016 0.372980
1 0.566265 0.325078 0.278829 0.372136
1 0.567525 0.323963 0.281817 0.375938
1 0.568894 0.326588 0.283981 0.371535
1 0.567422 0.327074 0.272896 0.376806
1 0.568002 0.325725 0.279594 0.376707
1 0.566669 0.324600 0.279584 0.375713
1 0.568795 0.327795 0.284084 0.370412
1 0.566331 0.327956 0.271165 0.379465
1 0.566816 0.327430 0.279927 0.382410
1 0.565952 0.324765 0.277278 0.379256
1 0.567593 0.327925 0.283704 0.373258
1 0.565320 0.328473 0.273031 0.378500
1 0.566472 0.326561 0.278702 0.380651
1 0.565377 0.324132 0.275836 0.376452
1 0.567151 0.329279 0.281290 0.375860
1 0.565548 0.329161 0.275897 0.378816
1 0.565820 0.328276 0.279767 0.374061
1 0.565562 0.328829 0.275425 0.371113
1 0.568252 0.323267 0.276409 0.387483
1 0.574017 0.331335 0.279197 0.375389
1 0.572587 0.331225 0.279529 0.377470
1 0.570375 0.331178 0.283629 0.377390
1 0.569240 0.330034 0.275131 0.381271
1 0.572958 0.328561 0.278707 0.367760
1 0.574081 0.333206 0.283547 0.373802
1 0.571775 0.330415 0.284231 0.367011
1 0.571562 0.327917 0.278132 0.368492
1 0.567869 0.332034 0.281012 0.381190
1 0.566911 0.329098 0.280528 0.381076
1 0.567748 0.327111 0.280398 0.372844
1 0.569130 0.328019 0.276776 0.369166
1 0.567959 0.326800 0.280876 0.374741
1 0.569257 0.325646 0.281437 0.368693
1 0.565670 0.327429 0.273077 0.369713
1 0.569344 0.326998 0.277551 0.372314
1 0.572436 0.328891 0.276396 0.371168
1 0.565728 0.329189 0.283524 0.374835
1 0.569156 0.324287 0.279146 0.380395
1 0.565870 0.333453 0.277026 0.365935
1 0.567027 0.330566 0.279579 0.376826
1 0.569181 0.329551 0.272019 0.377006
1 0.569597 0.328495 0.276491 0.384226