1 0.408130 0.245268 0.271133 0.378596
1 0.408300 0.245439 0.273038 0.377248
1 0.408530 0.244602 0.272113 0.369144
1 0.405117 0.247950 0.278762 0.371971
1 0.408130 0.246206 0.280991 0.369042
1 0.407434 0.246211 0.281694 0.371062
1 0.406780 0.247276 0.278171 0.362600
1 0.410968 0.247713 0.277536 0.359742
1 0.407136 0.247656 0.282018 0.368047
1 0.406737 0.246908 0.282148 0.380792
1 0.407217 0.246367 0.283599 0.376112
1 0.407583 0.247110 0.282128 0.372054
1 0.409350 0.249848 0.281547 0.363888
1 0.406171 0.247423 0.286581 0.372576
1 0.406112 0.246059 0.284754 0.382431
1 0.407379 0.245653 0.284495 0.376353
1 0.406723 0.245212 0.286842 0.377610
1 0.410596 0.249754 0.288166 0.370569
1 0.406635 0.247037 0.286705 0.373582
1 0.406498 0.247130 0.284530 0.375197
1 0.406133 0.246346 0.284709 0.376651
1 0.405411 0.247160 0.286557 0.380124
1 0.908657 0.340029 0.163087 0.242368
1 0.909864 0.342363 0.163822 0.238535
1 0.911213 0.339310 0.160184 0.237684
1 0.406399 0.247089 0.282667 0.363846
1 0.406794 0.246947 0.280765 0.372507
1 0.406417 0.245666 0.283685 0.375671
1 0.405149 0.243598 0.288334 0.376551
1 0.909659 0.338484 0.163010 0.242176
1 0.909655 0.340424 0.159948 0.236791
1 0.910185 0.340620 0.160195 0.236346
1 0.910087 0.340981 0.156527 0.235143
1 0.911128 0.340035 0.158117 0.238202
1 0.405641 0.248059 0.282160 0.365620
1 0.406382 0.247898 0.283466 0.367324
1 0.404502 0.244663 0.287486 0.376868
1 0.405440 0.243159 0.290203 0.371760
1 0.907721 0.336425 0.159115 0.239292
1 0.910957 0.340118 0.161292 0.240959
1 0.910071 0.340911 0.160863 0.238511
1 0.909171 0.341943 0.157319 0.234832
1 0.909006 0.341631 0.155957 0.235022
1 0.910621 0.342560 0.158564 0.235178
1 0.405630 0.249937 0.279526 0.367357
1 0.403849 0.249987 0.288046 0.369230
1 0.406168 0.250840 0.290674 0.368660
1 0.909275 0.340423 0.158032 0.235858
1 0.909303 0.340262 0.156137 0.236357
1 0.911409 0.340136 0.158128 0.235219
1 0.909142 0.341040 0.156489 0.235228
1 0.910126 0.343492 0.155398 0.234507
1 0.909689 0.344100 0.156385 0.234398
1 0.910747 0.343172 0.149507 0.229075
1 0.908663 0.342315 0.157667 0.230860
1 0.907444 0.339191 0.156942 0.234302
1 0.911065 0.341198 0.158226 0.238131
1 0.908114 0.341930 0.156781 0.235669
1 0.909860 0.344117 0.155633 0.232276
1 0.910065 0.344692 0.158221 0.233209
1 0.910670 0.348669 0.147786 0.225178
1 0.054637 0.446398 0.109877 0.197034
1 0.907786 0.340942 0.156125 0.234149
1 0.909979 0.342067 0.159492 0.238020
1 0.910278 0.342367 0.157010 0.235595
1 0.910570 0.344898 0.156408 0.236589
1 0.909619 0.344660 0.156778 0.235151
1 0.055334 0.442280 0.109408 0.185203
1 0.055361 0.445849 0.111951 0.187683
1 0.055122 0.442000 0.110377 0.185122
1 0.055598 0.446357 0.110916 0.188164
1 0.055116 0.444563 0.112084 0.187241
1 0.053341 0.443989 0.110957 0.187141
1 0.054482 0.441124 0.111894 0.193195
1 0.910371 0.344173 0.157394 0.232709
1 0.909621 0.342339 0.159741 0.232998
1 0.908877 0.343356 0.160135 0.233692
1 0.054653 0.444415 0.107084 0.183237
1 0.054964 0.445403 0.109086 0.183275
1 0.054077 0.443477 0.108316 0.183621
1 0.055281 0.445247 0.112388 0.190439
1 0.055995 0.443895 0.111063 0.185786
1 0.052918 0.444634 0.112207 0.183752
1 0.053165 0.444042 0.111280 0.186719
1 0.055508 0.442639 0.108018 0.186414
1 0.054947 0.444098 0.107964 0.185750
1 0.054573 0.443598 0.107586 0.183057
1 0.056028 0.443311 0.110542 0.189517
1 0.055563 0.443073 0.109955 0.183391
1 0.053451 0.443414 0.111961 0.180909
1 0.054516 0.445176 0.112005 0.184943
1 0.056823 0.443748 0.109641 0.187110
1 0.053113 0.444299 0.108019 0.185784
1 0.053461 0.443296 0.109447 0.184381
1 0.055608 0.444489 0.109961 0.188950
1 0.053830 0.446178 0.109153 0.185829
1 0.053664 0.445732 0.114920 0.182234
1 0.410891 0.249400 0.291279 0.377948
1 0.408352 0.247388 0.287753 0.377268
1 0.408217 0.245212 0.292722 0.380769
1 0.406830 0.246179 0.285395 0.375434
1 0.410055 0.249993 0.290640 0.376009
1 0.408528 0.250869 0.291657 0.372300
1 0.409534 0.249508 0.290733 0.370201
1 0.409876 0.245202 0.288090 0.381070
1 0.410126 0.248088 0.292503 0.380614
1 0.405179 0.253418 0.291945 0.378546
1 0.408684 0.250966 0.289427 0.374047
1 0.407430 0.247533 0.291106 0.373494
1 0.408376 0.245793 0.287587 0.373005
1 0.406762 0.248920 0.286789 0.366014
1 0.409641 0.251741 0.295552 0.370452
1 0.403974 0.247939 0.290030 0.370116
1 0.408526 0.251043 0.289203 0.374796
1 0.404980 0.248955 0.292032 0.372075
1 0.406978 0.246910 0.290225 0.368613
1 0.406253 0.249209 0.286402 0.371161
1 0.402996 0.249177 0.289131 0.363164
1 0.405983 0.248677 0.291155 0.371441
1 0.404782 0.250883 0.294334 0.365544
1 0.405941 0.250148 0.293270 0.374767
1 0.407325 0.254947 0.282515 0.358371
1 0.408098 0.252066 0.292607 0.365716
1 0.406655 0.251392 0.295082 0.369419
1 0.406815 0.252514 0.292759 0.372765