1 0.603091 0.338466 0.219173 0.318743
1 0.603107 0.339231 0.218272 0.320437
1 0.604425 0.332997 0.214403 0.307582
1 0.603567 0.335224 0.212172 0.300494
1 0.602620 0.335399 0.215526 0.301577
1 0.603066 0.335833 0.215506 0.304971
1 0.601798 0.333019 0.216191 0.306419
1 0.606448 0.333977 0.215533 0.302225
1 0.604485 0.333758 0.215119 0.301893
1 0.604295 0.333441 0.218637 0.302724
1 0.603114 0.334265 0.218888 0.301795
1 0.602843 0.336267 0.217621 0.300421
1 0.602781 0.333948 0.214149 0.301521
1 0.605923 0.333649 0.213640 0.303450
1 0.604562 0.333218 0.216278 0.300880
1 0.603679 0.331941 0.218562 0.302248
1 0.602518 0.332003 0.219215 0.302234
1 0.602936 0.333517 0.216042 0.299677
1 0.602387 0.332729 0.213803 0.299109
1 0.605224 0.332499 0.216958 0.301128
1 0.605023 0.331931 0.216603 0.299992
1 0.603364 0.331542 0.218142 0.304675
1 0.603629 0.331065 0.219375 0.300487
1 0.604029 0.330033 0.218882 0.301697
1 0.601642 0.333229 0.210999 0.295856
1 0.605547 0.330798 0.216959 0.304885
1 0.605910 0.331335 0.215018 0.299586
1 0.603866 0.332365 0.218897 0.300572
1 0.603555 0.331348 0.219113 0.303555
1 0.605105 0.331526 0.219014 0.301559
1 0.603894 0.330822 0.218079 0.307075
1 0.604841 0.331907 0.219378 0.305004
1 0.604021 0.332094 0.219047 0.304552
1 0.603557 0.333211 0.217679 0.304675
1 0.605548 0.334702 0.216913 0.301710
1 0.604319 0.333305 0.220439 0.303907
1 0.604107 0.331899 0.223612 0.307437
1 0.604277 0.332095 0.219451 0.307131
1 0.604176 0.333398 0.218403 0.309068
1 0.603429 0.335917 0.223405 0.303356
1 0.605483 0.336043 0.218187 0.301812
1 0.607672 0.336570 0.219284 0.306696
1 0.607335 0.332594 0.219679 0.305792
1 0.602941 0.333907 0.216629 0.303375
1 0.605913 0.333278 0.220231 0.301340
1 0.604904 0.336770 0.221088 0.304602
1 0.602687 0.331918 0.217060 0.298471
1 0.600885 0.332218 0.216152 0.303172
1 0.604611 0.334617 0.222524 0.304690
1 0.603189 0.331946 0.218531 0.304649
1 0.604692 0.334743 0.215056 0.302425
1 0.605258 0.334946 0.216074 0.300742
1 0.603591 0.332249 0.224411 0.301870