1 0.586766 0.623884 0.416886 0.537231
1 0.593990 0.623840 0.418412 0.539171
1 0.590908 0.617683 0.419560 0.524601
1 0.592048 0.623733 0.417303 0.519338
1 0.594317 0.622967 0.420993 0.521843
1 0.597893 0.618197 0.407251 0.517236
1 0.587496 0.620783 0.425080 0.512111
1 0.596405 0.619958 0.425888 0.505988
1 0.597136 0.621600 0.423987 0.512146
1 0.595882 0.622332 0.426979 0.510791
1 0.595643 0.622958 0.421537 0.507411
1 0.597892 0.620874 0.413500 0.509257
1 0.591611 0.618470 0.433779 0.508118
1 0.596526 0.618274 0.435720 0.507201
1 0.598623 0.618383 0.422541 0.506092
1 0.594574 0.619586 0.420301 0.505413
1 0.596204 0.621151 0.431177 0.502765
1 0.595983 0.622536 0.426328 0.512671
1 0.579058 0.619499 0.422892 0.508816
1 0.594362 0.616802 0.426468 0.500044
1 0.593847 0.617854 0.430312 0.503680
1 0.592783 0.616252 0.422490 0.505826
1 0.591937 0.621150 0.417194 0.496352
1 0.594593 0.622761 0.423688 0.491432
1 0.592139 0.627084 0.428622 0.497071
1 0.590458 0.616942 0.430092 0.504178
1 0.595152 0.618712 0.429633 0.508037
1 0.593374 0.618816 0.424205 0.497401
1 0.592018 0.624283 0.421408 0.496264
1 0.594775 0.624864 0.430850 0.489971
1 0.591688 0.626750 0.436502 0.490597
1 0.586099 0.620181 0.432100 0.502936
1 0.595641 0.623143 0.429113 0.501214
1 0.597263 0.621659 0.432402 0.490342
1 0.596367 0.623738 0.434857 0.497309
1 0.596052 0.624292 0.432726 0.495079
1 0.598338 0.630971 0.438650 0.495282
1 0.591909 0.599816 0.428837 0.548745
1 0.591763 0.603217 0.420552 0.544364