1 0.819437 0.581073 0.012189 0.018088
1 0.506746 0.439085 0.240400 0.327854
1 0.507287 0.440613 0.238197 0.324795
1 0.505979 0.439591 0.242567 0.321435
1 0.508585 0.442574 0.240871 0.314615
1 0.505201 0.442704 0.239172 0.316619
1 0.505539 0.441076 0.241904 0.322853
1 0.507850 0.441909 0.239991 0.313486
1 0.506728 0.440341 0.241608 0.316577
1 0.505914 0.441234 0.241334 0.317783
1 0.506279 0.441067 0.240143 0.317393
1 0.505725 0.440319 0.238691 0.316611
1 0.508324 0.442502 0.242487 0.314296
1 0.507564 0.440963 0.241723 0.316973
1 0.506349 0.442614 0.239434 0.322881
1 0.505824 0.441667 0.236053 0.318050
1 0.506685 0.441309 0.236974 0.320527
1 0.505983 0.445734 0.247336 0.304874
1 0.508284 0.441215 0.241566 0.315336
1 0.507616 0.441116 0.239634 0.315609
1 0.506163 0.441920 0.238841 0.322753
1 0.505873 0.441152 0.239146 0.318823
1 0.508180 0.441997 0.238355 0.319173
1 0.506585 0.438861 0.241313 0.315922
1 0.507742 0.440007 0.239439 0.315232
1 0.506810 0.441912 0.240500 0.321410
1 0.507702 0.442158 0.241408 0.319146
1 0.507832 0.442090 0.239331 0.316774
1 0.505163 0.441005 0.241287 0.321549
1 0.506974 0.440275 0.243404 0.320449
1 0.507975 0.442129 0.242538 0.324430
1 0.507434 0.443063 0.243243 0.323042
1 0.507582 0.442863 0.238763 0.315397
1 0.506437 0.440301 0.244938 0.322490
1 0.507370 0.439934 0.242865 0.318583
1 0.507973 0.441256 0.243385 0.322614
1 0.507375 0.442236 0.246495 0.324760
1 0.509337 0.446309 0.243385 0.315799
1 0.507180 0.440236 0.240343 0.331384
1 0.507078 0.441256 0.238873 0.328037
1 0.509225 0.446568 0.243490 0.321444
1 0.508564 0.449134 0.237850 0.313499
1 0.507535 0.445628 0.244209 0.313977
1 0.507610 0.447037 0.239649 0.316306
1 0.508548 0.444378 0.238278 0.315995
1 0.506587 0.446035 0.243059 0.313581
1 0.506127 0.445440 0.239140 0.313366
1 0.506590 0.444722 0.239408 0.317566
1 0.508437 0.445095 0.239130 0.309486
1 0.506421 0.438952 0.240260 0.317959
1 0.508546 0.443478 0.241804 0.313668
1 0.508300 0.445247 0.235538 0.311029
1 0.507933 0.445219 0.236978 0.314040
1 0.504817 0.445435 0.240143 0.308816
1 0.508419 0.442394 0.237368 0.312038
1 0.506233 0.447686 0.245710 0.315524
1 0.507993 0.446025 0.239626 0.318754
1 0.505732 0.447778 0.237417 0.319222
1 0.504227 0.444934 0.240051 0.316184