1 0.154655 0.290402 0.228364 0.354013
1 0.155655 0.291821 0.221110 0.351556
1 0.154187 0.290725 0.228269 0.356286
1 0.157204 0.293467 0.228314 0.350368
1 0.156214 0.293969 0.226335 0.350552
1 0.157066 0.293541 0.226456 0.353416
1 0.155968 0.292768 0.226558 0.348274
1 0.157155 0.291330 0.229826 0.346810
1 0.155042 0.291861 0.228643 0.348466
1 0.155745 0.292940 0.226598 0.347093
1 0.159705 0.294229 0.221974 0.341584
1 0.155658 0.292744 0.228787 0.352915
1 0.158949 0.291067 0.231266 0.350833
1 0.155250 0.291089 0.226586 0.345919
1 0.155198 0.292667 0.220736 0.345723
1 0.158354 0.294987 0.218817 0.345579
1 0.155107 0.292662 0.228760 0.358060
1 0.158182 0.290435 0.228294 0.352532
1 0.156406 0.290023 0.224397 0.341989
1 0.155755 0.292035 0.222205 0.343059
1 0.157299 0.293725 0.223593 0.342559
1 0.155855 0.288643 0.229293 0.349421
1 0.159354 0.288826 0.229950 0.349820
1 0.156071 0.289383 0.225577 0.350057
1 0.156426 0.291436 0.222074 0.346712
1 0.157636 0.293854 0.221993 0.343117
1 0.156457 0.288471 0.231311 0.349055
1 0.156481 0.290150 0.235330 0.350502
1 0.155997 0.289843 0.228678 0.347622
1 0.157846 0.290499 0.228470 0.347571
1 0.158870 0.292070 0.223409 0.340932
1 0.155753 0.288974 0.236845 0.349286
1 0.156539 0.287402 0.233790 0.351086
1 0.156060 0.289430 0.233721 0.350371
1 0.157907 0.289042 0.232500 0.351236
1 0.160799 0.294661 0.224605 0.341840
1 0.155597 0.289800 0.234263 0.351440
1 0.157228 0.288998 0.230198 0.354514
1 0.159829 0.292055 0.230704 0.346861
1 0.159810 0.293586 0.228133 0.349660
1 0.156192 0.292317 0.225490 0.351354
1 0.154395 0.295353 0.222144 0.344272
1 0.154620 0.293948 0.227398 0.347066
1 0.642742 0.378966 0.302509 0.407890
1 0.643123 0.378461 0.300245 0.414351
1 0.148486 0.292608 0.243235 0.360100
1 0.157691 0.293455 0.233253 0.357220
1 0.152566 0.292336 0.224410 0.349857
1 0.151570 0.293952 0.222871 0.348217
1 0.157068 0.294279 0.226051 0.347418
1 0.157787 0.291622 0.228986 0.354788
1 0.644160 0.384520 0.294583 0.405302
1 0.642685 0.382658 0.297130 0.407652
1 0.643719 0.382353 0.295825 0.409681
1 0.643470 0.381033 0.298829 0.411741
1 0.158197 0.290446 0.232100 0.355607
1 0.156570 0.288575 0.225433 0.351442
1 0.156075 0.289246 0.222855 0.346624
1 0.156849 0.294173 0.226503 0.347855
1 0.160744 0.295916 0.226678 0.349901
1 0.643941 0.384210 0.300675 0.402927
1 0.640654 0.383797 0.298010 0.408890
1 0.641366 0.382584 0.296898 0.406936
1 0.640925 0.381653 0.295886 0.404972
1 0.641967 0.380846 0.297800 0.408827
1 0.642815 0.376552 0.298981 0.411960
1 0.156895 0.294379 0.239441 0.345603
1 0.152214 0.294851 0.233722 0.349460
1 0.154192 0.293846 0.226545 0.348494
1 0.156848 0.291999 0.225688 0.351764
1 0.644439 0.380615 0.296746 0.400399
1 0.639218 0.380549 0.295713 0.413277
1 0.642189 0.382120 0.299571 0.412008
1 0.642446 0.380081 0.297438 0.409353
1 0.639391 0.381016 0.296465 0.407154
1 0.642154 0.378227 0.301372 0.408881
1 0.641841 0.382403 0.298957 0.400660
1 0.640713 0.382808 0.295678 0.407361
1 0.643687 0.385256 0.298628 0.410769
1 0.642053 0.380035 0.303991 0.412758
1 0.641972 0.378144 0.300778 0.414543
1 0.641645 0.380958 0.305321 0.420845
1 0.639890 0.384377 0.295223 0.407680
1 0.641370 0.382406 0.295417 0.401842
1 0.641364 0.381432 0.298580 0.408836
1 0.641832 0.380734 0.298297 0.413213
1 0.639015 0.394551 0.294715 0.398005
1 0.641709 0.384216 0.302333 0.403612
1 0.641641 0.385146 0.301208 0.411145