1 0.336687 0.123559 0.067459 0.094369
1 0.335940 0.124200 0.067153 0.092817
1 0.540037 0.122679 0.066699 0.092718
1 0.540550 0.123011 0.067121 0.092950
1 0.336110 0.122971 0.068715 0.093904
1 0.335818 0.123243 0.067129 0.094088
1 0.539717 0.122056 0.067304 0.091334
1 0.539936 0.122245 0.066275 0.092351
1 0.336109 0.122944 0.067569 0.094433
1 0.336113 0.122990 0.067162 0.092210
1 0.539809 0.122972 0.067433 0.090050
1 0.540600 0.122215 0.066565 0.091766
1 0.335991 0.123738 0.066269 0.091684
1 0.540415 0.123686 0.066820 0.089897
1 0.540686 0.122457 0.066717 0.091296
1 0.335187 0.121095 0.072077 0.102898
1 0.335374 0.122542 0.068588 0.098677
1 0.335700 0.122069 0.069014 0.099001
1 0.335389 0.122994 0.070647 0.099483
1 0.540097 0.122592 0.066935 0.096263
1 0.540470 0.122171 0.067118 0.096288
1 0.540870 0.122708 0.068064 0.097112
1 0.336234 0.122677 0.069782 0.098901
1 0.336055 0.122075 0.070436 0.100642
1 0.336166 0.122839 0.070215 0.098269
1 0.540596 0.122688 0.066492 0.094435
1 0.540689 0.122566 0.067319 0.096469
1 0.540508 0.122488 0.067501 0.096234