1 0.459271 0.259400 0.209207 0.286255
1 0.460170 0.261627 0.209092 0.281437
1 0.460314 0.258522 0.206720 0.282740
1 0.461468 0.263680 0.209255 0.270295
1 0.459827 0.262811 0.208357 0.273041
1 0.458038 0.262095 0.210241 0.275753
1 0.462790 0.261404 0.209211 0.271982
1 0.459683 0.263308 0.207551 0.270957
1 0.460513 0.262436 0.209620 0.274187
1 0.459575 0.261032 0.211815 0.275504
1 0.459176 0.262569 0.211691 0.276056
1 0.457559 0.262235 0.212310 0.268775
1 0.461365 0.263708 0.208078 0.271024
1 0.459489 0.263970 0.208008 0.270778
1 0.459852 0.263246 0.210232 0.277046
1 0.459679 0.262846 0.211178 0.274901
1 0.458370 0.262244 0.210418 0.279004
1 0.461018 0.262297 0.215524 0.274649
1 0.458299 0.264005 0.208844 0.265645
1 0.460844 0.262430 0.210967 0.270136
1 0.459821 0.263261 0.206591 0.269548
1 0.459842 0.263789 0.210287 0.276068
1 0.461596 0.262980 0.210533 0.276932
1 0.459353 0.261912 0.209550 0.280701
1 0.460815 0.265427 0.217059 0.270663
1 0.458398 0.264175 0.209370 0.266293
1 0.461077 0.260533 0.210128 0.271486
1 0.460245 0.262502 0.207568 0.268917
1 0.460774 0.263898 0.211901 0.273660
1 0.461178 0.263764 0.210183 0.274379
1 0.460725 0.262709 0.210059 0.277537
1 0.461462 0.265891 0.218486 0.270618
1 0.460440 0.262822 0.207914 0.272427
1 0.458622 0.262081 0.207823 0.271688
1 0.460562 0.264196 0.210302 0.277575
1 0.460216 0.264250 0.210127 0.278526
1 0.460965 0.262821 0.211794 0.277664
1 0.459554 0.265718 0.211927 0.272977
1 0.460266 0.263639 0.210310 0.277037
1 0.460275 0.263902 0.210994 0.276786
1 0.459982 0.264255 0.209612 0.278286
1 0.457990 0.267545 0.215174 0.276436
1 0.460462 0.266225 0.212188 0.278012
1 0.459931 0.264160 0.211680 0.274621
1 0.463062 0.259636 0.216967 0.280792
1 0.459194 0.263070 0.216250 0.287559
1 0.459117 0.260289 0.215748 0.288353
1 0.459860 0.259584 0.210133 0.279157
1 0.461585 0.260265 0.212259 0.278358
1 0.461005 0.260728 0.218984 0.279510
1 0.459675 0.264920 0.219239 0.283273
1 0.458094 0.263233 0.211326 0.283177
1 0.460975 0.268236 0.222192 0.281908