1 0.404476 0.392797 0.381030 0.506024
1 0.409243 0.390704 0.383094 0.504750
1 0.411304 0.384272 0.390827 0.512965
1 0.407660 0.388715 0.386490 0.496426
1 0.403011 0.390910 0.391705 0.494503
1 0.404703 0.390135 0.393241 0.495661
1 0.408509 0.387902 0.394762 0.500781
1 0.413916 0.380949 0.387835 0.509690
1 0.403398 0.386564 0.387096 0.483203
1 0.405238 0.382912 0.390075 0.480754
1 0.407319 0.383629 0.385248 0.481904
1 0.405728 0.382936 0.388859 0.481868
1 0.407390 0.381913 0.392101 0.481312
1 0.405960 0.381940 0.392493 0.489596
1 0.404090 0.387912 0.383616 0.475005
1 0.404712 0.386208 0.386797 0.479649
1 0.404053 0.384824 0.387360 0.486686
1 0.405009 0.381881 0.392234 0.490771
1 0.403104 0.383948 0.398518 0.493994
1 0.403633 0.379454 0.395840 0.495363
1 0.410878 0.378695 0.395411 0.489234
1 0.403394 0.385588 0.383723 0.477400
1 0.403427 0.385744 0.393384 0.484724
1 0.401830 0.385191 0.391883 0.488401
1 0.401429 0.385242 0.388566 0.486844
1 0.404061 0.383783 0.389860 0.492145
1 0.404397 0.379516 0.395952 0.499242
1 0.400367 0.389619 0.382839 0.465641
1 0.404143 0.385632 0.389641 0.473984
1 0.403565 0.383191 0.394087 0.487382
1 0.406266 0.383177 0.392903 0.480845
1 0.402007 0.381944 0.396578 0.489849
1 0.405086 0.380928 0.390312 0.500351
1 0.404177 0.383699 0.385168 0.476505
1 0.403128 0.382844 0.398784 0.486590
1 0.403087 0.377853 0.398461 0.496380
1 0.401639 0.381000 0.398781 0.501402
1 0.402959 0.390165 0.392676 0.489856
1 0.405757 0.386500 0.389188 0.498919