1 0.120440 0.338316 0.036460 0.045954
1 0.120152 0.339542 0.036055 0.045257
1 0.119799 0.339041 0.036906 0.045878
1 0.119709 0.338824 0.036779 0.045650
1 0.285362 0.333892 0.031085 0.040687
1 0.285648 0.333577 0.031463 0.040740
1 0.285217 0.334574 0.030344 0.041569
1 0.871308 0.335113 0.034895 0.043339
1 0.871750 0.337095 0.034333 0.042196
1 0.872101 0.336549 0.034643 0.043493
1 0.872300 0.336636 0.034956 0.043516
1 0.120290 0.338539 0.035543 0.045399
1 0.119760 0.339228 0.036580 0.045462
1 0.119784 0.338950 0.036581 0.045638
1 0.120429 0.338827 0.036664 0.045500
1 0.284467 0.333911 0.030605 0.041751
1 0.284654 0.334387 0.032215 0.042732
1 0.285384 0.334088 0.032423 0.041210
1 0.691451 0.350756 0.021019 0.026314
1 0.872269 0.337404 0.034111 0.040591
1 0.872147 0.336064 0.034368 0.042479
1 0.872280 0.336025 0.034614 0.042754
1 0.120645 0.339129 0.037285 0.046275
1 0.691356 0.350390 0.021281 0.026845
1 0.489737 0.187414 0.099798 0.148845
1 0.489981 0.187744 0.102003 0.146042
1 0.489652 0.188010 0.104972 0.150182
1 0.489432 0.189814 0.100769 0.142981
1 0.489405 0.187551 0.104690 0.149350
1 0.489166 0.188756 0.099483 0.143074
1 0.489164 0.187435 0.104576 0.149747
1 0.489707 0.189251 0.100715 0.142093
1 0.488665 0.186478 0.105081 0.150176
1 0.489198 0.188778 0.100777 0.141884
1 0.489112 0.187203 0.105045 0.149217
1 0.489949 0.189908 0.101550 0.142350
1 0.489981 0.188302 0.104386 0.147417
1 0.488892 0.188165 0.105073 0.148127
1 0.489490 0.189982 0.100683 0.140515
1 0.489703 0.189766 0.100691 0.143944
1 0.489904 0.188665 0.103539 0.149641
1 0.489178 0.190028 0.101283 0.143246
1 0.490716 0.188255 0.105318 0.149168
1 0.489308 0.188927 0.104527 0.149309
1 0.490256 0.190407 0.100377 0.144231