1 0.449191 0.199758 0.128142 0.168851
1 0.449290 0.199532 0.124788 0.171081
1 0.448223 0.200005 0.125635 0.171297
1 0.449234 0.199472 0.126355 0.168909
1 0.448508 0.200348 0.127179 0.170047
1 0.449399 0.200565 0.127683 0.167956
1 0.449663 0.198003 0.127652 0.173576
1 0.448160 0.199833 0.128224 0.171233
1 0.449762 0.198954 0.128253 0.171623
1 0.449219 0.198494 0.126620 0.169375
1 0.449559 0.199585 0.127873 0.169073
1 0.449575 0.199775 0.127134 0.167250
1 0.448659 0.199363 0.127586 0.169919
1 0.449950 0.199960 0.129933 0.172433
1 0.449948 0.195987 0.129097 0.175479
1 0.449536 0.197111 0.127570 0.170900
1 0.449587 0.197434 0.127827 0.175010
1 0.448940 0.199187 0.124329 0.168749
1 0.449245 0.198579 0.126596 0.172943
1 0.448460 0.198946 0.124712 0.168083
1 0.448606 0.198465 0.125867 0.169305
1 0.450984 0.199373 0.129996 0.168707
1 0.448896 0.198202 0.127851 0.172563
1 0.448866 0.198389 0.128124 0.173176
1 0.449328 0.198095 0.126752 0.169934
1 0.449394 0.198987 0.126906 0.172189
1 0.447799 0.199991 0.125268 0.169916
1 0.449149 0.199393 0.127032 0.169651