1 0.563282 0.256577 0.245589 0.351565
1 0.564558 0.260093 0.240184 0.342446
1 0.563079 0.259183 0.242059 0.346711
1 0.561815 0.256706 0.245327 0.343515
1 0.564529 0.261162 0.238767 0.335438
1 0.563724 0.260853 0.240823 0.336932
1 0.562362 0.260836 0.239802 0.336154
1 0.564785 0.258089 0.238925 0.337467
1 0.563418 0.259985 0.240110 0.333223
1 0.563486 0.260201 0.236569 0.336658
1 0.562022 0.260584 0.236351 0.336226
1 0.561805 0.261008 0.233413 0.331134
1 0.563160 0.260552 0.236526 0.331257
1 0.563124 0.261940 0.237285 0.331053
1 0.563822 0.260348 0.235635 0.337597
1 0.562472 0.260322 0.233598 0.340232
1 0.562643 0.260311 0.231898 0.333165
1 0.564328 0.260126 0.237312 0.338529
1 0.562874 0.261483 0.237039 0.328145
1 0.564378 0.259275 0.234122 0.332889
1 0.562941 0.260456 0.235461 0.339325
1 0.562827 0.259971 0.233857 0.337527
1 0.565369 0.261851 0.236611 0.340601
1 0.560989 0.260059 0.234731 0.332958
1 0.563324 0.259005 0.237121 0.335583
1 0.563553 0.261490 0.237423 0.336877
1 0.564662 0.261250 0.236533 0.336514
1 0.564125 0.261679 0.236164 0.337346
1 0.560948 0.262992 0.234175 0.333317
1 0.562667 0.262549 0.236461 0.335596
1 0.563562 0.261694 0.237611 0.340518
1 0.563019 0.262485 0.236206 0.334450
1 0.562875 0.263049 0.236885 0.328485
1 0.562683 0.265059 0.232449 0.329363
1 0.562335 0.261717 0.235129 0.335810
1 0.562514 0.263898 0.236621 0.338783
1 0.562352 0.262829 0.239822 0.338230
1 0.563794 0.267005 0.238285 0.332388
1 0.561299 0.265592 0.237057 0.338484
1 0.561740 0.264665 0.236126 0.344346
1 0.561917 0.268294 0.241491 0.334433
1 0.555162 0.260724 0.243337 0.351179
1 0.562190 0.257917 0.245910 0.352290
1 0.563123 0.262717 0.246669 0.352472
1 0.560890 0.261362 0.236102 0.350959
1 0.558771 0.262252 0.239371 0.344095
1 0.562257 0.263317 0.242549 0.342183
1 0.562055 0.262711 0.243348 0.342228
1 0.560886 0.262414 0.240476 0.339948
1 0.564026 0.258381 0.241141 0.334511
1 0.565553 0.260916 0.235409 0.337227
1 0.563214 0.261096 0.237780 0.336588
1 0.561510 0.262585 0.241192 0.334567
1 0.561113 0.263123 0.241373 0.335280
1 0.562488 0.260703 0.239249 0.336135
1 0.562287 0.263378 0.236484 0.335117
1 0.562918 0.264022 0.238236 0.333780
1 0.560611 0.264556 0.236559 0.337755
1 0.560848 0.263626 0.241737 0.332839
1 0.563631 0.264784 0.238043 0.327619