1 0.576010 0.539942 0.366203 0.502938
1 0.579177 0.546554 0.366210 0.501087
1 0.585531 0.542183 0.364194 0.508371
1 0.573628 0.534120 0.363595 0.508421
1 0.579384 0.539552 0.367776 0.486725
1 0.579197 0.538990 0.365691 0.493456
1 0.583250 0.536905 0.370095 0.485534
1 0.584585 0.530551 0.369187 0.492811
1 0.577143 0.540657 0.370576 0.497395
1 0.583517 0.534881 0.373563 0.485893
1 0.580941 0.532595 0.370087 0.481959
1 0.584188 0.529109 0.374064 0.477456
1 0.583018 0.527170 0.369647 0.475618
1 0.585720 0.521716 0.366240 0.485969
1 0.577921 0.542522 0.385110 0.470555
1 0.580005 0.538208 0.373096 0.490687
1 0.583593 0.533980 0.371571 0.480417
1 0.580771 0.533380 0.378448 0.493277
1 0.582943 0.531524 0.382591 0.491811
1 0.580616 0.525980 0.380387 0.482519
1 0.583770 0.525200 0.374112 0.488802
1 0.579197 0.545353 0.389791 0.478374
1 0.579435 0.532634 0.373800 0.485195
1 0.583372 0.535296 0.382315 0.484039
1 0.578610 0.531415 0.382849 0.493749
1 0.579067 0.530919 0.380146 0.484040
1 0.579640 0.525413 0.383930 0.487155
1 0.585137 0.527618 0.370944 0.490801
1 0.579826 0.533261 0.378441 0.481511
1 0.586196 0.531964 0.378454 0.478355
1 0.582582 0.528475 0.381265 0.490174
1 0.583370 0.529079 0.383695 0.481336
1 0.581297 0.529270 0.386757 0.488530
1 0.585050 0.530528 0.382765 0.480648
1 0.579917 0.529884 0.382590 0.487073
1 0.582871 0.530843 0.376783 0.485736
1 0.584034 0.535361 0.379441 0.488293
1 0.581511 0.547691 0.383698 0.467279
1 0.587851 0.547706 0.371931 0.468301