1 0.475496 0.152010 0.131920 0.183217
1 0.474696 0.151341 0.128714 0.182310
1 0.475512 0.152195 0.130289 0.182787
1 0.475993 0.151248 0.128284 0.178539
1 0.474667 0.151618 0.129331 0.179117
1 0.474890 0.151854 0.130575 0.181720
1 0.475079 0.150682 0.129807 0.187489
1 0.476124 0.151717 0.131361 0.185697
1 0.475793 0.152450 0.128048 0.181996
1 0.475203 0.152036 0.128087 0.183626
1 0.476276 0.153138 0.128577 0.181886
1 0.475602 0.152589 0.129677 0.184077
1 0.475149 0.152159 0.131979 0.182688
1 0.475301 0.151499 0.129991 0.182532
1 0.475417 0.152030 0.130883 0.190005
1 0.476579 0.151380 0.129933 0.187078
1 0.476503 0.151000 0.127734 0.184771
1 0.475795 0.151534 0.127903 0.186332
1 0.477277 0.151553 0.128642 0.183159
1 0.475568 0.151550 0.129470 0.184316
1 0.476392 0.151914 0.132442 0.185827
1 0.476027 0.150776 0.131041 0.184091
1 0.476722 0.151744 0.131152 0.186303
1 0.476846 0.151794 0.129162 0.181650
1 0.475979 0.151458 0.131027 0.184842
1 0.476270 0.151192 0.129619 0.184384
1 0.475392 0.151703 0.129429 0.186292
1 0.477545 0.149760 0.132170 0.187263
1 0.477495 0.150809 0.134391 0.189317
1 0.477181 0.150592 0.131893 0.188949