1 0.571930 0.341748 0.368834 0.448210
1 0.578073 0.349680 0.373647 0.448750
1 0.579718 0.341349 0.359664 0.445623
1 0.571618 0.342962 0.373977 0.461995
1 0.573144 0.354070 0.367500 0.457133
1 0.573757 0.353256 0.368493 0.456928
1 0.578197 0.346063 0.369063 0.446276
1 0.580290 0.340186 0.357462 0.447213
1 0.563499 0.346628 0.370454 0.464684
1 0.578236 0.351319 0.371179 0.460847
1 0.571332 0.346143 0.362792 0.448348
1 0.572429 0.343340 0.364053 0.450922
1 0.573419 0.341261 0.369127 0.446125
1 0.579013 0.338202 0.359686 0.438985
1 0.584605 0.330725 0.345184 0.441666
1 0.573128 0.347106 0.372778 0.450001
1 0.579740 0.344214 0.370949 0.460272
1 0.572510 0.344888 0.362698 0.452819
1 0.572539 0.342615 0.359909 0.447740
1 0.573568 0.342041 0.360362 0.446760
1 0.567390 0.340414 0.359321 0.440103
1 0.576199 0.336166 0.358080 0.443722
1 0.571600 0.352602 0.368563 0.444160
1 0.577450 0.346308 0.358893 0.450319
1 0.571511 0.343584 0.357231 0.442080
1 0.570806 0.340264 0.353184 0.451597
1 0.573470 0.337908 0.356099 0.450552
1 0.568860 0.337675 0.360068 0.450501
1 0.575370 0.339201 0.357302 0.437350
1 0.563179 0.354110 0.381566 0.440029
1 0.573590 0.341033 0.366268 0.453919
1 0.573985 0.342312 0.356984 0.440575
1 0.569006 0.338980 0.358490 0.448231
1 0.573426 0.339865 0.354924 0.449106
1 0.569480 0.336562 0.356943 0.449759
1 0.574219 0.339126 0.355065 0.445034
1 0.571779 0.335930 0.357227 0.447732
1 0.572430 0.336842 0.353778 0.447371
1 0.569905 0.338728 0.360957 0.444634