1 0.383925 0.186714 0.137485 0.191905
1 0.385735 0.187585 0.137306 0.187057
1 0.385580 0.187806 0.135707 0.189881
1 0.384310 0.188617 0.137032 0.189054
1 0.386719 0.187661 0.134973 0.185541
1 0.385360 0.187859 0.134112 0.183741
1 0.385379 0.189435 0.133984 0.186360
1 0.385657 0.189207 0.132387 0.182672
1 0.384360 0.187448 0.135824 0.187652
1 0.386974 0.190556 0.133897 0.180145
1 0.383839 0.188032 0.134002 0.184200
1 0.384203 0.187769 0.134146 0.189199
1 0.383358 0.186609 0.142093 0.197169
1 0.386353 0.188840 0.135332 0.186140
1 0.384612 0.189724 0.137014 0.189903
1 0.387212 0.188497 0.136047 0.183483
1 0.385841 0.186571 0.138047 0.188788
1 0.387115 0.190245 0.133543 0.176489
1 0.384803 0.186408 0.136144 0.185562
1 0.385764 0.186813 0.135841 0.187983
1 0.387475 0.187477 0.135452 0.184452
1 0.384261 0.190749 0.134588 0.181866
1 0.383687 0.187237 0.137610 0.190974
1 0.386653 0.189412 0.132914 0.182830
1 0.385225 0.187241 0.134995 0.188003
1 0.385281 0.187640 0.136030 0.186505
1 0.385387 0.188131 0.136559 0.187741
1 0.384957 0.189554 0.137786 0.185073
1 0.385828 0.187242 0.138262 0.191766
1 0.386325 0.191987 0.131328 0.181967
1 0.385465 0.190250 0.135379 0.189616
1 0.385694 0.188343 0.135424 0.187388