1 0.656194 0.249272 0.169676 0.238133
1 0.653137 0.252662 0.169270 0.238751
1 0.654592 0.254806 0.170541 0.233921
1 0.655577 0.255395 0.170622 0.229787
1 0.655260 0.253762 0.167607 0.234929
1 0.651048 0.250344 0.171076 0.241720
1 0.655058 0.253825 0.171186 0.235751
1 0.653216 0.254396 0.171681 0.235534
1 0.655606 0.253779 0.170020 0.231510
1 0.655181 0.253933 0.171828 0.233168
1 0.654880 0.253951 0.170202 0.236436
1 0.654227 0.252846 0.174135 0.237052
1 0.655040 0.253170 0.171118 0.234312
1 0.655178 0.254215 0.171736 0.232181
1 0.653766 0.253820 0.172529 0.231088
1 0.654711 0.253710 0.171744 0.232339
1 0.654185 0.254387 0.171534 0.234098
1 0.655572 0.252941 0.172009 0.236314
1 0.653950 0.253186 0.170032 0.233928
1 0.655617 0.253756 0.171338 0.230895
1 0.654487 0.253187 0.170629 0.232435
1 0.654116 0.255327 0.172674 0.234200
1 0.654942 0.253038 0.171330 0.235595
1 0.655970 0.256459 0.170798 0.227442
1 0.653974 0.255087 0.173386 0.234165
1 0.653109 0.254345 0.171204 0.236261
1 0.654829 0.253751 0.173133 0.234550
1 0.654643 0.254143 0.171903 0.233499
1 0.654271 0.255225 0.169983 0.233999
1 0.655118 0.254124 0.174256 0.234772
1 0.654167 0.254903 0.173547 0.235083
1 0.654877 0.254006 0.175127 0.237557
1 0.655796 0.254115 0.174758 0.236466
1 0.655100 0.255006 0.172890 0.234425
1 0.654631 0.257293 0.174763 0.233152
1 0.655224 0.255728 0.176189 0.234698