1 0.856430 0.372425 0.034096 0.063370
1 0.856171 0.373087 0.032228 0.060541
1 0.857011 0.373196 0.032749 0.059840
1 0.858850 0.373572 0.033957 0.061026
1 0.855334 0.372944 0.033569 0.061825
1 0.857448 0.373470 0.032798 0.060797
1 0.858645 0.374352 0.032323 0.061267
1 0.928290 0.421531 0.033822 0.054095
1 0.928317 0.422292 0.034651 0.053522
1 0.928087 0.422256 0.032955 0.052932
1 0.930000 0.422699 0.032398 0.054279
1 0.927921 0.422375 0.035154 0.053473
1 0.928105 0.422453 0.032680 0.051072
1 0.491213 0.300063 0.232948 0.311635
1 0.491498 0.299665 0.225989 0.302912
1 0.492447 0.297564 0.229883 0.302249
1 0.496059 0.293342 0.230605 0.305941
1 0.491286 0.296828 0.229099 0.310810
1 0.491746 0.296913 0.228300 0.303971
1 0.489970 0.296361 0.228922 0.303818
1 0.491563 0.297376 0.231520 0.306207
1 0.490334 0.296784 0.230500 0.303476
1 0.491869 0.296147 0.232837 0.308195
1 0.490099 0.296729 0.232835 0.310794
1 0.490283 0.296163 0.229219 0.305066
1 0.490986 0.297408 0.229204 0.303190
1 0.488333 0.296318 0.229121 0.305855
1 0.493075 0.297209 0.235584 0.302199
1 0.490458 0.297137 0.230804 0.307388
1 0.490823 0.296701 0.230686 0.309616
1 0.490708 0.295654 0.230056 0.303827
1 0.490126 0.297163 0.230557 0.302698
1 0.488267 0.295525 0.233123 0.307270
1 0.493784 0.296953 0.237703 0.300156
1 0.489947 0.296048 0.230221 0.311817
1 0.490473 0.296783 0.233840 0.309403
1 0.490117 0.296348 0.228011 0.305682
1 0.489927 0.298356 0.233366 0.302926
1 0.488575 0.296037 0.234046 0.307320
1 0.492556 0.297826 0.240242 0.299788
1 0.488349 0.295689 0.229431 0.310845
1 0.489509 0.296360 0.231750 0.314926
1 0.490834 0.295714 0.233106 0.308274
1 0.489901 0.298139 0.236869 0.307172
1 0.489282 0.298469 0.235814 0.307515
1 0.488953 0.295962 0.232105 0.307761
1 0.490948 0.297380 0.234444 0.310789
1 0.491344 0.297294 0.233349 0.304644
1 0.489548 0.296593 0.235852 0.314163
1 0.490624 0.297499 0.237829 0.314462
1 0.489983 0.298821 0.232147 0.308401
1 0.489305 0.299646 0.228496 0.305232
1 0.490144 0.300683 0.232234 0.310290
1 0.496019 0.303268 0.234748 0.306774
1 0.491573 0.300333 0.235174 0.305191
1 0.495015 0.297531 0.237707 0.303931
1 0.495653 0.296544 0.237117 0.304417
1 0.493121 0.300587 0.230550 0.313154
1 0.492649 0.300883 0.234690 0.301963
1 0.490898 0.300498 0.230450 0.306499
1 0.493546 0.299720 0.229849 0.307753
1 0.490998 0.300853 0.231567 0.307068
1 0.493310 0.300702 0.241955 0.307783
1 0.493487 0.302062 0.234772 0.303409
1 0.493357 0.299622 0.228791 0.305463
1 0.492714 0.301631 0.234450 0.305597
1 0.491773 0.299061 0.232218 0.303675
1 0.494466 0.303193 0.240604 0.300342
1 0.492476 0.301663 0.233730 0.304839
1 0.494187 0.302964 0.235079 0.304894
1 0.489852 0.304141 0.233239 0.307266