1 0.824109 0.122288 0.079215 0.115342
1 0.825155 0.121847 0.082173 0.118773
1 0.823749 0.121414 0.081349 0.117434
1 0.824822 0.122803 0.078997 0.110035
1 0.824919 0.122816 0.079608 0.111214
1 0.823427 0.124110 0.082707 0.112623
1 0.823995 0.123109 0.079023 0.111281
1 0.824535 0.122653 0.081397 0.112189
1 0.510408 0.253840 0.204809 0.277585
1 0.509251 0.256618 0.205290 0.277250
1 0.510824 0.254340 0.209341 0.284456
1 0.823623 0.124251 0.080068 0.110878
1 0.825500 0.124549 0.081554 0.108502
1 0.510590 0.253477 0.206261 0.279222
1 0.510206 0.258739 0.204812 0.268847
1 0.508909 0.257919 0.208333 0.268895
1 0.508630 0.258752 0.207834 0.271256
1 0.511412 0.253976 0.209650 0.282643
1 0.509920 0.258489 0.210094 0.272712
1 0.507994 0.259335 0.207613 0.269832
1 0.509867 0.258523 0.206843 0.270990
1 0.508903 0.257451 0.210170 0.273330
1 0.507984 0.258290 0.209407 0.273780
1 0.509389 0.258187 0.213394 0.270675
1 0.509251 0.258924 0.212148 0.270620
1 0.507951 0.259508 0.208869 0.269329
1 0.508838 0.258757 0.210203 0.273150
1 0.509078 0.258661 0.211259 0.272636
1 0.507600 0.257310 0.211804 0.274487
1 0.510467 0.259398 0.211278 0.267269
1 0.509416 0.258212 0.210829 0.268652
1 0.508824 0.259162 0.208020 0.267845
1 0.509563 0.258583 0.211677 0.270612
1 0.509259 0.259478 0.209912 0.269323
1 0.508684 0.258054 0.210319 0.273263
1 0.509393 0.260915 0.214939 0.267488
1 0.510365 0.259899 0.210479 0.265539
1 0.509856 0.257926 0.209161 0.266137
1 0.508435 0.259313 0.208500 0.265892
1 0.508675 0.258762 0.211701 0.268479
1 0.509034 0.259412 0.208480 0.269910
1 0.509341 0.258553 0.210913 0.270579
1 0.509504 0.259244 0.209585 0.265610
1 0.508271 0.259027 0.207445 0.269062
1 0.508886 0.260732 0.208776 0.266162
1 0.509275 0.259548 0.211343 0.270844
1 0.509286 0.259840 0.212282 0.272575
1 0.508926 0.260760 0.209681 0.267535
1 0.509016 0.259195 0.209833 0.267756
1 0.508604 0.259600 0.210525 0.271645
1 0.509001 0.262168 0.206732 0.267024
1 0.510193 0.256454 0.209656 0.275186
1 0.511675 0.256501 0.214955 0.277555
1 0.508809 0.259265 0.211025 0.278435
1 0.507552 0.256467 0.217752 0.283188
1 0.509684 0.255983 0.214420 0.278366
1 0.511043 0.255939 0.211073 0.277287
1 0.509565 0.255673 0.217640 0.278624
1 0.508030 0.259359 0.219602 0.277628