1 0.437892 0.299408 0.230506 0.297257
1 0.437054 0.302745 0.224940 0.294027
1 0.437515 0.302014 0.229351 0.299942
1 0.439964 0.298691 0.230895 0.300251
1 0.439147 0.302370 0.231658 0.290895
1 0.438064 0.301258 0.229933 0.289052
1 0.437954 0.301067 0.230808 0.289174
1 0.438315 0.300057 0.231668 0.293093
1 0.439385 0.299777 0.232297 0.294318
1 0.437405 0.300895 0.232368 0.294737
1 0.438326 0.301024 0.228889 0.291306
1 0.437707 0.302240 0.227716 0.291303
1 0.437458 0.301575 0.229093 0.290817
1 0.436255 0.303004 0.231292 0.286090
1 0.439075 0.300476 0.233799 0.292540
1 0.437727 0.302503 0.233241 0.293004
1 0.437743 0.302281 0.232329 0.294043
1 0.437496 0.302902 0.231483 0.294387
1 0.437728 0.301791 0.231024 0.295101
1 0.437860 0.304351 0.233173 0.286137
1 0.436174 0.303506 0.231947 0.285844
1 0.439240 0.300310 0.232832 0.289972
1 0.438617 0.301208 0.233057 0.294107
1 0.438827 0.302678 0.234538 0.292283
1 0.437885 0.302381 0.235071 0.294086
1 0.438014 0.301136 0.232439 0.295596
1 0.438001 0.305660 0.236022 0.288769
1 0.438325 0.302087 0.234663 0.298252
1 0.436973 0.302030 0.235764 0.298239
1 0.438347 0.303094 0.233049 0.297806
1 0.436996 0.303514 0.235502 0.296909
1 0.437604 0.302721 0.233376 0.294941
1 0.439091 0.307581 0.237749 0.287408
1 0.438906 0.301933 0.235487 0.295797
1 0.439010 0.301339 0.232164 0.298167
1 0.438991 0.302170 0.234592 0.296170
1 0.436952 0.303283 0.236730 0.295661
1 0.438579 0.305478 0.233998 0.290446
1 0.439355 0.301073 0.233980 0.300922
1 0.439403 0.302476 0.235741 0.294074
1 0.438678 0.304065 0.237874 0.295952
1 0.436776 0.304902 0.232562 0.299007
1 0.438913 0.302531 0.234872 0.295126
1 0.436319 0.302857 0.236124 0.300505
1 0.440296 0.298429 0.234718 0.296623
1 0.435941 0.300812 0.232706 0.302549
1 0.435008 0.306252 0.232284 0.291558
1 0.435158 0.304905 0.231347 0.289934
1 0.435924 0.303993 0.234257 0.294740
1 0.436676 0.303234 0.234036 0.288303
1 0.436359 0.300141 0.235276 0.298553
1 0.437646 0.303062 0.229289 0.292137
1 0.436711 0.302595 0.230495 0.284009
1 0.437038 0.304851 0.233044 0.289607
1 0.433818 0.303534 0.234173 0.290545
1 0.437286 0.302126 0.234322 0.292935
1 0.434958 0.306546 0.231275 0.292549
1 0.435939 0.308858 0.234222 0.294823
1 0.436688 0.306016 0.235827 0.293640