1 0.555672 0.282245 0.174597 0.336879
1 0.557020 0.283680 0.176489 0.329741
1 0.561541 0.281006 0.177049 0.323310
1 0.551731 0.279789 0.169811 0.309417
1 0.552721 0.280465 0.174846 0.313502
1 0.553989 0.280220 0.174601 0.313435
1 0.554278 0.280911 0.170206 0.315131
1 0.547012 0.277134 0.162906 0.305156
1 0.552568 0.278041 0.170839 0.302498
1 0.551822 0.277216 0.177055 0.308245
1 0.551043 0.277372 0.173342 0.305565
1 0.551744 0.277655 0.173416 0.313248
1 0.556469 0.280385 0.177643 0.308688
1 0.547643 0.279576 0.165845 0.306075
1 0.551114 0.277274 0.171692 0.311882
1 0.551878 0.275428 0.177754 0.313697
1 0.551785 0.276615 0.175413 0.304236
1 0.552294 0.277014 0.178942 0.310432
1 0.554922 0.281918 0.181090 0.303058
1 0.547855 0.282248 0.165907 0.300658
1 0.549661 0.280028 0.169686 0.311436
1 0.551470 0.276927 0.176379 0.312996
1 0.551506 0.276713 0.178484 0.304941
1 0.552416 0.277364 0.179519 0.303385
1 0.554970 0.283088 0.179384 0.294588
1 0.548003 0.284058 0.166842 0.301314
1 0.550625 0.280331 0.175821 0.316905
1 0.550906 0.279938 0.177207 0.315911
1 0.550646 0.277049 0.177479 0.308301
1 0.550828 0.277057 0.178161 0.306444
1 0.554066 0.280457 0.179905 0.300108
1 0.550451 0.278097 0.177528 0.313964
1 0.549017 0.279115 0.174851 0.310993
1 0.550173 0.278578 0.175533 0.302571
1 0.550272 0.279601 0.175890 0.302481
1 0.555705 0.281930 0.179587 0.299495
1 0.547993 0.281001 0.174458 0.309347
1 0.549167 0.280239 0.174273 0.305161
1 0.550566 0.279643 0.176243 0.305530
1 0.551723 0.282801 0.178686 0.298259
1 0.546042 0.282335 0.175237 0.306620
1 0.552569 0.280037 0.179555 0.306954