1 0.533720 0.343278 0.256829 0.358552
1 0.536188 0.346684 0.258165 0.350071
1 0.535103 0.346995 0.256341 0.349826
1 0.533576 0.346240 0.257840 0.347565
1 0.537207 0.345650 0.257334 0.347504
1 0.536986 0.345088 0.258807 0.346502
1 0.534689 0.344922 0.260596 0.346021
1 0.534257 0.345679 0.259009 0.342084
1 0.535050 0.345231 0.259174 0.343468
1 0.536400 0.344826 0.260764 0.353638
1 0.535452 0.343894 0.256658 0.357494
1 0.534982 0.343959 0.259275 0.354426
1 0.533566 0.344238 0.256543 0.348106
1 0.534908 0.344895 0.255426 0.351371
1 0.536120 0.344151 0.257609 0.348630
1 0.535821 0.343918 0.258174 0.353661
1 0.535839 0.342635 0.258009 0.353864
1 0.533226 0.342404 0.257649 0.350234
1 0.536123 0.344172 0.257611 0.349474
1 0.536121 0.342451 0.255778 0.344636
1 0.535118 0.342502 0.256533 0.350674
1 0.534111 0.343559 0.255616 0.352218
1 0.534408 0.342127 0.260261 0.353333
1 0.535326 0.342722 0.257284 0.350307
1 0.534169 0.344718 0.257385 0.352577
1 0.534293 0.342612 0.257198 0.360404
1 0.534529 0.341933 0.255978 0.356267
1 0.533857 0.342413 0.259193 0.352931
1 0.534437 0.344534 0.256034 0.346968
1 0.534781 0.344657 0.259402 0.351686
1 0.534761 0.342162 0.255129 0.353964
1 0.534237 0.342453 0.254982 0.352706
1 0.534050 0.342837 0.256565 0.355644
1 0.535880 0.344416 0.254928 0.348034
1 0.533956 0.342754 0.254289 0.360527
1 0.534053 0.344585 0.254777 0.354748
1 0.534767 0.347060 0.257678 0.355482
1 0.535188 0.340376 0.261583 0.360531
1 0.534278 0.341974 0.261917 0.357152
1 0.529538 0.344137 0.261762 0.356649
1 0.537712 0.344249 0.260403 0.355507
1 0.538405 0.348328 0.259397 0.352339
1 0.537314 0.347096 0.258868 0.348106
1 0.532827 0.344617 0.254886 0.355911
1 0.536918 0.344016 0.256296 0.349717
1 0.535229 0.348066 0.261243 0.353993
1 0.531948 0.348503 0.259208 0.351133
1 0.533744 0.348013 0.255629 0.349569
1 0.534599 0.348119 0.254831 0.348697
1 0.535873 0.348981 0.255798 0.340444
1 0.536807 0.347375 0.259980 0.346073
1 0.535183 0.346034 0.257017 0.346267
1 0.534623 0.348896 0.258508 0.347723
1 0.534857 0.348942 0.254544 0.347137
1 0.533714 0.345757 0.258158 0.346262
1 0.534089 0.350496 0.257905 0.338824
1 0.533243 0.346462 0.259113 0.350304
1 0.530318 0.351024 0.252229 0.345769
1 0.531847 0.348289 0.255311 0.348829
1 0.533681 0.346173 0.253540 0.341868