1 0.474666 0.206444 0.158563 0.239565
1 0.476196 0.210692 0.153921 0.226711
1 0.476344 0.210971 0.154370 0.225108
1 0.478262 0.207875 0.155321 0.232119
1 0.476341 0.211152 0.157398 0.231817
1 0.476910 0.210126 0.156106 0.224177
1 0.478260 0.209734 0.158044 0.224434
1 0.477755 0.211079 0.155532 0.224047
1 0.475415 0.210098 0.157870 0.233776
1 0.476766 0.209655 0.157701 0.228908
1 0.477630 0.210378 0.157217 0.225145
1 0.477350 0.211089 0.158558 0.224416
1 0.478001 0.211563 0.158310 0.224018
1 0.476401 0.211325 0.158018 0.226056
1 0.475857 0.209935 0.158295 0.227262
1 0.477160 0.209611 0.157840 0.225970
1 0.477247 0.210417 0.157610 0.222913
1 0.477662 0.210264 0.158083 0.225545
1 0.477454 0.211299 0.158438 0.225804
1 0.477108 0.211025 0.158293 0.224918
1 0.475189 0.210555 0.159277 0.227966
1 0.476760 0.209361 0.157952 0.228421
1 0.476659 0.210443 0.159310 0.226071
1 0.477331 0.210081 0.158218 0.224325
1 0.477276 0.210519 0.157398 0.223648
1 0.477461 0.211743 0.159207 0.226088
1 0.477264 0.210647 0.159431 0.230250
1 0.477431 0.210507 0.159147 0.227966
1 0.478586 0.210565 0.159272 0.229509
1 0.477805 0.210981 0.159357 0.227311
1 0.477291 0.211833 0.162384 0.232175
1 0.478580 0.210422 0.161227 0.230752
1 0.479704 0.213024 0.157372 0.225612