1 0.701052 0.267154 0.248263 0.369653
1 0.699773 0.268741 0.245475 0.363439
1 0.698764 0.269538 0.251391 0.362915
1 0.699991 0.273273 0.251041 0.357331
1 0.697499 0.273685 0.251651 0.356714
1 0.699588 0.272286 0.252597 0.357346
1 0.700127 0.273946 0.254567 0.360709
1 0.699596 0.273667 0.256078 0.356852
1 0.698116 0.274749 0.256863 0.356937
1 0.698368 0.274430 0.256447 0.358475
1 0.700330 0.272294 0.254385 0.355312
1 0.699252 0.271543 0.253904 0.355105
1 0.699116 0.273809 0.256075 0.357376
1 0.699570 0.274897 0.257884 0.359051
1 0.699410 0.271188 0.251112 0.346836
1 0.698654 0.272384 0.253521 0.360818
1 0.699525 0.272538 0.256591 0.360758
1 0.699282 0.273867 0.255951 0.363957
1 0.698164 0.270879 0.254947 0.352308
1 0.699326 0.271454 0.255159 0.356447
1 0.699033 0.272985 0.259120 0.361799
1 0.700407 0.272875 0.255257 0.361460
1 0.698507 0.271441 0.250732 0.359850
1 0.699408 0.271221 0.252029 0.354734
1 0.698471 0.271054 0.255727 0.365874
1 0.700103 0.273159 0.254684 0.356055
1 0.699542 0.271441 0.257270 0.356742
1 0.699210 0.271449 0.253463 0.353433
1 0.699732 0.272213 0.259401 0.363091
1 0.699457 0.272595 0.259250 0.358556
1 0.697461 0.272225 0.258495 0.365688
1 0.700619 0.269517 0.254031 0.361718
1 0.699448 0.270920 0.257889 0.358735
1 0.701209 0.275161 0.260749 0.359253
1 0.699784 0.273296 0.254293 0.359970
1 0.700900 0.270396 0.253419 0.359491
1 0.702313 0.274918 0.255457 0.359591
1 0.700525 0.277288 0.252716 0.356585
1 0.703352 0.273259 0.255256 0.356409
1 0.700751 0.277574 0.249221 0.349971
1 0.699890 0.275139 0.253179 0.353953
1 0.698149 0.276468 0.252757 0.362388
1 0.701464 0.278708 0.254321 0.354492
1 0.703205 0.275393 0.253272 0.357075
1 0.704482 0.275500 0.254502 0.360561
1 0.700877 0.273330 0.254371 0.353102
1 0.699206 0.272005 0.255695 0.355815
1 0.697052 0.275297 0.253420 0.354794
1 0.697237 0.276015 0.251035 0.352155
1 0.698847 0.274721 0.256586 0.355900
1 0.702437 0.275020 0.250357 0.352925
1 0.700553 0.275390 0.255602 0.357158
1 0.699209 0.275414 0.252208 0.357165
1 0.697126 0.276402 0.254885 0.351849
1 0.696722 0.272488 0.254984 0.355397
1 0.702613 0.277082 0.261308 0.356476
1 0.699990 0.274619 0.255273 0.357422
1 0.698679 0.275205 0.258172 0.358684
1 0.698134 0.275798 0.256778 0.359284
1 0.700610 0.276608 0.257128 0.356753