1 0.571768 0.447163 0.235474 0.391843
1 0.574662 0.447534 0.227349 0.386997
1 0.571368 0.450282 0.251565 0.380642
1 0.572287 0.449953 0.243622 0.376982
1 0.574259 0.450588 0.239287 0.372197
1 0.574341 0.449522 0.235843 0.368067
1 0.570958 0.450877 0.254167 0.378582
1 0.571917 0.448913 0.246961 0.376244
1 0.571432 0.448257 0.246386 0.376231
1 0.570887 0.449009 0.240792 0.369087
1 0.572110 0.444867 0.255119 0.374925
1 0.573340 0.442201 0.252037 0.379911
1 0.570644 0.442666 0.251991 0.382854
1 0.569721 0.445826 0.241464 0.371071
1 0.572025 0.445444 0.253277 0.385521
1 0.573248 0.442524 0.250066 0.391196
1 0.570350 0.444020 0.252015 0.383862
1 0.570069 0.446542 0.243201 0.373441
1 0.570001 0.440741 0.252638 0.389752
1 0.571087 0.438923 0.248203 0.394168
1 0.571472 0.439617 0.251495 0.391086
1 0.570898 0.442894 0.242551 0.375836
1 0.570103 0.439228 0.253674 0.390095
1 0.571179 0.439340 0.245337 0.392385
1 0.572731 0.438933 0.247855 0.391640
1 0.573331 0.442106 0.243744 0.385276
1 0.570932 0.438682 0.255195 0.396144
1 0.573651 0.438358 0.245568 0.395977
1 0.572921 0.439397 0.248860 0.396412
1 0.573506 0.442587 0.245180 0.393830
1 0.570590 0.444664 0.256650 0.389866
1 0.574575 0.439322 0.246501 0.394020
1 0.575507 0.442153 0.243885 0.391899
1 0.576939 0.447037 0.244206 0.382768
1 0.563021 0.439389 0.262313 0.388092
1 0.567142 0.447793 0.250124 0.379880
1 0.574469 0.446596 0.243133 0.379709
1 0.570373 0.447210 0.249408 0.384853
1 0.569558 0.448312 0.243518 0.383012
1 0.573850 0.444911 0.243858 0.382794
1 0.573817 0.450708 0.242632 0.379539
1 0.572117 0.447261 0.251004 0.384219
1 0.571211 0.449476 0.244011 0.380121
1 0.567893 0.440659 0.246103 0.389039
1 0.572477 0.447122 0.245219 0.380606
1 0.575096 0.451086 0.238152 0.381220
1 0.573308 0.444899 0.244047 0.376948
1 0.571260 0.443707 0.243509 0.383360
1 0.569953 0.445296 0.240588 0.381005
1 0.572215 0.449296 0.249775 0.378242
1 0.567534 0.446761 0.245439 0.377428
1 0.569860 0.442921 0.245264 0.389246
1 0.567181 0.444397 0.247105 0.383112
1 0.571705 0.440846 0.245081 0.386125
1 0.579105 0.453273 0.247398 0.377872