1 0.450032 0.383633 0.249056 0.333027
1 0.449876 0.382578 0.247792 0.329854
1 0.450892 0.384318 0.249036 0.329345
1 0.450749 0.383811 0.252409 0.327402
1 0.449296 0.384083 0.251123 0.327535
1 0.450103 0.384663 0.254439 0.326522
1 0.448381 0.383883 0.248380 0.326250
1 0.450902 0.384448 0.252912 0.329553
1 0.450006 0.382902 0.254096 0.334284
1 0.450272 0.383996 0.254074 0.329849
1 0.450669 0.386410 0.256531 0.326230
1 0.451005 0.387277 0.258774 0.320835
1 0.450243 0.384088 0.252618 0.326779
1 0.450455 0.384621 0.252518 0.336145
1 0.451981 0.384774 0.256821 0.333925
1 0.450847 0.384467 0.253723 0.330448
1 0.450101 0.384636 0.256960 0.328925
1 0.450921 0.385919 0.258232 0.320341
1 0.449801 0.384654 0.255118 0.327900
1 0.450407 0.383996 0.252613 0.330857
1 0.451101 0.383919 0.255644 0.328449
1 0.450748 0.384657 0.255747 0.328711
1 0.450208 0.384584 0.258054 0.328771
1 0.451274 0.384577 0.257974 0.319575
1 0.449358 0.384879 0.252726 0.325959
1 0.450424 0.382743 0.254083 0.336248
1 0.451945 0.382299 0.254408 0.328329
1 0.450655 0.384781 0.258559 0.330364
1 0.451128 0.385924 0.260430 0.329637
1 0.451823 0.386332 0.260399 0.321945
1 0.447538 0.384857 0.250720 0.323200
1 0.450218 0.383178 0.255713 0.331429
1 0.452501 0.384965 0.257424 0.330853
1 0.451840 0.384314 0.259183 0.334238
1 0.451410 0.384891 0.260973 0.332304
1 0.452168 0.388628 0.261145 0.316691
1 0.450741 0.385025 0.257517 0.331443
1 0.450834 0.385042 0.256780 0.329115
1 0.451647 0.384548 0.262107 0.335047
1 0.452012 0.386047 0.262554 0.332748
1 0.450584 0.389350 0.250507 0.328402
1 0.452821 0.391525 0.255403 0.322250
1 0.455669 0.384745 0.263033 0.335888
1 0.453239 0.381318 0.259139 0.330385
1 0.453729 0.388672 0.251235 0.328439
1 0.451439 0.386242 0.255642 0.325219
1 0.456537 0.388896 0.254356 0.323691
1 0.453268 0.389606 0.256590 0.319325
1 0.455478 0.383506 0.259610 0.338214
1 0.451335 0.388960 0.258524 0.326114
1 0.449846 0.388251 0.252300 0.324628
1 0.453266 0.387458 0.251700 0.326164
1 0.452477 0.385882 0.253615 0.325154
1 0.451211 0.390331 0.257858 0.327578
1 0.454104 0.387532 0.265440 0.331129
1 0.451987 0.384810 0.255628 0.328673
1 0.454125 0.386426 0.251473 0.322477
1 0.452045 0.387273 0.255568 0.325283
1 0.451757 0.387115 0.254436 0.319488
1 0.451201 0.388942 0.257113 0.328307
1 0.451922 0.389446 0.256572 0.324483
1 0.453487 0.386907 0.254224 0.326000
1 0.452998 0.388517 0.260276 0.324743
1 0.451850 0.386931 0.258832 0.326949