1 0.464555 0.395882 0.348563 0.526763
1 0.465649 0.396445 0.350686 0.520671
1 0.467245 0.390093 0.352929 0.522877
1 0.464896 0.390731 0.354523 0.524263
1 0.467494 0.395628 0.353842 0.513212
1 0.464180 0.394966 0.352783 0.517046
1 0.463683 0.392796 0.357250 0.513007
1 0.465950 0.385399 0.351032 0.516676
1 0.457676 0.387441 0.353998 0.505742
1 0.465177 0.390038 0.355116 0.504856
1 0.467942 0.388197 0.360141 0.498464
1 0.463801 0.387172 0.355672 0.494509
1 0.464305 0.387636 0.355149 0.497331
1 0.465823 0.389653 0.355091 0.504682
1 0.460307 0.390624 0.356143 0.506883
1 0.464019 0.388793 0.361530 0.511327
1 0.464991 0.391160 0.357464 0.504325
1 0.462482 0.388864 0.356707 0.500363
1 0.464141 0.389598 0.360549 0.504274
1 0.463689 0.390129 0.362510 0.506041
1 0.467843 0.390395 0.354136 0.495954
1 0.458934 0.388935 0.359185 0.508152
1 0.460694 0.387771 0.360116 0.506241
1 0.463392 0.389851 0.359391 0.504053
1 0.459747 0.388969 0.358333 0.500745
1 0.463305 0.387396 0.361584 0.504519
1 0.463164 0.387422 0.360069 0.511131
1 0.455131 0.394304 0.364376 0.498394
1 0.460540 0.385634 0.364584 0.514272
1 0.463680 0.385851 0.360513 0.516813
1 0.463171 0.386017 0.363037 0.505991
1 0.462810 0.384820 0.366314 0.506445
1 0.464423 0.386485 0.357768 0.512471
1 0.460022 0.391640 0.365138 0.496960
1 0.462098 0.386125 0.364331 0.505551
1 0.462073 0.388591 0.361182 0.508586
1 0.462987 0.385841 0.366458 0.514074
1 0.458416 0.397141 0.366917 0.488322
1 0.458455 0.394502 0.369107 0.496997