1 0.371653 0.215237 0.129980 0.210641
1 0.370078 0.216967 0.124631 0.207493
1 0.367592 0.216826 0.128370 0.204665
1 0.369379 0.213681 0.127641 0.206442
1 0.368306 0.218650 0.127594 0.203998
1 0.369318 0.220822 0.126766 0.203492
1 0.368931 0.220739 0.126686 0.200568
1 0.369021 0.219108 0.125319 0.201094
1 0.370537 0.220550 0.123598 0.194287
1 0.369564 0.216966 0.124607 0.200299
1 0.367916 0.217149 0.125510 0.202497
1 0.369497 0.220218 0.129753 0.202776
1 0.370215 0.220154 0.128512 0.204532
1 0.368484 0.220405 0.125555 0.200692
1 0.369108 0.218688 0.125164 0.200963
1 0.369810 0.221081 0.126239 0.193619
1 0.368431 0.216916 0.126888 0.199081
1 0.367277 0.217727 0.127076 0.201223
1 0.370894 0.215726 0.130710 0.206391
1 0.369075 0.220513 0.127749 0.201426
1 0.370601 0.218976 0.126439 0.202819
1 0.368073 0.221475 0.124355 0.197562
1 0.368574 0.218676 0.125734 0.202032
1 0.369756 0.221409 0.128966 0.195796
1 0.368505 0.216393 0.128495 0.204149
1 0.368249 0.217357 0.128800 0.205921
1 0.372220 0.218512 0.134634 0.204321
1 0.371263 0.218332 0.127541 0.203694
1 0.367833 0.220141 0.126513 0.200717
1 0.369906 0.216868 0.129250 0.205167
1 0.369232 0.216769 0.131199 0.205150
1 0.369619 0.216690 0.131386 0.202716
1 0.371859 0.220565 0.131982 0.201957