1 0.412390 0.389105 0.350982 0.467058
1 0.415945 0.392680 0.348588 0.462040
1 0.414141 0.389165 0.353574 0.448829
1 0.410289 0.391346 0.356159 0.443126
1 0.410146 0.392017 0.356841 0.444965
1 0.413037 0.392079 0.355550 0.448060
1 0.416942 0.381325 0.360306 0.463476
1 0.407031 0.391210 0.345360 0.446549
1 0.410447 0.390529 0.356387 0.444855
1 0.410574 0.391297 0.356870 0.445394
1 0.411380 0.394125 0.361504 0.444993
1 0.413817 0.391852 0.359083 0.446384
1 0.409842 0.387964 0.357793 0.448708
1 0.410803 0.397223 0.352903 0.443036
1 0.406763 0.394683 0.355541 0.451840
1 0.409142 0.393020 0.360493 0.450948
1 0.410377 0.390263 0.362029 0.451797
1 0.408579 0.390499 0.358732 0.448231
1 0.408763 0.389431 0.366169 0.451733
1 0.416260 0.390943 0.360342 0.450252
1 0.410071 0.397618 0.351845 0.438591
1 0.408252 0.394509 0.352573 0.445546
1 0.408190 0.397610 0.359410 0.446303
1 0.407040 0.394441 0.355237 0.443294
1 0.410099 0.392880 0.350776 0.441445
1 0.410230 0.390906 0.358937 0.452429
1 0.406855 0.399131 0.355728 0.443411
1 0.407151 0.392519 0.362527 0.447031
1 0.409116 0.392951 0.358732 0.452719
1 0.410012 0.394388 0.357751 0.445484
1 0.408744 0.395666 0.359844 0.447043
1 0.410635 0.393692 0.363782 0.453302
1 0.410501 0.398337 0.360673 0.448209
1 0.409828 0.394030 0.360950 0.448292
1 0.407201 0.392684 0.363446 0.454807
1 0.407888 0.394484 0.360779 0.458568
1 0.408423 0.401789 0.368166 0.443720
1 0.409923 0.394258 0.370808 0.458538