1 0.534226 0.453449 0.349609 0.483144
1 0.539244 0.451044 0.346926 0.487854
1 0.535137 0.455180 0.347423 0.464629
1 0.530898 0.455076 0.349492 0.471325
1 0.533012 0.454740 0.350378 0.471410
1 0.538023 0.446615 0.349782 0.484362
1 0.531887 0.450925 0.345166 0.460354
1 0.533297 0.450452 0.350757 0.454519
1 0.532216 0.449386 0.349871 0.461090
1 0.532640 0.448324 0.351204 0.458421
1 0.532983 0.448087 0.349872 0.465192
1 0.539287 0.439769 0.350029 0.465676
1 0.520870 0.451418 0.338407 0.452238
1 0.531242 0.453556 0.348986 0.462961
1 0.531218 0.452559 0.348041 0.460940
1 0.532545 0.450090 0.350617 0.464679
1 0.532055 0.450116 0.352088 0.463585
1 0.530978 0.447215 0.350197 0.462427
1 0.533508 0.447321 0.351084 0.462758
1 0.522438 0.455490 0.338460 0.443187
1 0.531883 0.451689 0.344950 0.455258
1 0.531152 0.452831 0.345487 0.457215
1 0.527669 0.452978 0.349243 0.463623
1 0.531122 0.448328 0.345702 0.461110
1 0.534175 0.447878 0.348537 0.460372
1 0.534513 0.446867 0.350645 0.458406
1 0.531798 0.454576 0.344781 0.459708
1 0.531765 0.451242 0.347392 0.464226
1 0.531822 0.450030 0.350119 0.457800
1 0.530032 0.451085 0.350342 0.462278
1 0.534605 0.447059 0.348122 0.464741
1 0.531669 0.445873 0.352339 0.470971
1 0.529605 0.447289 0.353693 0.466780
1 0.531746 0.445873 0.350264 0.470519
1 0.535379 0.450171 0.344532 0.472628
1 0.530730 0.449564 0.357382 0.469963
1 0.532064 0.455795 0.350947 0.475718