1 0.611368 0.442497 0.336262 0.475796
1 0.609890 0.443944 0.345540 0.486021
1 0.611164 0.433751 0.337481 0.501945
1 0.609791 0.445207 0.330433 0.476719
1 0.612557 0.450879 0.337563 0.474021
1 0.608993 0.448240 0.340547 0.485872
1 0.611163 0.443861 0.339674 0.491073
1 0.614354 0.432542 0.338959 0.492369
1 0.607722 0.446593 0.340097 0.475531
1 0.614378 0.448436 0.336340 0.467862
1 0.613217 0.443064 0.341249 0.475825
1 0.610693 0.439720 0.344685 0.481624
1 0.612295 0.437883 0.349300 0.478171
1 0.613062 0.435563 0.346096 0.481565
1 0.608217 0.445767 0.341565 0.468331
1 0.615393 0.438729 0.335417 0.464929
1 0.611363 0.440586 0.336471 0.472544
1 0.608344 0.438904 0.343093 0.475093
1 0.611642 0.441865 0.350434 0.475147
1 0.610001 0.438766 0.344130 0.476840
1 0.609664 0.446919 0.348316 0.460453
1 0.613980 0.436194 0.338322 0.460413
1 0.610876 0.440841 0.339348 0.465345
1 0.606050 0.437722 0.342370 0.469952
1 0.608609 0.434944 0.344763 0.467660
1 0.611248 0.433747 0.349618 0.475484
1 0.612749 0.439960 0.346629 0.456647
1 0.612207 0.438636 0.340111 0.459371
1 0.612891 0.438460 0.345544 0.463464
1 0.612347 0.432298 0.346227 0.467992
1 0.615679 0.436563 0.340187 0.467997
1 0.609713 0.448244 0.358171 0.442984
1 0.610995 0.434793 0.346553 0.464908
1 0.609648 0.435920 0.348524 0.470979
1 0.615374 0.433323 0.344906 0.474548
1 0.609952 0.444477 0.359584 0.449235