1 0.466000 0.180694 0.142591 0.210290
1 0.465574 0.181058 0.140739 0.208236
1 0.464901 0.181949 0.140823 0.208384
1 0.466779 0.184640 0.142351 0.205430
1 0.467019 0.185631 0.142105 0.208242
1 0.465986 0.185667 0.142609 0.206764
1 0.464720 0.185279 0.142827 0.210621
1 0.465836 0.185929 0.141202 0.205997
1 0.465517 0.186715 0.143886 0.208875
1 0.465537 0.185903 0.142113 0.206860
1 0.465218 0.184180 0.142159 0.204717
1 0.465354 0.185932 0.141739 0.205802
1 0.466969 0.183288 0.142966 0.210585
1 0.460932 0.186178 0.146152 0.208981
1 0.465991 0.186718 0.142081 0.203620
1 0.467363 0.186995 0.144460 0.207759
1 0.466225 0.184953 0.144259 0.207662
1 0.464921 0.186154 0.145033 0.208709
1 0.465433 0.185482 0.144105 0.207197
1 0.465830 0.185614 0.142695 0.207390
1 0.467400 0.185865 0.140842 0.206050
1 0.466414 0.186125 0.144207 0.210819
1 0.465289 0.184288 0.142536 0.207050
1 0.464969 0.185121 0.141605 0.207619
1 0.466184 0.184769 0.143969 0.207465
1 0.466648 0.185057 0.144217 0.209130
1 0.465927 0.184741 0.144085 0.208011
1 0.466615 0.184886 0.142772 0.212376
1 0.467519 0.185971 0.143601 0.208661
1 0.466712 0.187189 0.148908 0.209570