1 0.534243 0.373171 0.254523 0.342167
1 0.533483 0.373973 0.256219 0.341518
1 0.532231 0.374530 0.258153 0.347150
1 0.535190 0.372748 0.251360 0.332680
1 0.534533 0.373154 0.259564 0.338572
1 0.532390 0.373025 0.263812 0.339097
1 0.532007 0.374124 0.262892 0.336464
1 0.533693 0.373579 0.257998 0.340481
1 0.535910 0.373895 0.256287 0.333144
1 0.533836 0.372963 0.257575 0.341549
1 0.532234 0.373024 0.258528 0.341539
1 0.531899 0.373959 0.258518 0.338536
1 0.533427 0.373258 0.256252 0.339057
1 0.535630 0.373426 0.257892 0.335239
1 0.534716 0.373199 0.256693 0.341629
1 0.533321 0.371644 0.252684 0.340807
1 0.531326 0.371275 0.254015 0.336945
1 0.534573 0.372111 0.254501 0.338211
1 0.534601 0.372175 0.256969 0.336083
1 0.534354 0.372484 0.256164 0.340655
1 0.534552 0.371979 0.256243 0.338634
1 0.533895 0.371498 0.259036 0.336410
1 0.534495 0.371776 0.257060 0.335884
1 0.533715 0.372737 0.258492 0.338703
1 0.533461 0.372268 0.256068 0.341398
1 0.533600 0.370738 0.258086 0.339258
1 0.533597 0.369404 0.257706 0.338238
1 0.533959 0.372014 0.257022 0.335219
1 0.532704 0.373216 0.259244 0.335696
1 0.532910 0.372130 0.256455 0.338903
1 0.534659 0.371750 0.258563 0.340706
1 0.533199 0.371161 0.260208 0.340575
1 0.534311 0.373636 0.256508 0.334043
1 0.532815 0.373556 0.256175 0.343422
1 0.534490 0.374335 0.260667 0.335891
1 0.533909 0.375529 0.264018 0.340978
1 0.537175 0.376672 0.258448 0.344686
1 0.533897 0.374969 0.258356 0.336975
1 0.531402 0.377193 0.257193 0.338738
1 0.535970 0.368012 0.260477 0.344373
1 0.536208 0.376994 0.254282 0.337626
1 0.536912 0.378035 0.256314 0.334434
1 0.537019 0.375948 0.254667 0.332453
1 0.531635 0.373971 0.254343 0.335819
1 0.535976 0.373765 0.253587 0.331578
1 0.536367 0.372244 0.259506 0.334728
1 0.533519 0.372591 0.255825 0.335132
1 0.532814 0.374259 0.253016 0.334590
1 0.532527 0.370940 0.250322 0.341808
1 0.534038 0.374352 0.252169 0.335005
1 0.534826 0.374526 0.259007 0.330002
1 0.535145 0.370674 0.255198 0.339722
1 0.536309 0.374348 0.250649 0.332087
1 0.533731 0.375863 0.250433 0.336975
1 0.534571 0.372707 0.253948 0.336613
1 0.530568 0.373602 0.263974 0.336090
1 0.533766 0.374231 0.255344 0.336411
1 0.534409 0.371600 0.253220 0.341998