1 0.263658 0.257201 0.263343 0.358902
1 0.268024 0.258879 0.259789 0.356603
1 0.269507 0.257207 0.259713 0.358277
1 0.267086 0.261348 0.265352 0.347820
1 0.268572 0.260445 0.268384 0.352778
1 0.268101 0.260987 0.265950 0.353467
1 0.269994 0.259225 0.267024 0.349904
1 0.266130 0.261141 0.263145 0.346089
1 0.268766 0.260868 0.267316 0.347561
1 0.267655 0.257736 0.266784 0.352046
1 0.269521 0.259171 0.265574 0.352328
1 0.268424 0.259408 0.264875 0.352508
1 0.267859 0.262258 0.265693 0.344180
1 0.269607 0.260968 0.267684 0.351959
1 0.269161 0.258362 0.263298 0.350554
1 0.270404 0.259062 0.262257 0.349199
1 0.269752 0.260506 0.266285 0.355863
1 0.267704 0.263396 0.265028 0.345291
1 0.268461 0.260617 0.263256 0.356973
1 0.270325 0.259601 0.266733 0.351864
1 0.268915 0.257860 0.264299 0.351807
1 0.270201 0.260142 0.268976 0.354226
1 0.268989 0.263162 0.269504 0.346500
1 0.269611 0.259574 0.264647 0.353786
1 0.270301 0.261083 0.270249 0.356070
1 0.269457 0.259370 0.265497 0.353162
1 0.270955 0.262190 0.267836 0.348487
1 0.753485 0.360774 0.272408 0.368654
1 0.758402 0.363396 0.273111 0.359390
1 0.759240 0.365831 0.274543 0.357481
1 0.758259 0.367512 0.273496 0.357743
1 0.269042 0.264070 0.270289 0.343921
1 0.268590 0.261900 0.264582 0.357135
1 0.270522 0.261175 0.270952 0.356997
1 0.268915 0.259287 0.266693 0.354348
1 0.270461 0.261439 0.269269 0.350920
1 0.756346 0.367148 0.274765 0.355097
1 0.758350 0.366625 0.274573 0.355453
1 0.758719 0.366727 0.277777 0.360450
1 0.756655 0.369259 0.275135 0.353803
1 0.760095 0.371028 0.273491 0.352985
1 0.269384 0.261888 0.266502 0.352573
1 0.270587 0.262209 0.268330 0.352293
1 0.269945 0.262280 0.265536 0.350012
1 0.271267 0.263253 0.271114 0.354076
1 0.758521 0.369796 0.278781 0.355125
1 0.756241 0.368853 0.274327 0.361654
1 0.757788 0.368824 0.276815 0.355131
1 0.757900 0.369637 0.276636 0.352398
1 0.759036 0.371879 0.277006 0.348738
1 0.267745 0.268323 0.268972 0.351489
1 0.270428 0.267144 0.265744 0.349686
1 0.270150 0.270265 0.268007 0.342850
1 0.757618 0.370738 0.279047 0.354448
1 0.756926 0.369701 0.276530 0.362262
1 0.757662 0.369141 0.278368 0.355508
1 0.756763 0.368339 0.278607 0.356722
1 0.759678 0.370716 0.277284 0.350545
1 0.757284 0.371972 0.280119 0.353585
1 0.756915 0.371562 0.278776 0.360540
1 0.756891 0.370650 0.279060 0.359186
1 0.756699 0.370254 0.281449 0.356499
1 0.759961 0.371452 0.277923 0.346392
1 0.757448 0.372230 0.278344 0.353404
1 0.757356 0.372734 0.280382 0.360152
1 0.756717 0.371578 0.280331 0.358624
1 0.756687 0.370975 0.281452 0.355913
1 0.758601 0.373611 0.281068 0.349919
1 0.755967 0.373222 0.275518 0.353335
1 0.756527 0.373011 0.280121 0.355492
1 0.756493 0.372603 0.278743 0.355236
1 0.756503 0.372191 0.280367 0.351869
1 0.758894 0.374741 0.282588 0.349043
1 0.753397 0.379139 0.277846 0.348995
1 0.755220 0.375311 0.277457 0.354408
1 0.754208 0.376619 0.279242 0.352281
1 0.755871 0.377328 0.281212 0.349460
1 0.270520 0.258464 0.266662 0.359917
1 0.274222 0.262835 0.271368 0.347609
1 0.271789 0.263309 0.268672 0.345593
1 0.270226 0.261926 0.268222 0.349074
1 0.271655 0.256371 0.273423 0.362059
1 0.270905 0.266372 0.267713 0.356141
1 0.271009 0.262691 0.269229 0.346445
1 0.270972 0.263216 0.268921 0.352139
1 0.269118 0.263019 0.269375 0.356863
1 0.271277 0.258877 0.268763 0.348689
1 0.270254 0.264970 0.276830 0.358796
1 0.269942 0.258515 0.273590 0.354925
1 0.269071 0.262443 0.272040 0.354846
1 0.272718 0.261672 0.268982 0.351484
1 0.269079 0.259599 0.270556 0.356903
1 0.269648 0.259109 0.269321 0.352988
1 0.760424 0.368679 0.283021 0.367032
1 0.761939 0.369935 0.283478 0.358494
1 0.760668 0.371456 0.280457 0.354128
1 0.757193 0.370946 0.278876 0.355723
1 0.271452 0.262150 0.269521 0.347250
1 0.271528 0.260604 0.272517 0.355375
1 0.271924 0.263553 0.263087 0.351761
1 0.270840 0.262530 0.269439 0.351872
1 0.269114 0.261400 0.265679 0.355627
1 0.762543 0.369669 0.287424 0.371429
1 0.759568 0.374818 0.281081 0.366428
1 0.759143 0.370917 0.282342 0.357895
1 0.757832 0.371191 0.279100 0.356689
1 0.757971 0.370449 0.278165 0.353739
1 0.759542 0.369847 0.281939 0.355332
1 0.271715 0.262933 0.275358 0.355089
1 0.271177 0.265292 0.272144 0.355452
1 0.272688 0.267127 0.271345 0.352390
1 0.762298 0.371793 0.286074 0.358458
1 0.757068 0.368547 0.284002 0.360890
1 0.756494 0.371623 0.279843 0.352922
1 0.758646 0.372592 0.278601 0.355113
1 0.757598 0.369588 0.279018 0.354801
1 0.756394 0.369440 0.276895 0.352110
1 0.758963 0.372622 0.294732 0.352348
1 0.755588 0.369783 0.280111 0.356846
1 0.760208 0.371371 0.276363 0.354227
1 0.758518 0.372652 0.277752 0.354682
1 0.756665 0.373266 0.281847 0.346512
1 0.755975 0.372492 0.274117 0.351438
1 0.752706 0.374674 0.279431 0.352852
1 0.757943 0.373792 0.277954 0.356434
1 0.758601 0.375534 0.281070 0.351593
1 0.757950 0.376169 0.276881 0.348432