1 0.047747 0.523461 0.102660 0.208199
1 0.048618 0.525956 0.100915 0.213281
1 0.050144 0.520934 0.101408 0.210225
1 0.049019 0.526581 0.100076 0.208849
1 0.048916 0.521784 0.101630 0.208714
1 0.047057 0.520525 0.100796 0.210495
1 0.048732 0.524575 0.101443 0.206573
1 0.048198 0.525105 0.103141 0.213567
1 0.049157 0.522117 0.099366 0.204876
1 0.049481 0.526790 0.103678 0.207280
1 0.048393 0.523596 0.103753 0.205128
1 0.047430 0.524163 0.102581 0.205697
1 0.049894 0.523819 0.100289 0.207530
1 0.047774 0.525517 0.103012 0.211350
1 0.047289 0.522743 0.098636 0.200832
1 0.050136 0.525746 0.104481 0.207080
1 0.048871 0.523123 0.103756 0.204110
1 0.046049 0.525144 0.103620 0.202515
1 0.048931 0.525129 0.103833 0.209392
1 0.051231 0.523858 0.104704 0.211696
1 0.047078 0.524768 0.103197 0.207945
1 0.048823 0.523339 0.103632 0.206461
1 0.050211 0.527573 0.104172 0.204676
1 0.048757 0.527352 0.105089 0.205858
1 0.047219 0.527204 0.103532 0.205014
1 0.528655 0.318741 0.310181 0.450631
1 0.528408 0.321895 0.305869 0.443116
1 0.532475 0.324040 0.311473 0.450990
1 0.526844 0.317700 0.309518 0.448269
1 0.528068 0.324202 0.315195 0.440255
1 0.528781 0.323053 0.310901 0.444479
1 0.529777 0.321577 0.316349 0.443934
1 0.528876 0.321124 0.309960 0.447348
1 0.528034 0.320462 0.311473 0.444217
1 0.527785 0.320538 0.317320 0.443822
1 0.531045 0.323429 0.312601 0.445271
1 0.530782 0.320507 0.313351 0.437717
1 0.529974 0.320896 0.316076 0.440673
1 0.531643 0.322068 0.312227 0.439993
1 0.527895 0.324429 0.315355 0.428456
1 0.530397 0.318761 0.312454 0.440745
1 0.527556 0.323337 0.310875 0.440009
1 0.529271 0.320768 0.315189 0.447151
1 0.527637 0.320639 0.316779 0.443135
1 0.530562 0.318784 0.319487 0.443770
1 0.528197 0.323313 0.315921 0.435039
1 0.528739 0.320036 0.314269 0.441185
1 0.528539 0.322715 0.315171 0.441946
1 0.528931 0.322698 0.318088 0.445758
1 0.528477 0.321332 0.320947 0.439304
1 0.529967 0.320502 0.317819 0.446971
1 0.531583 0.322427 0.324986 0.434872
1 0.527879 0.321538 0.320182 0.436815
1 0.526387 0.319801 0.314138 0.440776
1 0.528585 0.320470 0.318948 0.443394
1 0.527266 0.320277 0.321168 0.438011
1 0.530568 0.321035 0.318579 0.450483
1 0.525659 0.328341 0.318638 0.432476
1 0.528666 0.324958 0.322854 0.440989
1 0.527854 0.325641 0.319928 0.437713