1 0.558031 0.390937 0.314914 0.413029
1 0.559594 0.394719 0.316943 0.402477
1 0.555747 0.394923 0.314708 0.410317
1 0.556131 0.393558 0.311986 0.414471
1 0.555127 0.390416 0.313230 0.412707
1 0.560549 0.394451 0.312265 0.411678
1 0.560465 0.391006 0.317291 0.409378
1 0.560279 0.392348 0.317385 0.411603
1 0.561319 0.392903 0.313557 0.414364
1 0.559974 0.392495 0.318034 0.415132
1 0.561441 0.392627 0.316042 0.406845
1 0.558020 0.393230 0.308844 0.413410
1 0.558294 0.395596 0.309953 0.406563
1 0.560583 0.396060 0.311872 0.413074
1 0.562464 0.393430 0.313106 0.408577
1 0.555469 0.390390 0.318215 0.409896
1 0.560318 0.395065 0.316480 0.411712
1 0.559301 0.390611 0.312128 0.411505
1 0.558901 0.394646 0.311072 0.410201
1 0.560263 0.395124 0.310301 0.412433
1 0.562349 0.391462 0.318841 0.408651
1 0.560056 0.390351 0.316527 0.412374
1 0.556242 0.394110 0.316558 0.414634
1 0.556872 0.388819 0.311834 0.419290
1 0.561008 0.389894 0.312273 0.411383
1 0.560761 0.389789 0.318536 0.410837
1 0.559675 0.396465 0.320990 0.418985
1 0.558640 0.391870 0.315068 0.421528
1 0.560258 0.391845 0.312049 0.421590
1 0.564251 0.395054 0.323316 0.416923