1 0.572466 0.253830 0.175789 0.232417
1 0.573283 0.256201 0.174451 0.225384
1 0.573795 0.256695 0.175314 0.225556
1 0.573791 0.253243 0.174207 0.231838
1 0.573626 0.252389 0.177995 0.236759
1 0.573234 0.255459 0.177520 0.229107
1 0.573061 0.255406 0.177717 0.231343
1 0.574015 0.255206 0.177686 0.229489
1 0.573210 0.255525 0.176050 0.227318
1 0.574299 0.254431 0.173977 0.235086
1 0.574128 0.254985 0.177612 0.234213
1 0.573156 0.255169 0.176589 0.230226
1 0.574061 0.255735 0.176154 0.230654
1 0.573009 0.255771 0.177499 0.228611
1 0.573758 0.255375 0.177184 0.228896
1 0.572504 0.256719 0.176608 0.229403
1 0.574410 0.254487 0.176058 0.231448
1 0.573561 0.256436 0.176241 0.227555
1 0.574691 0.256004 0.177195 0.227741
1 0.575288 0.255781 0.175028 0.227585
1 0.573560 0.257008 0.176621 0.227560
1 0.573849 0.256671 0.175320 0.228967
1 0.573770 0.255470 0.178393 0.229156
1 0.573479 0.256427 0.176051 0.227786
1 0.574091 0.255120 0.175836 0.229532
1 0.574779 0.255377 0.175474 0.227041
1 0.573147 0.256408 0.174555 0.229942
1 0.574452 0.256969 0.178153 0.226710
1 0.573476 0.256831 0.177028 0.228569
1 0.574366 0.255753 0.179088 0.231153
1 0.574984 0.256358 0.178386 0.226757
1 0.573595 0.256681 0.177163 0.227071
1 0.574016 0.258694 0.179151 0.227098
1 0.575043 0.256946 0.178026 0.228163