1 0.500774 0.216600 0.153693 0.240577
1 0.503217 0.217288 0.154245 0.237930
1 0.500584 0.214775 0.153146 0.230822
1 0.501321 0.213689 0.152310 0.226921
1 0.501949 0.212812 0.150409 0.228588
1 0.500957 0.214673 0.151310 0.230212
1 0.501725 0.213296 0.157175 0.236647
1 0.501475 0.214314 0.153128 0.232117
1 0.502652 0.216162 0.154189 0.226496
1 0.501225 0.215468 0.153884 0.225546
1 0.500822 0.216333 0.154717 0.227024
1 0.501732 0.216196 0.155145 0.230402
1 0.502328 0.214183 0.157535 0.234386
1 0.501093 0.215284 0.151638 0.228395
1 0.502157 0.215725 0.155900 0.226932
1 0.500990 0.215890 0.154473 0.227128
1 0.501036 0.216806 0.156891 0.227721
1 0.501595 0.216282 0.155680 0.228011
1 0.501863 0.214701 0.157053 0.231712
1 0.500261 0.214967 0.151877 0.227132
1 0.500571 0.216162 0.154265 0.229750
1 0.501042 0.216383 0.155357 0.226870
1 0.500876 0.217600 0.155562 0.226388
1 0.502259 0.217630 0.155289 0.223205
1 0.500482 0.214420 0.152449 0.227305
1 0.500902 0.214869 0.155096 0.227754
1 0.501080 0.216939 0.156791 0.226153
1 0.500410 0.216978 0.154848 0.227775
1 0.503362 0.221052 0.157056 0.218900
1 0.499454 0.219579 0.155395 0.223392
1 0.501629 0.217291 0.156013 0.224339
1 0.500655 0.216112 0.158066 0.224400
1 0.501616 0.218039 0.156099 0.223524