1 0.598469 0.190819 0.120604 0.161858
1 0.598261 0.193016 0.115309 0.162014
1 0.598269 0.191861 0.116688 0.161563
1 0.599148 0.192430 0.116086 0.159531
1 0.598980 0.191841 0.117535 0.161498
1 0.599304 0.192141 0.118312 0.158616
1 0.595704 0.189583 0.115563 0.169456
1 0.597048 0.191302 0.120318 0.163399
1 0.598974 0.191933 0.117296 0.164905
1 0.599730 0.193198 0.116837 0.162661
1 0.598885 0.192345 0.117387 0.163785
1 0.598695 0.193371 0.115419 0.161309
1 0.598891 0.192080 0.114940 0.161193
1 0.601252 0.190319 0.122152 0.166545
1 0.595418 0.190786 0.116434 0.167976
1 0.598510 0.189764 0.118161 0.165214
1 0.598578 0.191383 0.116865 0.169439
1 0.599282 0.192580 0.115716 0.166012
1 0.599103 0.191095 0.117202 0.167784
1 0.598811 0.192020 0.116158 0.164306
1 0.598426 0.191350 0.115270 0.162870
1 0.599556 0.191977 0.119912 0.165245
1 0.597424 0.192136 0.116295 0.169386
1 0.600419 0.191985 0.119297 0.168048
1 0.599506 0.192252 0.117245 0.164150
1 0.600050 0.193442 0.117810 0.162589
1 0.599557 0.191306 0.119213 0.162278