1 0.327579 0.175766 0.180950 0.250083
1 0.331140 0.178482 0.182364 0.253473
1 0.327654 0.177635 0.182024 0.250532
1 0.329958 0.178603 0.181672 0.246302
1 0.328571 0.180764 0.183009 0.245029
1 0.328887 0.180082 0.183051 0.248819
1 0.326443 0.177879 0.181606 0.248108
1 0.329276 0.179483 0.183129 0.245855
1 0.329086 0.178967 0.183290 0.246531
1 0.329338 0.178556 0.184200 0.245421
1 0.329210 0.181205 0.185229 0.246932
1 0.329445 0.179476 0.183553 0.245799
1 0.327265 0.178451 0.182339 0.246316
1 0.329729 0.179385 0.180891 0.248507
1 0.329743 0.177988 0.181069 0.247456
1 0.327703 0.179110 0.183509 0.247459
1 0.328350 0.179855 0.185541 0.242104
1 0.328649 0.180208 0.185020 0.240716
1 0.327963 0.179073 0.182033 0.247483
1 0.327994 0.178429 0.181842 0.248929
1 0.328334 0.178133 0.182021 0.247355
1 0.328543 0.177543 0.184434 0.246130
1 0.327917 0.180947 0.186460 0.246330
1 0.329004 0.179708 0.184494 0.242461
1 0.327522 0.179688 0.183728 0.248178
1 0.329034 0.178462 0.182612 0.248662
1 0.328196 0.178167 0.184433 0.247791
1 0.329378 0.179717 0.186704 0.246350
1 0.329239 0.179566 0.186497 0.249257
1 0.329644 0.178060 0.185446 0.250259
1 0.329106 0.177677 0.184699 0.249732
1 0.329379 0.177116 0.186473 0.252349
1 0.329963 0.178881 0.185282 0.249893
1 0.329239 0.180895 0.184553 0.249029
1 0.328910 0.178325 0.188669 0.252645
1 0.329366 0.178332 0.187328 0.251120
1 0.332224 0.183051 0.187860 0.248196