1 0.292596 0.309188 0.254484 0.336427
1 0.292691 0.309367 0.257681 0.339648
1 0.289513 0.308454 0.263040 0.338190
1 0.293130 0.311298 0.262823 0.333050
1 0.292699 0.311496 0.268456 0.333470
1 0.291378 0.311919 0.266511 0.332388
1 0.292188 0.309763 0.265216 0.339229
1 0.683971 0.337057 0.241020 0.332712
1 0.684649 0.340158 0.236312 0.331471
1 0.293068 0.313498 0.264999 0.333060
1 0.292549 0.313320 0.268979 0.338095
1 0.290234 0.313255 0.268802 0.336794
1 0.290733 0.313743 0.266827 0.334715
1 0.290567 0.313459 0.266216 0.336278
1 0.685249 0.338435 0.235494 0.335847
1 0.685371 0.343160 0.237735 0.325889
1 0.682415 0.342469 0.236857 0.326934
1 0.685048 0.342343 0.239777 0.329523
1 0.688357 0.339717 0.242775 0.340022
1 0.292874 0.315655 0.268924 0.335183
1 0.292595 0.313503 0.268223 0.339728
1 0.291063 0.313493 0.266000 0.337911
1 0.290222 0.314313 0.265322 0.336473
1 0.290651 0.314518 0.265774 0.336812
1 0.688197 0.339722 0.236380 0.326306
1 0.686268 0.339939 0.237536 0.323466
1 0.684785 0.340081 0.239813 0.324942
1 0.685116 0.341612 0.237734 0.325249
1 0.685735 0.344644 0.238561 0.327242
1 0.292588 0.316151 0.267124 0.335328
1 0.292668 0.313251 0.265578 0.337765
1 0.291417 0.313616 0.264101 0.337362
1 0.289452 0.312551 0.265797 0.335054
1 0.291853 0.314053 0.267344 0.336298
1 0.686078 0.340642 0.234698 0.327947
1 0.684908 0.340255 0.236231 0.331152
1 0.685953 0.338622 0.238267 0.330748
1 0.686044 0.341222 0.236960 0.328116
1 0.686516 0.342607 0.237103 0.330954
1 0.291199 0.315627 0.266621 0.337867
1 0.290838 0.313280 0.267903 0.343082
1 0.291471 0.314195 0.262994 0.338433
1 0.290634 0.313340 0.267922 0.333783
1 0.292248 0.314820 0.266167 0.334843
1 0.685810 0.341080 0.233713 0.325518
1 0.686280 0.340938 0.236396 0.330266
1 0.686990 0.338689 0.239756 0.332141
1 0.687058 0.340704 0.238458 0.332096
1 0.687234 0.342331 0.237117 0.332384
1 0.292033 0.315467 0.265619 0.339762
1 0.289884 0.314432 0.265939 0.343847
1 0.290756 0.313323 0.262194 0.341695
1 0.289512 0.314922 0.265450 0.338864
1 0.291245 0.315796 0.262956 0.333215
1 0.686197 0.340914 0.233902 0.326504
1 0.687928 0.340885 0.233617 0.329974
1 0.687190 0.340473 0.238312 0.328279
1 0.686229 0.340875 0.239054 0.334175
1 0.688035 0.341421 0.237758 0.334079
1 0.291379 0.316459 0.266774 0.336946
1 0.291189 0.314546 0.265414 0.340073
1 0.290555 0.313979 0.264035 0.340780
1 0.290527 0.315829 0.267536 0.341776
1 0.291594 0.317632 0.266434 0.340392
1 0.686779 0.342110 0.235664 0.332722
1 0.687527 0.341919 0.236246 0.334480
1 0.688280 0.341346 0.236790 0.335574
1 0.686392 0.342428 0.239786 0.335727
1 0.687990 0.344335 0.240197 0.331343
1 0.289858 0.319946 0.266234 0.340310
1 0.290825 0.318554 0.259182 0.339524
1 0.290497 0.321462 0.263032 0.333331
1 0.687752 0.344216 0.237840 0.325647
1 0.689096 0.341811 0.237703 0.332191
1 0.689163 0.341826 0.235057 0.334773
1 0.687318 0.343237 0.237682 0.338035
1 0.689083 0.346425 0.240004 0.327989
1 0.687507 0.343445 0.239963 0.336954
1 0.688688 0.344557 0.239923 0.331261
1 0.689604 0.346289 0.242166 0.334631
1 0.291821 0.321252 0.265846 0.339204
1 0.292427 0.318370 0.269932 0.329972
1 0.294568 0.321886 0.267117 0.334396
1 0.290935 0.317875 0.272761 0.331558
1 0.293784 0.316641 0.266859 0.337650
1 0.291279 0.321086 0.266537 0.334550
1 0.291223 0.322051 0.265250 0.333647
1 0.292222 0.317397 0.264012 0.336145
1 0.294663 0.315939 0.266687 0.328201
1 0.689679 0.342968 0.238621 0.330902
1 0.688342 0.342982 0.238258 0.328569
1 0.684951 0.343289 0.237151 0.332269
1 0.691451 0.340969 0.235190 0.325446
1 0.297123 0.316544 0.272798 0.338057
1 0.290643 0.315128 0.264506 0.336539
1 0.290760 0.316844 0.267458 0.335774
1 0.292394 0.317281 0.262761 0.334457
1 0.290827 0.318988 0.264675 0.330738
1 0.292678 0.316608 0.256266 0.333494
1 0.684161 0.342623 0.237525 0.341879
1 0.685599 0.343368 0.238181 0.327896
1 0.683661 0.345694 0.239324 0.330842
1 0.686718 0.345961 0.234927 0.329150
1 0.686646 0.345535 0.235042 0.327356
1 0.292631 0.314602 0.271687 0.335773
1 0.289478 0.315625 0.269473 0.340876
1 0.290724 0.317513 0.261127 0.331554
1 0.291907 0.320030 0.259531 0.329958
1 0.291681 0.316937 0.264230 0.329428
1 0.685424 0.342264 0.236601 0.332247
1 0.689120 0.342987 0.235789 0.327999
1 0.688448 0.344726 0.236990 0.324909
1 0.686993 0.346647 0.234865 0.325926
1 0.687314 0.345773 0.237255 0.325869
1 0.287295 0.320070 0.270005 0.339120
1 0.290069 0.320200 0.267728 0.334196
1 0.290966 0.321111 0.262199 0.333893
1 0.689865 0.343826 0.239613 0.329907
1 0.685179 0.350424 0.238634 0.330958
1 0.684911 0.349166 0.236345 0.331884
1 0.687351 0.350808 0.239060 0.329058