1 0.647961 0.252069 0.231449 0.359576
1 0.650321 0.254638 0.233751 0.345841
1 0.648684 0.255670 0.234765 0.348852
1 0.652593 0.254552 0.239099 0.354536
1 0.650148 0.253160 0.229169 0.344269
1 0.650120 0.253758 0.234762 0.342232
1 0.648621 0.255130 0.239311 0.342999
1 0.649122 0.257106 0.234357 0.342485
1 0.650605 0.254112 0.232058 0.349568
1 0.649470 0.252581 0.235015 0.347321
1 0.649405 0.253135 0.238534 0.344398
1 0.649279 0.254789 0.233280 0.346268
1 0.650093 0.254278 0.233884 0.349565
1 0.650339 0.251291 0.233904 0.347365
1 0.650571 0.251727 0.235963 0.347374
1 0.648979 0.253631 0.236422 0.350513
1 0.648622 0.253870 0.235003 0.347803
1 0.650035 0.252989 0.233760 0.351401
1 0.650330 0.251291 0.232834 0.348889
1 0.650165 0.252955 0.236057 0.348770
1 0.648119 0.252004 0.237093 0.351341
1 0.651090 0.252575 0.234740 0.346817
1 0.650196 0.252579 0.235676 0.348875
1 0.650515 0.253376 0.234607 0.346171
1 0.648091 0.253597 0.235733 0.355138
1 0.650709 0.253206 0.237592 0.350408
1 0.649198 0.251815 0.234751 0.355575
1 0.650481 0.253268 0.235377 0.349494
1 0.648715 0.254608 0.237192 0.352642
1 0.650678 0.253610 0.236881 0.349400
1 0.650005 0.252905 0.235429 0.352628
1 0.651366 0.254787 0.236832 0.348096
1 0.650535 0.256863 0.235031 0.351854
1 0.650603 0.257660 0.236374 0.348824
1 0.653257 0.253136 0.236790 0.349461
1 0.653365 0.251099 0.237123 0.351781
1 0.652286 0.252778 0.236321 0.354698
1 0.649001 0.253226 0.239268 0.350297
1 0.650670 0.252640 0.238951 0.348797
1 0.650131 0.256935 0.237666 0.342837
1 0.651739 0.256151 0.238174 0.347160
1 0.650202 0.253841 0.235672 0.347630
1 0.651193 0.254966 0.237534 0.349349
1 0.654972 0.254001 0.244618 0.350569
1 0.650564 0.255237 0.242947 0.353261
1 0.652656 0.251876 0.240394 0.347940
1 0.649887 0.253443 0.241309 0.353891
1 0.648371 0.254368 0.239084 0.350621
1 0.650694 0.255188 0.238391 0.349688
1 0.654428 0.251766 0.242817 0.350342
1 0.651042 0.255887 0.242009 0.343297
1 0.649503 0.254998 0.237675 0.350097
1 0.649173 0.256884 0.238698 0.342298
1 0.653144 0.253358 0.239310 0.348101