1 0.418512 0.352844 0.235436 0.336620
1 0.421367 0.356816 0.231057 0.328673
1 0.422370 0.357660 0.228703 0.329794
1 0.416503 0.353063 0.237784 0.332681
1 0.421370 0.354806 0.231723 0.321099
1 0.420371 0.355631 0.233987 0.327808
1 0.420245 0.356280 0.237801 0.326112
1 0.421312 0.355866 0.236120 0.328063
1 0.418847 0.355561 0.238200 0.323227
1 0.420764 0.354741 0.234697 0.326377
1 0.420264 0.355791 0.234999 0.328220
1 0.420689 0.357472 0.237419 0.326732
1 0.422487 0.357609 0.236809 0.328046
1 0.424610 0.358562 0.232624 0.322797
1 0.419348 0.355745 0.237703 0.319762
1 0.420905 0.353207 0.236002 0.326649
1 0.421890 0.354376 0.238387 0.327372
1 0.421435 0.356098 0.234175 0.326049
1 0.422111 0.358247 0.238332 0.321434
1 0.425424 0.359211 0.231543 0.316995
1 0.421092 0.355381 0.239951 0.319984
1 0.420635 0.353288 0.238212 0.322086
1 0.421867 0.355823 0.237116 0.326430
1 0.422237 0.355884 0.233532 0.326757
1 0.420976 0.357357 0.236957 0.324817
1 0.424833 0.359327 0.230497 0.318333
1 0.420717 0.356278 0.241874 0.324070
1 0.420380 0.354611 0.241667 0.321438
1 0.422584 0.356176 0.241654 0.319036
1 0.422537 0.356736 0.238324 0.324788
1 0.422815 0.357378 0.240343 0.324085
1 0.425216 0.359750 0.233083 0.316257
1 0.418475 0.356508 0.242447 0.325901
1 0.420416 0.355581 0.243886 0.328066
1 0.419930 0.356087 0.240792 0.321049
1 0.421134 0.354917 0.238139 0.324031
1 0.421953 0.356169 0.237468 0.323394
1 0.425108 0.357901 0.231019 0.315923
1 0.419324 0.354704 0.248086 0.332946
1 0.421413 0.355217 0.240476 0.329364
1 0.419611 0.356291 0.239723 0.328310
1 0.422680 0.358598 0.239262 0.327447
1 0.421762 0.358820 0.242206 0.330709
1 0.422274 0.359882 0.239181 0.324927
1 0.417818 0.355800 0.240875 0.333502
1 0.419825 0.359842 0.237073 0.332181
1 0.418639 0.361283 0.237571 0.327057
1 0.416058 0.360894 0.229496 0.333142
1 0.421773 0.360333 0.238828 0.328587
1 0.420277 0.360093 0.233846 0.320541
1 0.420014 0.360899 0.230288 0.324019
1 0.419718 0.358429 0.229644 0.325131
1 0.422502 0.356515 0.238871 0.325348
1 0.422561 0.357206 0.240370 0.331467
1 0.421320 0.359127 0.233661 0.321789
1 0.419407 0.358862 0.234432 0.324074
1 0.417343 0.358512 0.233033 0.325804
1 0.417734 0.357556 0.236068 0.324924
1 0.419655 0.357746 0.242618 0.322782
1 0.420546 0.355404 0.240722 0.324333
1 0.418802 0.355811 0.239264 0.328662
1 0.418743 0.356415 0.235847 0.323657
1 0.422966 0.360800 0.240435 0.321647