1 0.387825 0.421986 0.383432 0.541646
1 0.394672 0.420949 0.382104 0.546514
1 0.388537 0.426298 0.385535 0.546657
1 0.385460 0.430864 0.378318 0.539784
1 0.391732 0.430370 0.382670 0.541639
1 0.394729 0.421693 0.380047 0.548108
1 0.382090 0.427126 0.377064 0.545405
1 0.390752 0.427800 0.382978 0.535666
1 0.385053 0.427845 0.383959 0.536101
1 0.389834 0.427412 0.384380 0.535179
1 0.388511 0.425399 0.383177 0.543709
1 0.395563 0.415650 0.387320 0.544098
1 0.386019 0.431408 0.381805 0.536555
1 0.389931 0.427975 0.384953 0.534715
1 0.388020 0.428734 0.387050 0.544800
1 0.390543 0.426919 0.392015 0.546587
1 0.388231 0.427240 0.385888 0.542185
1 0.390562 0.424273 0.392672 0.543676
1 0.385195 0.430257 0.377211 0.530177
1 0.389947 0.427990 0.389880 0.534769
1 0.386298 0.427683 0.390966 0.543578
1 0.387961 0.426733 0.390379 0.544216
1 0.385929 0.424272 0.392586 0.544233
1 0.384717 0.424425 0.389807 0.546008
1 0.386316 0.426204 0.375836 0.533978
1 0.390868 0.428589 0.389834 0.532668
1 0.387570 0.426092 0.387423 0.541173
1 0.387430 0.426972 0.386329 0.539475
1 0.384980 0.422480 0.391345 0.543442
1 0.388878 0.422171 0.397994 0.541725
1 0.384085 0.426547 0.378952 0.533946
1 0.390052 0.427046 0.385315 0.539203
1 0.388769 0.424760 0.388289 0.537735
1 0.389871 0.423150 0.387278 0.539408
1 0.388068 0.421749 0.394725 0.542353
1 0.385778 0.422277 0.387992 0.539402
1 0.386804 0.419235 0.392005 0.533259
1 0.388377 0.420348 0.386589 0.539667
1 0.390804 0.425452 0.393989 0.537242
1 0.381980 0.428980 0.394040 0.525473
1 0.389645 0.433263 0.388444 0.528697