1 0.614560 0.284602 0.247665 0.367932
1 0.615429 0.286352 0.243745 0.366497
1 0.617488 0.286114 0.242133 0.364405
1 0.610817 0.283250 0.239848 0.358560
1 0.614802 0.287015 0.246801 0.348894
1 0.613432 0.286466 0.247078 0.352363
1 0.614091 0.286594 0.247443 0.351781
1 0.619778 0.287567 0.245270 0.354015
1 0.612599 0.284975 0.238275 0.346352
1 0.614618 0.284480 0.247018 0.341771
1 0.613032 0.283365 0.249107 0.347217
1 0.613179 0.282694 0.247069 0.345545
1 0.617245 0.287343 0.245235 0.345636
1 0.611302 0.289049 0.239488 0.343933
1 0.612662 0.285698 0.244138 0.351602
1 0.614824 0.284642 0.249669 0.350615
1 0.615041 0.284166 0.249393 0.352086
1 0.616977 0.286466 0.246435 0.355252
1 0.611381 0.289213 0.242439 0.339310
1 0.613360 0.286656 0.246417 0.347874
1 0.615890 0.284380 0.248064 0.350921
1 0.614865 0.284226 0.245611 0.352603
1 0.617770 0.285029 0.247296 0.356717
1 0.613679 0.289952 0.244216 0.345285
1 0.614755 0.286696 0.243851 0.348053
1 0.615035 0.286085 0.247076 0.350950
1 0.613843 0.284532 0.247555 0.358539
1 0.616463 0.284452 0.249488 0.357848
1 0.613418 0.291987 0.245699 0.343064
1 0.614027 0.289677 0.243432 0.353846
1 0.615167 0.286780 0.244306 0.355041
1 0.614565 0.287096 0.244612 0.355260
1 0.616144 0.287055 0.248672 0.354980
1 0.612836 0.294318 0.243403 0.337700
1 0.614706 0.289036 0.243350 0.351219
1 0.614857 0.287313 0.241268 0.354997
1 0.613990 0.288081 0.242725 0.356293
1 0.616305 0.289576 0.246885 0.353700
1 0.612641 0.292229 0.242747 0.350344
1 0.614036 0.291393 0.243609 0.350557
1 0.613747 0.291256 0.246027 0.352350
1 0.617265 0.279845 0.253845 0.370327
1 0.619180 0.281082 0.248829 0.365621
1 0.618611 0.279404 0.246973 0.369205
1 0.610764 0.285701 0.241788 0.358697
1 0.617868 0.284028 0.242631 0.356446
1 0.615878 0.283194 0.246846 0.361370
1 0.616045 0.284623 0.246457 0.365214
1 0.621043 0.281159 0.242400 0.370669
1 0.609293 0.286606 0.247666 0.357439
1 0.616312 0.282238 0.246008 0.355409
1 0.612982 0.283848 0.244048 0.363675
1 0.614749 0.286398 0.240428 0.357827
1 0.615528 0.283895 0.246094 0.368229
1 0.612229 0.284546 0.246856 0.358114
1 0.617184 0.285948 0.241949 0.355219
1 0.614692 0.286351 0.243382 0.356715
1 0.616070 0.287865 0.243426 0.357846
1 0.618981 0.282576 0.245264 0.360076
1 0.611089 0.285901 0.244459 0.355247
1 0.616338 0.284657 0.242253 0.360244
1 0.615511 0.284680 0.245221 0.365028
1 0.616296 0.287491 0.241442 0.359345