1 0.567961 0.457543 0.343457 0.471448
1 0.561823 0.454013 0.347611 0.463862
1 0.566261 0.463385 0.348033 0.456929
1 0.564969 0.463977 0.350078 0.459977
1 0.567917 0.463096 0.349975 0.457677
1 0.563346 0.455782 0.348172 0.456745
1 0.567673 0.453271 0.351700 0.441155
1 0.565373 0.449352 0.348030 0.443241
1 0.567578 0.450388 0.350324 0.440599
1 0.568228 0.451287 0.345975 0.447954
1 0.561597 0.459251 0.354918 0.450437
1 0.566143 0.452229 0.351617 0.457886
1 0.566018 0.453208 0.348038 0.450387
1 0.566186 0.454439 0.349690 0.450533
1 0.565904 0.453945 0.356818 0.447807
1 0.564732 0.451433 0.353752 0.452175
1 0.571040 0.453060 0.346596 0.452348
1 0.563570 0.457578 0.354740 0.452693
1 0.563996 0.453846 0.348646 0.452891
1 0.565107 0.455739 0.343820 0.450203
1 0.563347 0.452808 0.351569 0.453189
1 0.565730 0.451728 0.355503 0.453047
1 0.568418 0.449710 0.355265 0.450258
1 0.570671 0.454116 0.347967 0.445032
1 0.559634 0.458799 0.363865 0.452406
1 0.564240 0.452020 0.356677 0.454587
1 0.565669 0.449809 0.349989 0.452836
1 0.565111 0.451124 0.354795 0.453695
1 0.566120 0.450540 0.356296 0.452453
1 0.569246 0.453563 0.353197 0.449676
1 0.563630 0.452802 0.359801 0.452045
1 0.567709 0.447280 0.353214 0.461236
1 0.565852 0.450742 0.353952 0.456745
1 0.568006 0.450985 0.351676 0.460997
1 0.562955 0.459429 0.360148 0.451998
1 0.567105 0.453611 0.361801 0.464532