1 0.620993 0.300231 0.252103 0.363588
1 0.622204 0.300277 0.256699 0.362962
1 0.624847 0.301021 0.255425 0.364346
1 0.625376 0.299281 0.259613 0.369682
1 0.624771 0.301480 0.257381 0.355127
1 0.624065 0.300341 0.262152 0.356664
1 0.623753 0.301357 0.261751 0.352991
1 0.624480 0.303522 0.261423 0.348340
1 0.618638 0.302811 0.246633 0.349782
1 0.623069 0.301942 0.261387 0.360847
1 0.622563 0.299870 0.261756 0.360493
1 0.624117 0.300470 0.265540 0.357053
1 0.624278 0.303380 0.262950 0.350274
1 0.616683 0.303988 0.251167 0.349503
1 0.621974 0.303291 0.261503 0.365158
1 0.623165 0.301003 0.263418 0.366599
1 0.623424 0.301906 0.264988 0.364019
1 0.623918 0.303203 0.267815 0.361024
1 0.615153 0.303699 0.251739 0.351764
1 0.619907 0.303628 0.257847 0.369680
1 0.622821 0.302550 0.262507 0.366900
1 0.622191 0.302436 0.262936 0.360643
1 0.623316 0.303522 0.269008 0.360821
1 0.618989 0.302177 0.257007 0.365112
1 0.622260 0.303158 0.261827 0.363191
1 0.622848 0.304408 0.261744 0.359088
1 0.624394 0.303828 0.266828 0.356374
1 0.620340 0.302199 0.262592 0.362841
1 0.620705 0.302219 0.261483 0.361135
1 0.621705 0.303476 0.260320 0.358486
1 0.623632 0.303987 0.271115 0.353869
1 0.618308 0.302404 0.257683 0.365797
1 0.620065 0.302303 0.260383 0.360107
1 0.620187 0.303019 0.263807 0.357853
1 0.623309 0.305155 0.271103 0.353232
1 0.627321 0.295695 0.263616 0.353541
1 0.627753 0.294847 0.258591 0.365908
1 0.626785 0.301590 0.259690 0.355309
1 0.631474 0.306502 0.262718 0.353852
1 0.625593 0.302271 0.259594 0.352921
1 0.629126 0.299552 0.265065 0.360197
1 0.626309 0.306026 0.264750 0.362261
1 0.625285 0.305580 0.268024 0.358184
1 0.629257 0.303373 0.266842 0.361110
1 0.627323 0.300274 0.264119 0.356587
1 0.624292 0.308094 0.260979 0.350252
1 0.623592 0.302158 0.263138 0.358073
1 0.623458 0.302304 0.265266 0.357031
1 0.626476 0.303406 0.266837 0.363146
1 0.626877 0.302603 0.264815 0.359058
1 0.626033 0.304532 0.261797 0.352529
1 0.624869 0.304277 0.261548 0.354379
1 0.623644 0.299883 0.264488 0.360245
1 0.623245 0.302403 0.264399 0.359674
1 0.624201 0.302937 0.267636 0.358234
1 0.625783 0.307903 0.269819 0.355309
1 0.626344 0.306633 0.270354 0.360112
1 0.627901 0.307711 0.265989 0.356111
1 0.626706 0.310335 0.264626 0.356164