1 0.872690 0.342082 0.023678 0.034411
1 0.797556 0.363551 0.023825 0.030969
1 0.796793 0.364496 0.025055 0.031778
1 0.953458 0.372640 0.024422 0.027833
1 0.953109 0.375770 0.026685 0.031015
1 0.486195 0.269967 0.274994 0.382880
1 0.488371 0.271207 0.280403 0.384560
1 0.487081 0.271232 0.276803 0.379955
1 0.484293 0.274323 0.284645 0.372744
1 0.488620 0.273357 0.279388 0.373431
1 0.488427 0.273033 0.283824 0.371801
1 0.487460 0.274562 0.280543 0.370918
1 0.488275 0.274882 0.291313 0.364461
1 0.487186 0.273439 0.286184 0.376933
1 0.486353 0.273993 0.285668 0.376297
1 0.487756 0.272845 0.286479 0.374002
1 0.488929 0.276275 0.283564 0.366732
1 0.486055 0.273717 0.286126 0.381320
1 0.487353 0.273398 0.284998 0.376693
1 0.488037 0.272653 0.284502 0.374822
1 0.489218 0.274858 0.283148 0.369281
1 0.485069 0.272897 0.288447 0.384479
1 0.487638 0.274149 0.287206 0.380104
1 0.487463 0.272324 0.285094 0.375476
1 0.489474 0.275030 0.280927 0.369295
1 0.486861 0.272159 0.287889 0.377155
1 0.486176 0.273386 0.285921 0.380888
1 0.486173 0.271545 0.287361 0.373866
1 0.489435 0.273925 0.282896 0.366894
1 0.486036 0.273145 0.283821 0.376415
1 0.484638 0.273824 0.287054 0.381220
1 0.485051 0.272489 0.289933 0.375966
1 0.489261 0.274242 0.290166 0.369042
1 0.485571 0.275138 0.284140 0.377671
1 0.486163 0.274649 0.287667 0.380078
1 0.485382 0.275958 0.287077 0.375184
1 0.487083 0.270162 0.298240 0.393721
1 0.488346 0.271382 0.281989 0.373849
1 0.488672 0.269636 0.283287 0.380402
1 0.487371 0.271028 0.285448 0.377763
1 0.487680 0.270827 0.286198 0.381357
1 0.492160 0.271557 0.289957 0.375998
1 0.488381 0.273685 0.286148 0.374874
1 0.488876 0.273267 0.286636 0.379760
1 0.486033 0.271175 0.283807 0.379078
1 0.486878 0.271147 0.289009 0.372117
1 0.489967 0.267258 0.291207 0.380574
1 0.491329 0.272624 0.297105 0.376764
1 0.486062 0.274787 0.291771 0.377454
1 0.487768 0.271493 0.283638 0.375615
1 0.487562 0.272444 0.287018 0.375281
1 0.484684 0.270835 0.287232 0.375464
1 0.486710 0.270916 0.289877 0.381706
1 0.491559 0.274511 0.294020 0.375768
1 0.488027 0.272177 0.285775 0.378725
1 0.489025 0.272217 0.285850 0.375857
1 0.486663 0.270190 0.288810 0.378572
1 0.487255 0.270485 0.285734 0.380925
1 0.487052 0.272933 0.296391 0.379619
1 0.485696 0.271264 0.291662 0.379531
1 0.488453 0.269521 0.288620 0.379255
1 0.486819 0.271856 0.289931 0.385215
1 0.488091 0.271242 0.288756 0.382350