1 0.381250 0.473089 0.481415 0.625610
1 0.377301 0.468833 0.464805 0.620690
1 0.377789 0.467802 0.458393 0.621949
1 0.378620 0.467663 0.471511 0.629977
1 0.376553 0.462694 0.463145 0.623653
1 0.373633 0.464239 0.477789 0.632730
1 0.380111 0.473115 0.476824 0.639791
1 0.378600 0.473185 0.476750 0.625646
1 0.374864 0.468289 0.469458 0.622476
1 0.381235 0.476371 0.472116 0.632237
1 0.379079 0.471331 0.469466 0.633600
1 0.377507 0.469624 0.463535 0.628181
1 0.377073 0.472211 0.463461 0.627032
1 0.377727 0.469713 0.458665 0.626472
1 0.377561 0.470982 0.465262 0.621383
1 0.378495 0.471334 0.460105 0.617600
1 0.379095 0.466926 0.467143 0.631755
1 0.371745 0.471296 0.461589 0.630476
1 0.376082 0.466428 0.471410 0.631624
1 0.377485 0.469104 0.481137 0.650926
1 0.382062 0.476801 0.477286 0.622141
1 0.376292 0.475142 0.465411 0.614092
1 0.375095 0.475131 0.469544 0.624470
1 0.377302 0.478142 0.462424 0.627525
1 0.380106 0.473019 0.479426 0.624970
1 0.378007 0.476335 0.465943 0.612016
1 0.374630 0.470806 0.469103 0.632141
1 0.375126 0.470689 0.460668 0.626432
1 0.375432 0.470279 0.465611 0.631726
1 0.377845 0.471638 0.456808 0.623275
1 0.377188 0.471503 0.467784 0.630295
1 0.373216 0.471586 0.461845 0.631955
1 0.371604 0.471770 0.469427 0.631462
1 0.379440 0.470531 0.469421 0.644917
1 0.377337 0.479215 0.473778 0.623065
1 0.375051 0.475012 0.467678 0.615806
1 0.376003 0.473690 0.469107 0.615737
1 0.375203 0.473059 0.464994 0.622036
1 0.379579 0.469468 0.473468 0.619073
1 0.374762 0.470582 0.471893 0.619049
1 0.375721 0.471009 0.473807 0.626007
1 0.375425 0.472394 0.472173 0.623226
1 0.374687 0.469401 0.474319 0.629830
1 0.375625 0.470909 0.471756 0.629577
1 0.375988 0.467967 0.469918 0.620287
1 0.375509 0.470596 0.461476 0.624442
1 0.372366 0.471455 0.463380 0.623792
1 0.375787 0.467513 0.463853 0.630492
1 0.376631 0.464629 0.466421 0.641145
1 0.367462 0.470492 0.464309 0.634217
1 0.377964 0.474951 0.479269 0.618883
1 0.377794 0.480246 0.473312 0.620779
1 0.377407 0.473360 0.469796 0.615443
1 0.377539 0.475438 0.471938 0.627637
1 0.377046 0.471327 0.472428 0.621597
1 0.373688 0.474462 0.479525 0.628469
1 0.376642 0.469080 0.473837 0.627532
1 0.377242 0.469658 0.476191 0.629755
1 0.375997 0.469890 0.477578 0.632297
1 0.377610 0.471508 0.472108 0.627432
1 0.374551 0.465574 0.474550 0.630699
1 0.374581 0.465353 0.466714 0.631227
1 0.372465 0.468120 0.474859 0.641112
1 0.375507 0.464312 0.467779 0.639667
1 0.375180 0.467771 0.474699 0.655354
1 0.379178 0.470769 0.477114 0.628898
1 0.378664 0.471577 0.472697 0.636620
1 0.371619 0.471025 0.465656 0.622865
1 0.371312 0.471089 0.466442 0.631169
1 0.372723 0.466769 0.478150 0.632473
1 0.370887 0.469285 0.483385 0.638557
1 0.372649 0.466230 0.475030 0.635699
1 0.374493 0.466794 0.477036 0.636755
1 0.372517 0.466660 0.477395 0.634547
1 0.375337 0.466655 0.477928 0.637401
1 0.372807 0.464136 0.478997 0.634857
1 0.375712 0.464342 0.470410 0.632355
1 0.373301 0.462953 0.476412 0.631037
1 0.375620 0.459107 0.480107 0.638923
1 0.381287 0.458903 0.471947 0.656031
1 0.378404 0.465549 0.475613 0.636265
1 0.377483 0.465500 0.470340 0.640300
1 0.368771 0.462073 0.466133 0.639797
1 0.369693 0.461231 0.467965 0.650341
1 0.371950 0.461632 0.473342 0.649010
1 0.370409 0.466070 0.474751 0.650221
1 0.373812 0.458749 0.476112 0.648764
1 0.372446 0.461278 0.471214 0.640727
1 0.372009 0.459591 0.474856 0.647662
1 0.373404 0.461954 0.472992 0.647169
1 0.373681 0.460297 0.480466 0.647099
1 0.377116 0.461290 0.469033 0.647381
1 0.370304 0.458445 0.480134 0.655381
1 0.375060 0.460607 0.479931 0.647734
1 0.375681 0.468157 0.474397 0.633308
1 0.364586 0.472284 0.468845 0.622634
1 0.371630 0.469689 0.478887 0.645640
1 0.372896 0.462576 0.478382 0.638349
1 0.373289 0.468724 0.482820 0.645863
1 0.371855 0.459284 0.476502 0.643050
1 0.371076 0.464477 0.475373 0.643643
1 0.372276 0.459612 0.472996 0.649299
1 0.373529 0.463362 0.468213 0.645307
1 0.373491 0.462234 0.471249 0.647516
1 0.374786 0.459515 0.480530 0.653053
1 0.371208 0.470524 0.465541 0.627258