1 0.552221 0.316427 0.245285 0.352290
1 0.551768 0.317230 0.241954 0.352715
1 0.552617 0.318122 0.250462 0.353507
1 0.553213 0.321276 0.249502 0.350142
1 0.550186 0.321816 0.248685 0.352219
1 0.554016 0.322385 0.245399 0.356933
1 0.553183 0.319522 0.244093 0.341671
1 0.552288 0.318986 0.249833 0.343261
1 0.551266 0.319976 0.246501 0.342603
1 0.552119 0.321830 0.246124 0.345450
1 0.557106 0.324252 0.244265 0.344184
1 0.547769 0.322288 0.240880 0.336554
1 0.551187 0.321017 0.246920 0.343491
1 0.553015 0.318516 0.248394 0.350694
1 0.552161 0.319534 0.247817 0.347751
1 0.552470 0.320050 0.247174 0.349436
1 0.556664 0.327620 0.245146 0.343032
1 0.546521 0.322816 0.240161 0.330560
1 0.549375 0.319762 0.246914 0.346112
1 0.552069 0.318575 0.249771 0.352249
1 0.552210 0.318811 0.247978 0.352061
1 0.552299 0.319562 0.250451 0.355392
1 0.557827 0.326929 0.249557 0.341262
1 0.546066 0.323572 0.244615 0.327136
1 0.550259 0.320104 0.248600 0.344423
1 0.551571 0.319520 0.250942 0.347720
1 0.551376 0.319484 0.249750 0.345619
1 0.552645 0.320267 0.252627 0.350080
1 0.556609 0.323064 0.251312 0.339262
1 0.551239 0.320725 0.248598 0.349526
1 0.552460 0.319024 0.251612 0.345923
1 0.551945 0.318605 0.251271 0.347365
1 0.553001 0.320087 0.254654 0.348873
1 0.555564 0.323868 0.255475 0.342159
1 0.550779 0.322005 0.254307 0.344677
1 0.552505 0.320714 0.248175 0.344125
1 0.551914 0.319428 0.249913 0.353193
1 0.552674 0.320350 0.252559 0.347318
1 0.547683 0.323416 0.252988 0.344891
1 0.551826 0.322782 0.249702 0.345316
1 0.550606 0.320744 0.252498 0.348521
1 0.553143 0.321951 0.257154 0.348601
1 0.551240 0.318715 0.248020 0.348117
1 0.553260 0.319422 0.250125 0.343866
1 0.553847 0.320228 0.247389 0.345544
1 0.555037 0.320278 0.248549 0.348956
1 0.553299 0.318490 0.242892 0.345915
1 0.551761 0.324525 0.245440 0.346730
1 0.551367 0.320759 0.248792 0.342793
1 0.552147 0.322152 0.247905 0.346241
1 0.551435 0.322862 0.245275 0.343506
1 0.555623 0.319930 0.250955 0.361606
1 0.553341 0.321296 0.248727 0.345727
1 0.550567 0.318592 0.250068 0.338893
1 0.551455 0.319311 0.246039 0.346928
1 0.550813 0.322342 0.244097 0.348079
1 0.550625 0.319832 0.242595 0.346061
1 0.553346 0.321127 0.252004 0.357067
1 0.552871 0.323288 0.245171 0.336779
1 0.551477 0.318550 0.248404 0.340497
1 0.553013 0.320068 0.242226 0.336062
1 0.551351 0.321954 0.247958 0.342455
1 0.552176 0.323338 0.245755 0.345562
1 0.555452 0.323841 0.256824 0.357517
1 0.547377 0.328983 0.250552 0.339354
1 0.555223 0.325473 0.247254 0.339101
1 0.555212 0.325036 0.245302 0.341007
1 0.554182 0.324281 0.249778 0.345785