1 0.497628 0.351603 0.300816 0.425247
1 0.498621 0.359156 0.299660 0.415525
1 0.501265 0.361551 0.299254 0.415931
1 0.506586 0.357636 0.302629 0.425317
1 0.495346 0.352706 0.292083 0.414407
1 0.498246 0.357907 0.298770 0.414907
1 0.498452 0.357189 0.296643 0.416917
1 0.500349 0.357666 0.302065 0.412451
1 0.501842 0.359546 0.298041 0.417828
1 0.503619 0.352576 0.299796 0.430540
1 0.497875 0.356016 0.293210 0.411216
1 0.497804 0.357462 0.292588 0.417128
1 0.498127 0.359737 0.294474 0.416132
1 0.501880 0.357031 0.300532 0.414323
1 0.499695 0.355619 0.299500 0.423658
1 0.498273 0.358745 0.298623 0.417929
1 0.497963 0.360075 0.287469 0.405163
1 0.496416 0.359060 0.291807 0.412478
1 0.496610 0.358146 0.296686 0.420395
1 0.497893 0.356006 0.299193 0.426079
1 0.498694 0.353798 0.301580 0.426057
1 0.495915 0.353142 0.297625 0.423178
1 0.497108 0.360408 0.287024 0.402440
1 0.495246 0.359011 0.292460 0.416071
1 0.498856 0.355602 0.301318 0.420124
1 0.497907 0.354370 0.296620 0.419765
1 0.497574 0.355288 0.297982 0.422808
1 0.498194 0.356228 0.305199 0.431779
1 0.494772 0.358765 0.294164 0.410390
1 0.496958 0.357326 0.299967 0.418686
1 0.498571 0.356590 0.295124 0.421227
1 0.499333 0.354604 0.297806 0.424308