1 0.469444 0.492142 0.406026 0.592568
1 0.469811 0.501766 0.410413 0.599213
1 0.470183 0.505813 0.415576 0.597430
1 0.471434 0.501116 0.409441 0.601729
1 0.471139 0.505737 0.422476 0.596700
1 0.470107 0.503863 0.420028 0.606745
1 0.473391 0.507778 0.421628 0.603712
1 0.471624 0.511752 0.418239 0.607434
1 0.467758 0.507370 0.425702 0.614617
1 0.468548 0.513733 0.417555 0.606025
1 0.467473 0.509369 0.418433 0.609677
1 0.470977 0.509934 0.414485 0.599731
1 0.472980 0.508198 0.414668 0.599798
1 0.475641 0.508243 0.412634 0.613243
1 0.470099 0.512496 0.413561 0.613006
1 0.477635 0.509338 0.419717 0.610662
1 0.465242 0.506178 0.423906 0.606194
1 0.469459 0.513189 0.417864 0.592595
1 0.470747 0.508632 0.420885 0.597445
1 0.472236 0.513165 0.415680 0.597104
1 0.474486 0.510513 0.422707 0.591249
1 0.472296 0.513974 0.428759 0.600603
1 0.471296 0.508129 0.422112 0.600529
1 0.473842 0.510055 0.423043 0.609189
1 0.468941 0.503289 0.417236 0.604626
1 0.473108 0.508210 0.412582 0.606012
1 0.471200 0.506192 0.418949 0.609116
1 0.470781 0.508180 0.414211 0.608766
1 0.473999 0.503195 0.418242 0.610262
1 0.479067 0.507842 0.409756 0.617883
1 0.463337 0.501519 0.422478 0.610718
1 0.462616 0.509486 0.418504 0.586294
1 0.467380 0.506928 0.420803 0.602660
1 0.471291 0.505931 0.423594 0.597130
1 0.473103 0.507539 0.420513 0.599664
1 0.472769 0.506190 0.417832 0.589292
1 0.469076 0.508523 0.419667 0.596136
1 0.470453 0.509180 0.420273 0.589718
1 0.472404 0.512106 0.426653 0.603439
1 0.470972 0.507941 0.419778 0.597177
1 0.473678 0.509030 0.421089 0.604650
1 0.470637 0.506107 0.416521 0.602896
1 0.472680 0.506226 0.413041 0.611180
1 0.468910 0.508297 0.417090 0.603667
1 0.475731 0.507338 0.403029 0.610271
1 0.466361 0.493947 0.419012 0.593083
1 0.463598 0.506826 0.418944 0.580664
1 0.466658 0.501364 0.417963 0.592220
1 0.470792 0.504552 0.427310 0.592628
1 0.470630 0.504443 0.424767 0.597978
1 0.471221 0.503915 0.422528 0.595775
1 0.468232 0.507659 0.422555 0.602844
1 0.467999 0.506512 0.424276 0.593561
1 0.467848 0.510274 0.422609 0.590986
1 0.469609 0.506037 0.418719 0.595169
1 0.469290 0.509042 0.415913 0.596151
1 0.469159 0.505731 0.418300 0.606461
1 0.469230 0.505980 0.414464 0.607047
1 0.468036 0.505720 0.412199 0.604367
1 0.477982 0.503199 0.412708 0.616728
1 0.465017 0.499175 0.424922 0.594158
1 0.463259 0.509015 0.420109 0.576419
1 0.469003 0.502107 0.421951 0.586746
1 0.471282 0.504625 0.430452 0.589533
1 0.471982 0.501609 0.427292 0.591963
1 0.471872 0.504858 0.427309 0.589124
1 0.470796 0.505779 0.430181 0.595784
1 0.468608 0.507356 0.421607 0.589581
1 0.470183 0.511111 0.427068 0.595830
1 0.470729 0.506921 0.422556 0.587946
1 0.470204 0.511560 0.423647 0.594063
1 0.469974 0.503340 0.423960 0.593453
1 0.473030 0.501004 0.418914 0.596621
1 0.472140 0.498949 0.421628 0.600834
1 0.473495 0.490187 0.428674 0.620210
1 0.469401 0.506908 0.427751 0.578243
1 0.472242 0.507120 0.432142 0.581248
1 0.476387 0.504220 0.433965 0.585774
1 0.471844 0.505337 0.429292 0.583218
1 0.470556 0.508173 0.438615 0.596639
1 0.470922 0.504708 0.423282 0.590802
1 0.468302 0.509924 0.432320 0.602769
1 0.469947 0.502239 0.424816 0.598002
1 0.469720 0.507263 0.429500 0.604029
1 0.473300 0.504024 0.421464 0.596517
1 0.475982 0.498938 0.421915 0.608284
1 0.469834 0.496753 0.431641 0.609819
1 0.469842 0.503691 0.430394 0.580385
1 0.468977 0.501421 0.428667 0.581716
1 0.470469 0.507824 0.431647 0.583622