1 0.738389 0.287245 0.062028 0.095805
1 0.740560 0.287163 0.062417 0.098417
1 0.739620 0.284260 0.058704 0.091363
1 0.740554 0.285042 0.060989 0.093363
1 0.740520 0.285668 0.059441 0.090840
1 0.740642 0.284911 0.060949 0.096028
1 0.740010 0.284444 0.060251 0.096040
1 0.741234 0.283604 0.062307 0.097417
1 0.543338 0.295080 0.213207 0.334945
1 0.937403 0.241303 0.097946 0.164849
1 0.123835 0.257559 0.132836 0.203567
1 0.119898 0.260642 0.128204 0.203630
1 0.121889 0.257977 0.129677 0.202910
1 0.118417 0.258751 0.130638 0.201704
1 0.119510 0.258064 0.132024 0.205020
1 0.544719 0.296043 0.217294 0.327942
1 0.547184 0.298524 0.221346 0.320770
1 0.547408 0.299045 0.222714 0.320596
1 0.549856 0.294889 0.226340 0.327608
1 0.936910 0.243285 0.097742 0.158110
1 0.938742 0.242535 0.104700 0.160775
1 0.937290 0.244960 0.099051 0.158772
1 0.937815 0.242761 0.103491 0.161015
1 0.938588 0.242037 0.099961 0.157792
1 0.937782 0.241419 0.103699 0.162859
1 0.122975 0.259965 0.130385 0.205705
1 0.122644 0.261588 0.130710 0.201341
1 0.120936 0.263164 0.130197 0.198892
1 0.121262 0.260566 0.129490 0.200551
1 0.122394 0.264460 0.130449 0.201383
1 0.121507 0.258946 0.129744 0.201077
1 0.120422 0.260170 0.130761 0.202739
1 0.123098 0.257774 0.136712 0.209731
1 0.542963 0.296792 0.216202 0.328555
1 0.546870 0.298375 0.216506 0.319200
1 0.546032 0.299420 0.224322 0.318456
1 0.546550 0.300353 0.225184 0.320460
1 0.545956 0.300742 0.224524 0.318293
1 0.937188 0.243311 0.101054 0.161949
1 0.936419 0.245116 0.099439 0.157915
1 0.936861 0.243845 0.102065 0.157447
1 0.937290 0.244363 0.100495 0.158467
1 0.937516 0.244059 0.102442 0.159460
1 0.938129 0.244841 0.101626 0.156250
1 0.938266 0.242708 0.100417 0.158454
1 0.935025 0.242961 0.100750 0.161694
1 0.122714 0.261251 0.132572 0.202511
1 0.123059 0.261182 0.131453 0.199891
1 0.120861 0.264106 0.128263 0.198548
1 0.121448 0.261626 0.129212 0.199112
1 0.121905 0.265057 0.129862 0.197083
1 0.120647 0.261264 0.130085 0.199539
1 0.119950 0.261110 0.130962 0.201439
1 0.123143 0.261757 0.132478 0.205769
1 0.544702 0.297521 0.215962 0.319069
1 0.546621 0.296936 0.218871 0.318962
1 0.546065 0.296676 0.223830 0.321409
1 0.545859 0.296976 0.223720 0.320621
1 0.544238 0.296938 0.225531 0.317009
1 0.549966 0.301454 0.232585 0.307259
1 0.734793 0.284391 0.066679 0.105270
1 0.740865 0.285146 0.064998 0.100045
1 0.740130 0.284398 0.061248 0.097905
1 0.938328 0.244245 0.103227 0.162369
1 0.936389 0.243615 0.098054 0.158686
1 0.936553 0.242324 0.102695 0.161120
1 0.937917 0.244032 0.098922 0.160945
1 0.936732 0.243424 0.101092 0.160267
1 0.937939 0.245375 0.101292 0.157943
1 0.937407 0.243262 0.101617 0.160820
1 0.935192 0.242629 0.102419 0.161507
1 0.121593 0.262907 0.131475 0.200553
1 0.122256 0.261217 0.131182 0.200409
1 0.121743 0.264095 0.125996 0.197026
1 0.121095 0.261315 0.128148 0.198608
1 0.121902 0.265229 0.128706 0.193552
1 0.120447 0.260700 0.130156 0.200294
1 0.121299 0.261330 0.132080 0.201735
1 0.125426 0.264710 0.134551 0.201263
1 0.542786 0.297854 0.220267 0.314856
1 0.545249 0.296520 0.220143 0.321263
1 0.546086 0.296462 0.222428 0.320921
1 0.545738 0.298734 0.224932 0.319999
1 0.544599 0.297986 0.227392 0.322696
1 0.549876 0.304706 0.235298 0.309537
1 0.738915 0.285393 0.065125 0.101626
1 0.739380 0.285355 0.065069 0.100524
1 0.739943 0.285471 0.061072 0.095630
1 0.938308 0.244059 0.098190 0.159842
1 0.122115 0.262980 0.132532 0.198383
1 0.120826 0.265994 0.126817 0.194668
1 0.123338 0.262910 0.131419 0.200627
1 0.123323 0.267863 0.127338 0.191579
1 0.122156 0.263931 0.130174 0.200581
1 0.124064 0.262768 0.132876 0.200198
1 0.541803 0.297054 0.223776 0.319846
1 0.545834 0.298032 0.222449 0.322785
1 0.545034 0.297959 0.222547 0.325130
1 0.544820 0.298725 0.228312 0.319101
1 0.544858 0.298897 0.228556 0.317410
1 0.549970 0.304604 0.236220 0.302788
1 0.738830 0.286112 0.065308 0.101748
1 0.741601 0.286957 0.063549 0.101287
1 0.541500 0.298202 0.222930 0.321101
1 0.544295 0.297321 0.225292 0.323754
1 0.545158 0.297811 0.227897 0.321978
1 0.544901 0.300294 0.231343 0.321006
1 0.546272 0.300887 0.230278 0.316065
1 0.549792 0.306109 0.234003 0.302237
1 0.541476 0.301097 0.223822 0.314602
1 0.545593 0.298180 0.228021 0.320441
1 0.545348 0.299052 0.228946 0.319534
1 0.545192 0.299316 0.229274 0.325889
1 0.546889 0.301883 0.230628 0.319457
1 0.544192 0.299784 0.227927 0.321552
1 0.545813 0.300611 0.226461 0.320695
1 0.545632 0.300920 0.228575 0.329858
1 0.548728 0.304908 0.232546 0.318704
1 0.551115 0.298010 0.227007 0.333101
1 0.550008 0.297451 0.226426 0.328616
1 0.548652 0.297689 0.229465 0.325950
1 0.549286 0.294799 0.227534 0.321975
1 0.547205 0.296086 0.228339 0.333072
1 0.548555 0.298534 0.227233 0.318192
1 0.548925 0.299643 0.225542 0.324267
1 0.549552 0.300101 0.222553 0.319540
1 0.548710 0.301365 0.220419 0.318181
1 0.548760 0.295516 0.229535 0.314297
1 0.550343 0.297736 0.225987 0.319092
1 0.548274 0.299661 0.224756 0.319514
1 0.548474 0.299531 0.229728 0.317148
1 0.549767 0.299101 0.231851 0.313216
1 0.546994 0.299218 0.226757 0.315078
1 0.548566 0.300563 0.223976 0.319968
1 0.548709 0.301653 0.225448 0.319139