1 0.421605 0.271791 0.203169 0.297330
1 0.422136 0.275238 0.201766 0.289787
1 0.421609 0.274979 0.203588 0.293720
1 0.425578 0.270711 0.204412 0.299810
1 0.422615 0.277028 0.204277 0.292343
1 0.422860 0.275314 0.204928 0.289957
1 0.423321 0.275721 0.207560 0.291640
1 0.422763 0.274045 0.206794 0.289535
1 0.421902 0.275663 0.202511 0.291431
1 0.423437 0.275257 0.206663 0.289590
1 0.422670 0.274681 0.205269 0.294006
1 0.422126 0.274195 0.207103 0.293599
1 0.423082 0.274759 0.207181 0.292835
1 0.424062 0.274255 0.206581 0.292326
1 0.423148 0.275188 0.204140 0.291727
1 0.423406 0.274174 0.205643 0.291165
1 0.423036 0.274036 0.204933 0.295232
1 0.423205 0.273923 0.203915 0.295257
1 0.422941 0.273314 0.207219 0.292613
1 0.424594 0.272913 0.205897 0.291409
1 0.422731 0.274425 0.204146 0.292981
1 0.423283 0.273833 0.205907 0.294722
1 0.424010 0.274301 0.204837 0.293218
1 0.423715 0.274724 0.206414 0.292943
1 0.424003 0.274733 0.207138 0.293836
1 0.424669 0.273133 0.207661 0.295271
1 0.423534 0.275310 0.205876 0.293846
1 0.423597 0.274131 0.205610 0.294518
1 0.423943 0.274351 0.207063 0.294051
1 0.423996 0.274627 0.206446 0.292327
1 0.423933 0.273623 0.207335 0.297305
1 0.425839 0.273937 0.210779 0.296621
1 0.423878 0.273471 0.205625 0.293547
1 0.423546 0.274892 0.206512 0.296409
1 0.424522 0.275055 0.204160 0.292589
1 0.425341 0.275010 0.206631 0.293910
1 0.423046 0.277341 0.204053 0.296571
1 0.423911 0.273648 0.207637 0.301346
1 0.424577 0.274059 0.207108 0.298815
1 0.428764 0.277377 0.206550 0.293894
1 0.419585 0.277535 0.206573 0.297930
1 0.424581 0.273692 0.206288 0.293771
1 0.421910 0.274360 0.205705 0.299242
1 0.423249 0.273155 0.206954 0.301593
1 0.427556 0.267668 0.209504 0.308161
1 0.422209 0.274593 0.207839 0.301207
1 0.422429 0.273522 0.206467 0.297211
1 0.420698 0.271743 0.205576 0.293296
1 0.422584 0.272142 0.204052 0.302963
1 0.426600 0.272004 0.206675 0.303284
1 0.418150 0.273248 0.208809 0.297699
1 0.423371 0.276390 0.207356 0.294422
1 0.422821 0.274573 0.206449 0.299056
1 0.419957 0.274217 0.205013 0.297359
1 0.423531 0.271308 0.211891 0.306780