1 0.438114 0.203669 0.155792 0.194968
1 0.437706 0.205187 0.156728 0.194159
1 0.437387 0.203457 0.156885 0.195447
1 0.436409 0.206362 0.153287 0.198466
1 0.436686 0.207768 0.155430 0.197333
1 0.436532 0.205918 0.155916 0.197168
1 0.437166 0.206942 0.155941 0.194346
1 0.436563 0.204346 0.155107 0.196241
1 0.434744 0.202001 0.155367 0.202375
1 0.436325 0.206295 0.153515 0.197432
1 0.437368 0.207514 0.153874 0.196610
1 0.435783 0.205146 0.155068 0.196102
1 0.436438 0.205787 0.154146 0.195927
1 0.437550 0.205856 0.154816 0.194353
1 0.436626 0.204058 0.158961 0.197314
1 0.435440 0.203726 0.157099 0.201788
1 0.436839 0.204280 0.154485 0.195499
1 0.436020 0.205263 0.155998 0.198300
1 0.436902 0.205272 0.155010 0.195867
1 0.436578 0.205727 0.151272 0.195774
1 0.436068 0.205408 0.155376 0.195073
1 0.435639 0.205320 0.159792 0.196685
1 0.436591 0.204481 0.154239 0.198503
1 0.435702 0.204758 0.156723 0.199005
1 0.435969 0.204963 0.154313 0.196726
1 0.436420 0.205328 0.153424 0.196415
1 0.436650 0.203632 0.155836 0.195459
1 0.436410 0.202962 0.158647 0.199121
1 0.436109 0.204470 0.156579 0.200166
1 0.434845 0.204931 0.157238 0.198314