1 0.663513 0.261488 0.219868 0.363863
1 0.666035 0.266292 0.211513 0.361630
1 0.669927 0.265610 0.209811 0.359242
1 0.665811 0.264682 0.215137 0.355258
1 0.666549 0.266020 0.211608 0.352766
1 0.667237 0.265419 0.213523 0.349813
1 0.669474 0.263265 0.208499 0.347175
1 0.663037 0.264919 0.219852 0.348330
1 0.665653 0.265211 0.214902 0.353881
1 0.665455 0.264002 0.216983 0.357450
1 0.665375 0.263304 0.218186 0.358331
1 0.667605 0.264158 0.210766 0.348589
1 0.663570 0.264728 0.219984 0.345516
1 0.666580 0.262683 0.219223 0.357889
1 0.665704 0.263227 0.219874 0.362587
1 0.665431 0.264041 0.217331 0.354558
1 0.668837 0.264515 0.212942 0.349805
1 0.666669 0.262408 0.222440 0.356942
1 0.666571 0.262472 0.221529 0.360421
1 0.665561 0.262334 0.221486 0.353019
1 0.668935 0.265155 0.214261 0.352187
1 0.666869 0.262520 0.226246 0.359501
1 0.667038 0.260090 0.222840 0.362928
1 0.667687 0.260427 0.220183 0.356400
1 0.671028 0.264146 0.216753 0.353874
1 0.666801 0.261089 0.228306 0.367274
1 0.667834 0.259565 0.223468 0.362137
1 0.668625 0.260276 0.222697 0.362823
1 0.670936 0.263664 0.221926 0.357478
1 0.668021 0.263045 0.224506 0.365018
1 0.669963 0.261351 0.223237 0.366514
1 0.668175 0.261619 0.221016 0.363542
1 0.669869 0.264975 0.219954 0.357223
1 0.666678 0.267780 0.224260 0.355620
1 0.670171 0.263360 0.224200 0.367274
1 0.672409 0.264201 0.220971 0.366601
1 0.660268 0.266027 0.236928 0.376326
1 0.667573 0.264461 0.231707 0.376210
1 0.661628 0.260510 0.235708 0.369626
1 0.660173 0.260968 0.223427 0.374530
1 0.666698 0.267461 0.223430 0.360001
1 0.665584 0.263376 0.223960 0.365008
1 0.663690 0.267989 0.219361 0.357584
1 0.663797 0.265170 0.218702 0.357643
1 0.668556 0.266341 0.220887 0.363819
1 0.667083 0.267293 0.219336 0.371384
1 0.662583 0.261759 0.223178 0.363251
1 0.663873 0.263990 0.221233 0.358573
1 0.667468 0.261600 0.219568 0.359980
1 0.666893 0.268402 0.216939 0.357933
1 0.667741 0.267100 0.221870 0.358139
1 0.664777 0.264155 0.219112 0.358691
1 0.664064 0.262546 0.219411 0.359167
1 0.670607 0.262351 0.218055 0.357179
1 0.673433 0.270994 0.221437 0.355446