1 0.510230 0.439366 0.334936 0.503563
1 0.513031 0.440226 0.337647 0.500214
1 0.514781 0.435455 0.340460 0.500516
1 0.510031 0.439822 0.337476 0.507338
1 0.509953 0.444109 0.335764 0.498964
1 0.512041 0.443647 0.333463 0.503139
1 0.513752 0.440670 0.336612 0.498707
1 0.515947 0.432558 0.328850 0.506245
1 0.506031 0.438282 0.335464 0.509448
1 0.512748 0.440717 0.333406 0.504857
1 0.512712 0.439750 0.337655 0.500154
1 0.513621 0.441210 0.332322 0.498277
1 0.513896 0.442113 0.331345 0.495083
1 0.513712 0.441117 0.333790 0.505647
1 0.508997 0.442356 0.329692 0.499171
1 0.512346 0.438225 0.334435 0.501274
1 0.512305 0.441425 0.330479 0.497493
1 0.511889 0.440225 0.332735 0.495775
1 0.511709 0.440762 0.329535 0.494714
1 0.511135 0.439969 0.333979 0.501844
1 0.510346 0.440913 0.331496 0.495779
1 0.510575 0.436966 0.334908 0.495989
1 0.510879 0.441603 0.331830 0.496167
1 0.510777 0.439410 0.332702 0.494960
1 0.512563 0.437082 0.337835 0.498726
1 0.511373 0.434607 0.333486 0.505097
1 0.511849 0.436829 0.339182 0.503218
1 0.510604 0.437817 0.333252 0.505284
1 0.511561 0.436899 0.336308 0.501054
1 0.511015 0.434574 0.339632 0.504262
1 0.512862 0.437042 0.334719 0.509645
1 0.512836 0.443932 0.337049 0.484002
1 0.509606 0.439685 0.336978 0.498033
1 0.510258 0.439059 0.333822 0.497619
1 0.510843 0.435928 0.341685 0.505914
1 0.506815 0.451030 0.339487 0.480384
1 0.508181 0.445488 0.342187 0.492098