1 0.662709 0.408980 0.301816 0.447655
1 0.662095 0.408973 0.305066 0.457198
1 0.666572 0.402706 0.297851 0.456494
1 0.656805 0.416279 0.301903 0.464356
1 0.663982 0.414215 0.301884 0.459848
1 0.665319 0.414266 0.298656 0.459173
1 0.665675 0.411526 0.298314 0.450188
1 0.662303 0.406519 0.292956 0.466250
1 0.656097 0.415365 0.316112 0.464283
1 0.656836 0.412282 0.300871 0.454368
1 0.661874 0.412254 0.304355 0.461981
1 0.662293 0.413941 0.303206 0.456506
1 0.664055 0.413041 0.307228 0.451169
1 0.658283 0.410724 0.302463 0.454062
1 0.660593 0.421093 0.313397 0.459507
1 0.660687 0.416068 0.295312 0.458217
1 0.659909 0.413207 0.301557 0.458521
1 0.658668 0.412860 0.303916 0.461051
1 0.657028 0.412464 0.305769 0.462473
1 0.659959 0.413343 0.309594 0.462897
1 0.661849 0.422380 0.321654 0.450611
1 0.661767 0.413967 0.294597 0.461848
1 0.660044 0.414032 0.301598 0.452642
1 0.657564 0.412932 0.308708 0.456844
1 0.657761 0.406252 0.304418 0.464310
1 0.663693 0.412796 0.309698 0.464637
1 0.655602 0.414778 0.304129 0.465418
1 0.658365 0.407691 0.303022 0.480332
1 0.654545 0.409750 0.305841 0.470400
1 0.659426 0.407894 0.306702 0.479921
1 0.655482 0.408991 0.311421 0.482844
1 0.657658 0.408940 0.315859 0.492414