1 0.579578 0.321215 0.242298 0.363706
1 0.579880 0.325846 0.245598 0.357069
1 0.576486 0.328083 0.242640 0.361311
1 0.577104 0.326156 0.246584 0.363437
1 0.579979 0.327849 0.244663 0.354899
1 0.577914 0.329101 0.244928 0.356421
1 0.576190 0.329578 0.246662 0.357827
1 0.575990 0.329895 0.246610 0.354790
1 0.578888 0.328786 0.243312 0.355017
1 0.576953 0.327982 0.242592 0.361016
1 0.576006 0.327809 0.243254 0.359188
1 0.576506 0.328886 0.245861 0.357740
1 0.578613 0.328074 0.243107 0.351168
1 0.577397 0.327827 0.242192 0.360296
1 0.576729 0.327565 0.240837 0.358688
1 0.576593 0.328895 0.246320 0.357897
1 0.576424 0.326943 0.241881 0.349524
1 0.576055 0.327910 0.242358 0.356472
1 0.576508 0.327473 0.243430 0.360980
1 0.576615 0.327786 0.244944 0.366658
1 0.575502 0.329074 0.242192 0.350962
1 0.575619 0.328965 0.244789 0.357752
1 0.575447 0.328206 0.245387 0.358905
1 0.576057 0.329020 0.245691 0.354897
1 0.574957 0.331885 0.244109 0.352566
1 0.574453 0.330042 0.244315 0.357063
1 0.575614 0.328940 0.244879 0.359264
1 0.575601 0.329682 0.245789 0.353511
1 0.573679 0.332540 0.246396 0.347396
1 0.574895 0.328572 0.242670 0.357901
1 0.574649 0.328305 0.247580 0.354838
1 0.576102 0.330615 0.249022 0.352694
1 0.573532 0.332912 0.240658 0.366374
1 0.573918 0.331518 0.243824 0.361488
1 0.581411 0.326206 0.247442 0.375911
1 0.575962 0.326130 0.248862 0.376457
1 0.576075 0.326390 0.248946 0.371894
1 0.573562 0.332717 0.244667 0.365383
1 0.578389 0.330531 0.249369 0.361958
1 0.577443 0.330856 0.248336 0.370056
1 0.576048 0.330241 0.248361 0.369301
1 0.578263 0.331760 0.246098 0.369797
1 0.575082 0.331915 0.246737 0.361379
1 0.575860 0.327634 0.246353 0.361382
1 0.575279 0.326473 0.247698 0.364986
1 0.576672 0.328867 0.245586 0.363995
1 0.574317 0.329530 0.246297 0.364382
1 0.574755 0.330547 0.240030 0.355574
1 0.578075 0.331164 0.243013 0.355094
1 0.576420 0.330568 0.245862 0.359234
1 0.574584 0.330489 0.242766 0.359131
1 0.574728 0.328399 0.248723 0.365297
1 0.575210 0.331336 0.248779 0.359711
1 0.573615 0.331424 0.248444 0.358269
1 0.574410 0.329065 0.247400 0.365675