1 0.626363 0.447941 0.317784 0.463174
1 0.618622 0.439566 0.311582 0.456705
1 0.627497 0.448875 0.310360 0.446773
1 0.627031 0.445100 0.306159 0.442793
1 0.627546 0.446004 0.306600 0.451759
1 0.628089 0.435482 0.308543 0.452225
1 0.624299 0.440112 0.302560 0.441652
1 0.630334 0.439542 0.304163 0.436698
1 0.630617 0.437501 0.309843 0.439175
1 0.628321 0.437535 0.308041 0.436090
1 0.628034 0.434535 0.306301 0.436696
1 0.621567 0.442306 0.316638 0.438497
1 0.628049 0.435995 0.304458 0.435680
1 0.627140 0.438414 0.307189 0.443825
1 0.631447 0.438858 0.310353 0.446503
1 0.628078 0.438147 0.314026 0.439371
1 0.628458 0.433996 0.309405 0.444277
1 0.630895 0.434337 0.309149 0.448977
1 0.621283 0.445313 0.322213 0.435056
1 0.626949 0.436126 0.308862 0.437047
1 0.629276 0.439850 0.307375 0.437706
1 0.625427 0.436650 0.313775 0.444768
1 0.624797 0.432218 0.311953 0.445477
1 0.632534 0.433635 0.310281 0.442351
1 0.635117 0.434861 0.308592 0.444430
1 0.625280 0.439608 0.316126 0.428928
1 0.626325 0.436366 0.311051 0.435027
1 0.626978 0.435870 0.316558 0.440841
1 0.628547 0.433914 0.315920 0.441548
1 0.632385 0.432838 0.318375 0.444550
1 0.627067 0.441059 0.315101 0.435150
1 0.625617 0.439556 0.323980 0.438419
1 0.630092 0.437419 0.314505 0.445353