1 0.486577 0.367226 0.346151 0.537193
1 0.487951 0.377867 0.345511 0.520001
1 0.489045 0.380905 0.341022 0.512822
1 0.492454 0.380669 0.338297 0.519775
1 0.491973 0.367008 0.345262 0.525975
1 0.484374 0.378110 0.350295 0.541864
1 0.486821 0.385815 0.348453 0.528587
1 0.488748 0.385047 0.345943 0.531184
1 0.493442 0.386374 0.346266 0.523744
1 0.493511 0.381543 0.345291 0.524426
1 0.488965 0.384952 0.356097 0.532795
1 0.492269 0.382807 0.354872 0.530544
1 0.490740 0.385568 0.346933 0.529972
1 0.494398 0.383941 0.349138 0.526969
1 0.494297 0.385568 0.346239 0.525251
1 0.494878 0.382912 0.346305 0.528870
1 0.490832 0.387824 0.353749 0.533831
1 0.494096 0.385234 0.354251 0.522715
1 0.493176 0.385457 0.350370 0.532304
1 0.493563 0.384601 0.351253 0.527979
1 0.492402 0.386308 0.346859 0.523346
1 0.490855 0.387037 0.345028 0.529147
1 0.492490 0.381337 0.354931 0.532295
1 0.492941 0.383774 0.354777 0.528143
1 0.494234 0.384101 0.348473 0.530437
1 0.491656 0.385780 0.348455 0.530024
1 0.493612 0.380885 0.353516 0.532808
1 0.492105 0.382713 0.343271 0.532587
1 0.492143 0.386875 0.358639 0.522671
1 0.492751 0.383277 0.355426 0.532791
1 0.495598 0.386349 0.350721 0.532213
1 0.494738 0.386034 0.352335 0.528470
1 0.491531 0.381480 0.353949 0.534358
1 0.496065 0.386309 0.345835 0.522037
1 0.493017 0.389239 0.355618 0.513181
1 0.492006 0.387791 0.349725 0.511259
1 0.491272 0.389907 0.342626 0.517072
1 0.491449 0.390306 0.355206 0.525903
1 0.488805 0.401811 0.355674 0.495296
1 0.492464 0.401488 0.348590 0.498150