1 0.681227 0.509775 0.012263 0.016308
1 0.461701 0.303819 0.175390 0.240431
1 0.460930 0.307582 0.172077 0.232266
1 0.460624 0.308427 0.170868 0.232661
1 0.461011 0.307278 0.169065 0.234243
1 0.461380 0.307003 0.176847 0.237418
1 0.459507 0.307919 0.171905 0.232437
1 0.461538 0.308403 0.173979 0.235671
1 0.461917 0.307494 0.171425 0.232809
1 0.461033 0.308231 0.171585 0.235474
1 0.460557 0.307212 0.179249 0.237266
1 0.461413 0.306858 0.175911 0.237672
1 0.460881 0.308886 0.175484 0.234810
1 0.461284 0.308731 0.174865 0.237263
1 0.461848 0.308662 0.172600 0.234008
1 0.462171 0.308482 0.173214 0.235792
1 0.462372 0.306832 0.176001 0.240010
1 0.462406 0.308752 0.178030 0.230036
1 0.462079 0.307003 0.172609 0.231139
1 0.461415 0.307486 0.174235 0.231347
1 0.461421 0.308049 0.176539 0.236520
1 0.463297 0.309293 0.172388 0.235242
1 0.461972 0.308595 0.173672 0.238736
1 0.461809 0.310978 0.174778 0.234825
1 0.461187 0.310804 0.180544 0.225093
1 0.460980 0.306789 0.173687 0.234718
1 0.461034 0.308778 0.176191 0.233974
1 0.461027 0.308726 0.174662 0.233482
1 0.462666 0.308246 0.175437 0.233264
1 0.462247 0.308147 0.175197 0.238229
1 0.463349 0.313315 0.177091 0.233299
1 0.460524 0.309548 0.177359 0.233484
1 0.461942 0.308856 0.177285 0.235451
1 0.461684 0.308869 0.175553 0.236812
1 0.461607 0.309136 0.178901 0.237950
1 0.461814 0.309724 0.176683 0.238090
1 0.461571 0.312007 0.177507 0.235823
1 0.461909 0.310400 0.178820 0.237635
1 0.461294 0.310248 0.177509 0.238847