1 0.426782 0.213717 0.203936 0.300897
1 0.430769 0.214627 0.205770 0.300206
1 0.426834 0.215275 0.208024 0.298763
1 0.428879 0.217742 0.208390 0.292117
1 0.429464 0.217146 0.209098 0.291791
1 0.429749 0.215014 0.208872 0.293740
1 0.428218 0.218564 0.213098 0.295405
1 0.429473 0.217728 0.210368 0.292637
1 0.429992 0.217636 0.212557 0.295872
1 0.430415 0.217241 0.211274 0.294909
1 0.429434 0.215774 0.210143 0.293198
1 0.427848 0.217889 0.211144 0.292902
1 0.429076 0.217432 0.213192 0.291818
1 0.428748 0.217469 0.212452 0.293062
1 0.428229 0.216677 0.215116 0.295764
1 0.429230 0.217564 0.213451 0.295939
1 0.430157 0.216827 0.211810 0.295223
1 0.428459 0.218119 0.215148 0.291825
1 0.428908 0.216120 0.214156 0.294008
1 0.429271 0.216342 0.214873 0.295152
1 0.428567 0.216238 0.212417 0.295932
1 0.429574 0.216524 0.213812 0.294030
1 0.431016 0.214568 0.211824 0.295564
1 0.427559 0.219135 0.214499 0.295484
1 0.428787 0.216287 0.214727 0.298074
1 0.430028 0.216271 0.212897 0.296634
1 0.429045 0.216615 0.213194 0.294218
1 0.429181 0.217790 0.214925 0.294668
1 0.431341 0.216073 0.210990 0.297045
1 0.426947 0.218646 0.217982 0.295405
1 0.428457 0.215436 0.215308 0.300738
1 0.429094 0.217010 0.216889 0.298094
1 0.429703 0.217422 0.215750 0.295830
1 0.429399 0.217221 0.215362 0.299704
1 0.431040 0.216857 0.213424 0.297881
1 0.428285 0.215914 0.216049 0.298426
1 0.428561 0.218475 0.217353 0.298924
1 0.430236 0.218804 0.214298 0.297695
1 0.429574 0.218713 0.214409 0.298546
1 0.428088 0.217056 0.218807 0.301952
1 0.429111 0.219333 0.217270 0.299267
1 0.432601 0.222490 0.215653 0.295762
1 0.428582 0.217841 0.217246 0.299532
1 0.429113 0.217532 0.214599 0.293413
1 0.430017 0.217914 0.213258 0.297309
1 0.428172 0.217236 0.212903 0.300320
1 0.430246 0.216336 0.216153 0.305059
1 0.428428 0.217748 0.218944 0.303399
1 0.430417 0.219542 0.216681 0.298090
1 0.428728 0.215996 0.214653 0.295401
1 0.429906 0.216594 0.213706 0.302262
1 0.432658 0.217953 0.215050 0.302960
1 0.430687 0.218918 0.217840 0.295933
1 0.429616 0.217668 0.218258 0.297254
1 0.431058 0.220887 0.214577 0.301234
1 0.429917 0.221269 0.217991 0.300337