1 0.553191 0.311088 0.245715 0.374063
1 0.551833 0.312242 0.245470 0.377954
1 0.554164 0.308901 0.249127 0.379953
1 0.551106 0.311506 0.247069 0.366156
1 0.553172 0.315101 0.249475 0.372606
1 0.551320 0.315738 0.250389 0.371682
1 0.552100 0.315491 0.250073 0.371003
1 0.551777 0.314845 0.251427 0.371331
1 0.551464 0.314151 0.250274 0.377540
1 0.549899 0.315103 0.251153 0.373486
1 0.551915 0.314814 0.250670 0.373450
1 0.552590 0.314390 0.249652 0.367261
1 0.551975 0.313855 0.248124 0.373533
1 0.549978 0.314261 0.248055 0.372705
1 0.552230 0.314672 0.250343 0.375458
1 0.551754 0.314249 0.249237 0.368530
1 0.550669 0.314129 0.249255 0.376890
1 0.549439 0.313838 0.246777 0.381027
1 0.551363 0.314776 0.247396 0.379695
1 0.550549 0.313260 0.248389 0.373693
1 0.552228 0.312915 0.248650 0.375708
1 0.549611 0.312958 0.248899 0.380089
1 0.551372 0.314483 0.247547 0.378346
1 0.551966 0.313966 0.248571 0.378809
1 0.552661 0.313772 0.249658 0.373916
1 0.551033 0.312929 0.248288 0.377523
1 0.551052 0.314037 0.246381 0.375157
1 0.551480 0.313794 0.247932 0.378256
1 0.553597 0.310796 0.244346 0.372590
1 0.551675 0.310738 0.246995 0.378303
1 0.552716 0.310610 0.247366 0.379904
1 0.553760 0.310699 0.244644 0.390383
1 0.551605 0.309882 0.245185 0.391585
1 0.554373 0.313401 0.248146 0.387081
1 0.552067 0.318113 0.245300 0.382271
1 0.552436 0.314519 0.248167 0.383466
1 0.553074 0.315332 0.245230 0.385058
1 0.552069 0.316238 0.251641 0.374948
1 0.551837 0.316771 0.248728 0.377629
1 0.553151 0.320876 0.245728 0.373844
1 0.550997 0.318368 0.252197 0.379163
1 0.550794 0.315737 0.249341 0.376171
1 0.550626 0.316317 0.249344 0.373200
1 0.554243 0.315221 0.248657 0.378766
1 0.554639 0.315627 0.248901 0.374791
1 0.554249 0.316731 0.249693 0.374640
1 0.553244 0.312474 0.249470 0.374528
1 0.552308 0.315898 0.250131 0.375484
1 0.550438 0.312360 0.248251 0.380492
1 0.552653 0.314023 0.247434 0.383741
1 0.555013 0.318866 0.245915 0.377736
1 0.554011 0.315002 0.247363 0.377865
1 0.551729 0.315162 0.252075 0.380995
1 0.552411 0.311402 0.255282 0.384758
1 0.554696 0.317080 0.252074 0.383392
1 0.551388 0.317053 0.245680 0.375039
1 0.552193 0.317118 0.251687 0.378079
1 0.553258 0.316229 0.255484 0.381649
1 0.554266 0.315984 0.253695 0.380725