1 0.554174 0.361199 0.332355 0.457553
1 0.555116 0.370263 0.333099 0.451968
1 0.553655 0.369185 0.333904 0.449064
1 0.553239 0.363569 0.336469 0.456851
1 0.548096 0.361932 0.336152 0.461846
1 0.554622 0.367480 0.332281 0.449529
1 0.552481 0.366865 0.334400 0.449307
1 0.551392 0.364770 0.331985 0.447575
1 0.554166 0.366640 0.336426 0.452664
1 0.554455 0.359252 0.336913 0.452827
1 0.551687 0.367060 0.341433 0.451457
1 0.554828 0.363483 0.334124 0.453597
1 0.550900 0.368019 0.333324 0.447881
1 0.552400 0.366789 0.335480 0.443904
1 0.551412 0.365036 0.333033 0.445795
1 0.551093 0.363760 0.338388 0.446653
1 0.554471 0.364624 0.339356 0.444929
1 0.552886 0.363223 0.330789 0.448706
1 0.553612 0.367321 0.331324 0.442437
1 0.552738 0.366155 0.337812 0.444759
1 0.551942 0.364789 0.334962 0.440817
1 0.551036 0.363155 0.340271 0.441315
1 0.551123 0.365263 0.345535 0.449150
1 0.550918 0.365639 0.338484 0.448624
1 0.552362 0.365706 0.335222 0.447734
1 0.553574 0.363752 0.341321 0.448199
1 0.552154 0.364324 0.342234 0.440278
1 0.550321 0.364195 0.341420 0.447418
1 0.551642 0.361331 0.341550 0.453997
1 0.550593 0.364987 0.339392 0.442031
1 0.552234 0.361610 0.336895 0.450716
1 0.552158 0.362471 0.342139 0.449252
1 0.550592 0.363222 0.344819 0.452990
1 0.549881 0.361222 0.341812 0.458609