1 0.639953 0.437497 0.293811 0.417533
1 0.649616 0.436674 0.293533 0.410917
1 0.648446 0.436813 0.296083 0.411413
1 0.644509 0.429850 0.295821 0.414730
1 0.639345 0.438893 0.302357 0.420164
1 0.643996 0.436990 0.285461 0.409088
1 0.648672 0.433903 0.288436 0.403561
1 0.648458 0.432262 0.288438 0.404839
1 0.641383 0.432806 0.288678 0.400421
1 0.647112 0.423472 0.286487 0.416024
1 0.644797 0.440532 0.288546 0.403873
1 0.643711 0.438186 0.286293 0.410885
1 0.642933 0.433494 0.291936 0.410811
1 0.644063 0.434940 0.291090 0.410316
1 0.641874 0.434637 0.286830 0.399097
1 0.645060 0.432307 0.286689 0.410139
1 0.647589 0.440282 0.286590 0.405372
1 0.645347 0.435353 0.281015 0.404290
1 0.644149 0.431898 0.291058 0.408197
1 0.645674 0.432397 0.287923 0.412554
1 0.644422 0.431594 0.292196 0.409892
1 0.649144 0.431430 0.287345 0.418954
1 0.641324 0.441445 0.297986 0.407599
1 0.644679 0.437495 0.286675 0.407312
1 0.639988 0.432227 0.290217 0.411454
1 0.643498 0.427334 0.289818 0.411717
1 0.643450 0.426551 0.291352 0.414205
1 0.638765 0.439723 0.304137 0.411431
1 0.636670 0.428939 0.299331 0.423495
1 0.641798 0.433795 0.291925 0.415722