1 0.473101 0.526972 0.384328 0.538252
1 0.471325 0.527930 0.386591 0.540416
1 0.469727 0.530298 0.384607 0.533929
1 0.470824 0.528776 0.391368 0.536638
1 0.471327 0.524696 0.393124 0.528602
1 0.471265 0.528887 0.389918 0.525768
1 0.470549 0.528717 0.391892 0.521308
1 0.470569 0.527192 0.392939 0.521574
1 0.472344 0.524200 0.391163 0.527084
1 0.464219 0.528941 0.388640 0.518490
1 0.471431 0.524547 0.390887 0.523414
1 0.472416 0.524556 0.388747 0.517316
1 0.471576 0.522706 0.392837 0.513717
1 0.472127 0.522350 0.390497 0.507060
1 0.469586 0.522703 0.397301 0.513169
1 0.475848 0.518066 0.390230 0.514922
1 0.465618 0.528861 0.392564 0.512763
1 0.472214 0.524257 0.396488 0.518702
1 0.469042 0.525684 0.392718 0.518012
1 0.467209 0.521304 0.394826 0.516231
1 0.469295 0.523840 0.400302 0.521697
1 0.466977 0.520064 0.401566 0.520321
1 0.472803 0.520609 0.393950 0.516104
1 0.464000 0.526066 0.395769 0.516012
1 0.467985 0.523657 0.399414 0.518105
1 0.467263 0.522668 0.398553 0.520543
1 0.464675 0.522883 0.392620 0.514218
1 0.467017 0.520785 0.395586 0.522264
1 0.470464 0.518304 0.404653 0.525528
1 0.477419 0.523178 0.399749 0.506846
1 0.468207 0.522083 0.399542 0.522577
1 0.466997 0.520618 0.398300 0.521777
1 0.468041 0.521265 0.397768 0.507437
1 0.465316 0.521008 0.395417 0.511185
1 0.471362 0.522161 0.399727 0.516355
1 0.463078 0.532608 0.401026 0.499796
1 0.466982 0.521872 0.404104 0.513776
1 0.464560 0.519596 0.400858 0.507499
1 0.466956 0.523151 0.404177 0.515472
1 0.465158 0.524555 0.400843 0.531356