1 0.545051 0.270991 0.215120 0.288752
1 0.544545 0.274475 0.213733 0.281401
1 0.544035 0.273358 0.215004 0.283292
1 0.542928 0.270825 0.217186 0.291504
1 0.545580 0.274945 0.215822 0.285899
1 0.543794 0.276453 0.216079 0.284959
1 0.545273 0.275619 0.219546 0.286465
1 0.544360 0.273934 0.215094 0.289949
1 0.544685 0.272832 0.215671 0.283515
1 0.545658 0.274491 0.217327 0.285515
1 0.544719 0.275778 0.215587 0.282724
1 0.543767 0.274806 0.216049 0.283673
1 0.543836 0.274417 0.218455 0.287456
1 0.545652 0.274464 0.213952 0.285947
1 0.545476 0.275010 0.218201 0.285011
1 0.544785 0.275575 0.218500 0.287303
1 0.544261 0.275403 0.213232 0.284570
1 0.544196 0.275498 0.213639 0.282976
1 0.543685 0.273997 0.216496 0.284275
1 0.545105 0.273339 0.213125 0.282814
1 0.545151 0.274011 0.216776 0.286698
1 0.545369 0.274600 0.218497 0.286304
1 0.545856 0.275590 0.214410 0.283882
1 0.543784 0.274493 0.215482 0.286144
1 0.543722 0.275386 0.216307 0.287346
1 0.545051 0.273779 0.215391 0.284021
1 0.544930 0.271952 0.217870 0.290992
1 0.545509 0.274303 0.217684 0.286610
1 0.544710 0.274846 0.214791 0.285037
1 0.543850 0.274132 0.217302 0.284649
1 0.544512 0.274520 0.215996 0.288124
1 0.545987 0.275555 0.216396 0.284060
1 0.543737 0.274939 0.221540 0.288685
1 0.544645 0.271975 0.218641 0.292312
1 0.544589 0.273953 0.220220 0.289853
1 0.544652 0.274193 0.215470 0.286279
1 0.544332 0.275265 0.214195 0.292417
1 0.543968 0.276537 0.227529 0.290032
1 0.545874 0.273630 0.222771 0.290104
1 0.545132 0.273375 0.218400 0.291580
1 0.545409 0.276667 0.221085 0.291128
1 0.543425 0.274382 0.219364 0.293494
1 0.542895 0.277817 0.215483 0.293508
1 0.545352 0.278619 0.214809 0.294171
1 0.546054 0.274394 0.216301 0.291310
1 0.544229 0.275978 0.215172 0.295929
1 0.542753 0.279323 0.219305 0.294142
1 0.543367 0.278667 0.219811 0.296589
1 0.541837 0.274364 0.220747 0.293378
1 0.541325 0.274885 0.217692 0.294075
1 0.543708 0.276416 0.214135 0.288387
1 0.543183 0.275410 0.215718 0.295777