1 0.559713 0.409127 0.379352 0.508448
1 0.560972 0.412068 0.383536 0.506213
1 0.557192 0.410410 0.377701 0.503482
1 0.560745 0.418360 0.382925 0.503025
1 0.558776 0.417047 0.384383 0.506982
1 0.557410 0.413889 0.382220 0.506292
1 0.553729 0.412867 0.382699 0.511713
1 0.560371 0.417984 0.379029 0.509411
1 0.561883 0.419350 0.395125 0.507330
1 0.560536 0.419525 0.389880 0.509628
1 0.557896 0.417365 0.392398 0.505188
1 0.559840 0.414737 0.390964 0.506480
1 0.553563 0.419305 0.387332 0.502889
1 0.557711 0.416952 0.384238 0.507575
1 0.559560 0.417154 0.386674 0.503008
1 0.557316 0.416760 0.384721 0.497380
1 0.558431 0.415652 0.388465 0.491004
1 0.559212 0.416498 0.391260 0.499779
1 0.564738 0.412890 0.378049 0.486337
1 0.555829 0.418435 0.376821 0.502024
1 0.556604 0.414674 0.377973 0.504718
1 0.559569 0.416678 0.382444 0.503365
1 0.554850 0.416052 0.385296 0.488571
1 0.558184 0.414449 0.387691 0.495509
1 0.555975 0.417444 0.390707 0.494720
1 0.564041 0.415372 0.388449 0.484680
1 0.555117 0.418213 0.376402 0.501000
1 0.554866 0.417439 0.380847 0.506315
1 0.559316 0.416536 0.384058 0.498846
1 0.556943 0.415611 0.385215 0.496451
1 0.561153 0.416980 0.397867 0.496019
1 0.554702 0.417416 0.390558 0.498210
1 0.558840 0.414417 0.383414 0.506370
1 0.560362 0.417917 0.388875 0.499173
1 0.559893 0.415286 0.389031 0.500957
1 0.558999 0.414453 0.391628 0.504158
1 0.560810 0.418981 0.395538 0.505153
1 0.560148 0.414250 0.390347 0.508153
1 0.555676 0.413631 0.387119 0.513246
1 0.561340 0.419861 0.385121 0.509577