1 0.142151 0.515022 0.025744 0.032646
1 0.024375 0.529122 0.037727 0.056808
1 0.023928 0.529069 0.039689 0.058404
1 0.142525 0.514633 0.025822 0.033003
1 0.023088 0.528956 0.036354 0.057031
1 0.023970 0.528784 0.039227 0.057407
1 0.024272 0.528929 0.038663 0.057898
1 0.024466 0.528326 0.039251 0.057360
1 0.024959 0.528215 0.037814 0.056504
1 0.518886 0.296192 0.193328 0.269862
1 0.516973 0.298840 0.192025 0.266655
1 0.517784 0.298585 0.194367 0.270997
1 0.519043 0.296143 0.193854 0.272755
1 0.519065 0.300121 0.195065 0.266542
1 0.517857 0.298733 0.196030 0.268179
1 0.518796 0.299667 0.198852 0.267844
1 0.517874 0.298280 0.198619 0.269480
1 0.519321 0.299537 0.194904 0.269970
1 0.519453 0.298465 0.197169 0.266664
1 0.519139 0.297612 0.195444 0.270102
1 0.518170 0.298545 0.198123 0.272753
1 0.518411 0.298847 0.201995 0.274202
1 0.520183 0.298062 0.199103 0.274409
1 0.520069 0.298216 0.197095 0.268862
1 0.519878 0.297191 0.197134 0.266685
1 0.518657 0.296895 0.197208 0.272474
1 0.518776 0.297475 0.197956 0.275790
1 0.518667 0.297659 0.199633 0.272685
1 0.518833 0.297944 0.197716 0.272310
1 0.519966 0.297274 0.197308 0.270177
1 0.519688 0.297795 0.197332 0.270521
1 0.518642 0.297322 0.197871 0.272567
1 0.519330 0.297435 0.198286 0.274491
1 0.518811 0.298072 0.197943 0.272803
1 0.518311 0.297423 0.198055 0.270828
1 0.519352 0.298062 0.199902 0.274564
1 0.519467 0.297394 0.199069 0.270950
1 0.517990 0.297222 0.198076 0.275206
1 0.519663 0.298425 0.198511 0.275732
1 0.518262 0.297422 0.199348 0.275254
1 0.520344 0.299851 0.200591 0.269833
1 0.520004 0.296478 0.199960 0.272372
1 0.519231 0.297179 0.198526 0.277475
1 0.519244 0.297321 0.199212 0.274141
1 0.519395 0.298742 0.198449 0.276388
1 0.519537 0.302358 0.199790 0.269284
1 0.519377 0.297051 0.199423 0.277570
1 0.520898 0.297305 0.197863 0.276491