1 0.359743 0.318564 0.030275 0.039854
1 0.360167 0.318547 0.029289 0.037411
1 0.360269 0.318585 0.029940 0.038416
1 0.360776 0.318672 0.030244 0.037863
1 0.359901 0.318477 0.030542 0.039044
1 0.359682 0.319977 0.030833 0.038910
1 0.534282 0.114887 0.076614 0.106634
1 0.534791 0.116904 0.076777 0.104816
1 0.535246 0.117848 0.077852 0.105445
1 0.534618 0.117525 0.078097 0.105137
1 0.534052 0.117237 0.077303 0.104712
1 0.534840 0.117400 0.076970 0.104636
1 0.535623 0.117835 0.077408 0.105601
1 0.535826 0.118639 0.076872 0.104693