1 0.195080 0.433331 0.014375 0.016894
1 0.501958 0.289463 0.244234 0.360615
1 0.502412 0.289917 0.242463 0.362556
1 0.504588 0.286121 0.246020 0.364983
1 0.502054 0.288409 0.246865 0.357509
1 0.501687 0.288912 0.246955 0.353639
1 0.500751 0.288632 0.249544 0.354712
1 0.502269 0.287649 0.250460 0.353768
1 0.502835 0.287097 0.247585 0.355701
1 0.501416 0.285224 0.248439 0.352276
1 0.501747 0.285107 0.251232 0.351385
1 0.501733 0.286574 0.250266 0.351757
1 0.502229 0.286498 0.248811 0.357922
1 0.502876 0.284879 0.248587 0.358785
1 0.502787 0.283584 0.247136 0.358084
1 0.501162 0.284701 0.247477 0.354439
1 0.504035 0.285747 0.243821 0.348647
1 0.501665 0.285354 0.248586 0.354495
1 0.503140 0.283940 0.249043 0.355459
1 0.503143 0.281994 0.247612 0.355653
1 0.502600 0.282693 0.250137 0.353483
1 0.501320 0.282734 0.248949 0.354138
1 0.503841 0.283410 0.249550 0.357102
1 0.501236 0.282922 0.244821 0.359920
1 0.502287 0.283761 0.247669 0.356644
1 0.505355 0.284990 0.244763 0.346750
1 0.500824 0.283906 0.248203 0.356002
1 0.502390 0.282687 0.248792 0.360162
1 0.501877 0.281784 0.250256 0.362495
1 0.503234 0.282755 0.249625 0.359223
1 0.504962 0.286920 0.246810 0.347918
1 0.500486 0.283451 0.252874 0.359833
1 0.502438 0.281298 0.251545 0.358603
1 0.501617 0.281235 0.249244 0.363651
1 0.503139 0.281737 0.249678 0.360804
1 0.502070 0.283451 0.246498 0.362895
1 0.501070 0.285064 0.245182 0.360932
1 0.504889 0.289101 0.248654 0.354469
1 0.504748 0.287238 0.253532 0.364488
1 0.503485 0.285471 0.251211 0.365927
1 0.503681 0.283447 0.249830 0.364813
1 0.504864 0.290233 0.245360 0.355103
1 0.503361 0.288665 0.248963 0.354395
1 0.504181 0.288647 0.246822 0.355424
1 0.501041 0.288211 0.250355 0.357967
1 0.504879 0.287310 0.252898 0.357903
1 0.501367 0.289545 0.252242 0.354292
1 0.501268 0.288404 0.249077 0.353001
1 0.501800 0.287583 0.248604 0.355382
1 0.502913 0.285827 0.245890 0.353315
1 0.502527 0.285256 0.249480 0.352330
1 0.502279 0.287856 0.255786 0.353906
1 0.504675 0.285019 0.245273 0.354727
1 0.504524 0.284971 0.248855 0.355338
1 0.504581 0.285052 0.248864 0.356660
1 0.501350 0.285163 0.249449 0.354873
1 0.502690 0.284580 0.244796 0.357574
1 0.501553 0.285510 0.247060 0.353837
1 0.501456 0.287680 0.250706 0.356896
1 0.502503 0.286644 0.249507 0.359539
1 0.503104 0.283365 0.247512 0.358074