1 0.552772 0.544499 0.540968 0.677527
1 0.548897 0.547612 0.535425 0.682216
1 0.550119 0.540516 0.519314 0.689397
1 0.553917 0.545451 0.542735 0.689247
1 0.552466 0.545041 0.542691 0.695249
1 0.552820 0.549648 0.550347 0.692880
1 0.556441 0.542212 0.522954 0.658683
1 0.553829 0.553178 0.522436 0.668152
1 0.545433 0.532505 0.521759 0.675407
1 0.544988 0.546319 0.522890 0.677128
1 0.551409 0.536709 0.517106 0.681049
1 0.549621 0.543581 0.521225 0.678566
1 0.554378 0.540283 0.523143 0.675830
1 0.554297 0.545191 0.535797 0.680994
1 0.555932 0.540982 0.521039 0.674892
1 0.554989 0.546392 0.544837 0.697054
1 0.556923 0.550176 0.543310 0.684906
1 0.560649 0.550196 0.529253 0.690977
1 0.545313 0.535412 0.508127 0.653142
1 0.556285 0.544177 0.521820 0.651661
1 0.550371 0.546366 0.512265 0.650801
1 0.551332 0.534949 0.524658 0.653945
1 0.548628 0.543055 0.521947 0.658943
1 0.552788 0.532907 0.511563 0.660302
1 0.551657 0.538726 0.516631 0.665821
1 0.555707 0.534939 0.514414 0.657832
1 0.556761 0.540434 0.527118 0.665764
1 0.555897 0.532561 0.509534 0.648656
1 0.557308 0.537755 0.528260 0.666873
1 0.560694 0.539144 0.516880 0.644113
1 0.552871 0.546738 0.534818 0.671754
1 0.560795 0.544754 0.516968 0.671171
1 0.563709 0.542518 0.522836 0.682511
1 0.540817 0.538595 0.515946 0.661887
1 0.556354 0.532418 0.528976 0.658841
1 0.547883 0.534130 0.527866 0.643144
1 0.551594 0.534557 0.521372 0.662671
1 0.553586 0.532894 0.514657 0.646442
1 0.550469 0.540417 0.516091 0.654293
1 0.556284 0.534576 0.522730 0.659239
1 0.555400 0.542089 0.522054 0.659060
1 0.556911 0.531402 0.525459 0.656442
1 0.559360 0.537402 0.530217 0.657605
1 0.556953 0.531856 0.516668 0.650704
1 0.555504 0.539478 0.526630 0.658913
1 0.562138 0.538031 0.519308 0.646684
1 0.555116 0.541355 0.530635 0.670104
1 0.557731 0.548762 0.524222 0.679971
1 0.561551 0.545240 0.538422 0.682293
1 0.575045 0.537341 0.514252 0.686842
1 0.539578 0.538422 0.492436 0.655396
1 0.541712 0.541250 0.514127 0.661583
1 0.555610 0.529817 0.536860 0.663828
1 0.549336 0.527904 0.531672 0.631156
1 0.554032 0.525121 0.533117 0.659070
1 0.551452 0.527625 0.518484 0.639125
1 0.551762 0.532376 0.525900 0.658770
1 0.555330 0.525903 0.518694 0.640769
1 0.557319 0.529743 0.525337 0.654736
1 0.558005 0.526833 0.533307 0.649064
1 0.559948 0.528718 0.538618 0.659754
1 0.558662 0.527291 0.529641 0.646685
1 0.558085 0.530224 0.533966 0.659053
1 0.562716 0.534887 0.522397 0.631985
1 0.553832 0.537799 0.534263 0.661054
1 0.560915 0.542796 0.518784 0.662220
1 0.561228 0.537138 0.542366 0.656999
1 0.568702 0.532290 0.514126 0.676363
1 0.546684 0.536765 0.522080 0.656357
1 0.549604 0.528899 0.540802 0.652795
1 0.547155 0.532183 0.537044 0.618494
1 0.551356 0.525799 0.539665 0.647155
1 0.551753 0.528915 0.525042 0.650952
1 0.553408 0.529445 0.516657 0.655968
1 0.553537 0.522912 0.524941 0.661958
1 0.553500 0.525047 0.522469 0.664171
1 0.555645 0.524643 0.537543 0.662098
1 0.555085 0.524355 0.536199 0.663455
1 0.555381 0.523108 0.544086 0.668941
1 0.554543 0.526920 0.536450 0.664707
1 0.560154 0.530258 0.536992 0.652417
1 0.548363 0.522684 0.547490 0.679777
1 0.558587 0.530302 0.525969 0.665797
1 0.565821 0.528243 0.543625 0.670072
1 0.570596 0.524590 0.525981 0.671370
1 0.547793 0.528085 0.515565 0.652542
1 0.545298 0.523206 0.532182 0.663659
1 0.544670 0.530769 0.531441 0.630356
1 0.547165 0.522294 0.537597 0.660812
1 0.551019 0.524812 0.524830 0.661228
1 0.550280 0.521609 0.521523 0.673112
1 0.554778 0.529485 0.532422 0.663903
1 0.557173 0.529011 0.531303 0.668962
1 0.559216 0.528898 0.540321 0.671967
1 0.561949 0.528615 0.532886 0.663497
1 0.556599 0.530190 0.542944 0.654763
1 0.556535 0.528478 0.532828 0.651151
1 0.562086 0.533829 0.540093 0.635683
1 0.556463 0.520261 0.541042 0.650370
1 0.563789 0.522718 0.516657 0.649334
1 0.567827 0.520389 0.539511 0.662778
1 0.540622 0.543350 0.515689 0.629887
1 0.541897 0.537773 0.536080 0.629827
1 0.549322 0.540334 0.540827 0.639508
1 0.553125 0.533924 0.525721 0.645860
1 0.553795 0.529046 0.522706 0.653338
1 0.558088 0.530197 0.534422 0.659886
1 0.560329 0.529033 0.531147 0.659181
1 0.560253 0.527958 0.536812 0.662008
1 0.562452 0.526689 0.536841 0.664408
1 0.560334 0.529729 0.542584 0.659325
1 0.559732 0.524882 0.538700 0.664258
1 0.557965 0.515599 0.539991 0.662447
1 0.563699 0.518767 0.529646 0.657922
1 0.571580 0.524852 0.514919 0.657587
1 0.543355 0.547928 0.525786 0.609541
1 0.549913 0.549457 0.540554 0.611440
1 0.549189 0.548951 0.533443 0.630916
1 0.554859 0.546740 0.520601 0.628524
1 0.555790 0.542841 0.533040 0.645703
1 0.558331 0.542514 0.518842 0.625090
1 0.558739 0.540291 0.533309 0.641734
1 0.559697 0.534985 0.534207 0.643166
1 0.560599 0.523714 0.540034 0.648200
1 0.572005 0.528393 0.523212 0.640588
1 0.547119 0.544313 0.545974 0.634498
1 0.560889 0.544421 0.547750 0.627166
1 0.560203 0.542187 0.558809 0.626771