1 0.520761 0.434079 0.332170 0.481738
1 0.521365 0.434167 0.339859 0.485219
1 0.523552 0.431234 0.345583 0.494233
1 0.517622 0.433957 0.335459 0.498088
1 0.519016 0.437654 0.338617 0.486229
1 0.520100 0.435375 0.344137 0.493263
1 0.522618 0.432168 0.346804 0.489537
1 0.523624 0.429876 0.340715 0.494486
1 0.514965 0.433084 0.337382 0.488157
1 0.518555 0.433540 0.333218 0.487395
1 0.520832 0.429992 0.342528 0.480597
1 0.520356 0.430425 0.340323 0.478549
1 0.525203 0.430732 0.342543 0.475490
1 0.523437 0.429671 0.342414 0.478122
1 0.528129 0.423327 0.339697 0.477734
1 0.520532 0.437495 0.337577 0.475597
1 0.520071 0.431219 0.338868 0.488726
1 0.522059 0.433089 0.337913 0.483480
1 0.523808 0.430813 0.339399 0.484193
1 0.523794 0.429758 0.344313 0.484412
1 0.522121 0.428892 0.346739 0.486932
1 0.525349 0.428864 0.341005 0.480343
1 0.520954 0.438566 0.338829 0.471636
1 0.520643 0.431442 0.340820 0.485028
1 0.521701 0.434861 0.341706 0.481224
1 0.520341 0.433387 0.343188 0.481966
1 0.524102 0.429040 0.346128 0.484482
1 0.526163 0.427183 0.349665 0.490014
1 0.524940 0.429316 0.348894 0.470771
1 0.522482 0.433561 0.342989 0.481846
1 0.521202 0.431506 0.343523 0.490961
1 0.525443 0.431314 0.345758 0.488627
1 0.522954 0.427606 0.347096 0.488653
1 0.523829 0.429495 0.346239 0.494267
1 0.520323 0.437740 0.344798 0.476986
1 0.522993 0.437580 0.347611 0.480372
1 0.523421 0.433977 0.346063 0.483533
1 0.518915 0.447148 0.345616 0.460747