1 0.527990 0.356902 0.262809 0.422820
1 0.528824 0.356841 0.263656 0.414110
1 0.529675 0.351621 0.261949 0.411334
1 0.528532 0.353088 0.266859 0.414861
1 0.527622 0.346193 0.263935 0.412605
1 0.531135 0.346574 0.265944 0.411813
1 0.527380 0.343241 0.262809 0.410503
1 0.530976 0.343949 0.258057 0.401153
1 0.533290 0.346005 0.254829 0.404999
1 0.526978 0.345090 0.260477 0.413531
1 0.529845 0.345228 0.254504 0.411439
1 0.519867 0.351453 0.276406 0.447511
1 0.517976 0.349426 0.274511 0.440366
1 0.518365 0.347446 0.274304 0.444532
1 0.518720 0.347124 0.268340 0.441735
1 0.524678 0.349360 0.267092 0.428510
1 0.524985 0.349076 0.267376 0.432325
1 0.523861 0.348508 0.263776 0.430460
1 0.524011 0.347897 0.265602 0.433931
1 0.516884 0.347226 0.286987 0.438195
1 0.525640 0.345829 0.268000 0.424844
1 0.525514 0.348776 0.266509 0.429165
1 0.525524 0.348982 0.268475 0.433325
1 0.521618 0.347281 0.263487 0.429202
1 0.525047 0.346384 0.268318 0.428200
1 0.516273 0.352821 0.286314 0.430096
1 0.522050 0.344980 0.267971 0.426960
1 0.526736 0.345614 0.271824 0.422787
1 0.523067 0.344026 0.273006 0.428221
1 0.522644 0.344903 0.264059 0.428544
1 0.526013 0.347852 0.267718 0.419312
1 0.534641 0.349196 0.262501 0.417331
1 0.516843 0.340934 0.271872 0.431692
1 0.521425 0.344374 0.278758 0.424134
1 0.519501 0.339967 0.272485 0.420565
1 0.523996 0.342978 0.264534 0.427753
1 0.527603 0.346640 0.275719 0.433383
1 0.520486 0.344336 0.280198 0.419554
1 0.520926 0.346910 0.279042 0.419071
1 0.523746 0.347761 0.271611 0.419000