1 0.627029 0.413907 0.344441 0.488176
1 0.625368 0.425151 0.340044 0.487763
1 0.621991 0.424668 0.337045 0.487531
1 0.625874 0.426269 0.342510 0.487393
1 0.621733 0.422876 0.344123 0.491042
1 0.624966 0.424074 0.342680 0.482222
1 0.624428 0.422602 0.342313 0.487963
1 0.622041 0.421951 0.347376 0.493509
1 0.625548 0.419260 0.348972 0.492749
1 0.615536 0.421320 0.342096 0.479667
1 0.621550 0.423964 0.344711 0.488167
1 0.621120 0.423005 0.342394 0.484510
1 0.621617 0.422627 0.341613 0.480667
1 0.623465 0.422996 0.341681 0.480183
1 0.625036 0.422769 0.346043 0.492647
1 0.628680 0.418664 0.342159 0.480969
1 0.618167 0.421512 0.335907 0.473772
1 0.622613 0.420875 0.343479 0.485117
1 0.621999 0.423306 0.342010 0.486205
1 0.621338 0.423134 0.345345 0.485584
1 0.625657 0.422870 0.348273 0.484490
1 0.625158 0.422040 0.348072 0.488486
1 0.626957 0.422349 0.342589 0.479652
1 0.616233 0.424424 0.344488 0.475864
1 0.620652 0.421797 0.345852 0.484829
1 0.623647 0.424444 0.339244 0.482681
1 0.621435 0.421896 0.340538 0.482455
1 0.623078 0.417999 0.348301 0.489833
1 0.624432 0.419944 0.345536 0.489899
1 0.628044 0.424081 0.350308 0.478378
1 0.622037 0.418365 0.347615 0.491573
1 0.624341 0.421957 0.345999 0.490767
1 0.622853 0.419597 0.345754 0.482108
1 0.623502 0.419688 0.348947 0.490396
1 0.625226 0.421071 0.347267 0.492312
1 0.622743 0.419657 0.348901 0.486098
1 0.621905 0.419038 0.348995 0.490836
1 0.625636 0.418404 0.352111 0.491033