1 0.637565 0.385909 0.316628 0.425585
1 0.639682 0.387082 0.318340 0.438767
1 0.641392 0.384102 0.305909 0.412153
1 0.638937 0.386271 0.308016 0.412618
1 0.639290 0.388222 0.308677 0.419677
1 0.638698 0.384515 0.308381 0.423458
1 0.643078 0.381477 0.301869 0.411289
1 0.643020 0.382559 0.307807 0.413070
1 0.642035 0.382465 0.311874 0.411175
1 0.639159 0.381913 0.311247 0.408994
1 0.640740 0.381012 0.310068 0.405633
1 0.640976 0.379779 0.309201 0.416771
1 0.641571 0.379357 0.312282 0.407924
1 0.637898 0.382052 0.314215 0.411350
1 0.641999 0.382634 0.307239 0.412713
1 0.643119 0.382411 0.311532 0.412889
1 0.640560 0.379998 0.307442 0.412790
1 0.638713 0.380119 0.310178 0.412455
1 0.639888 0.382934 0.312099 0.406021
1 0.641073 0.382468 0.313824 0.412858
1 0.642568 0.385136 0.312507 0.413638
1 0.639734 0.383424 0.306902 0.414682
1 0.642127 0.382056 0.316138 0.414129
1 0.639741 0.380439 0.316691 0.419698
1 0.638997 0.387441 0.317460 0.399498
1 0.638849 0.382979 0.314588 0.404988
1 0.642919 0.383029 0.312038 0.414897
1 0.644402 0.382381 0.310126 0.410949
1 0.644010 0.384706 0.311930 0.414196
1 0.637993 0.385824 0.315458 0.405719
1 0.641598 0.382494 0.311182 0.418937
1 0.644525 0.381718 0.311406 0.422370