1 0.582663 0.307722 0.337975 0.494407
1 0.581396 0.324207 0.331325 0.500404
1 0.580972 0.325816 0.330500 0.500037
1 0.585233 0.326064 0.336830 0.504274
1 0.577467 0.324027 0.335781 0.504900
1 0.581765 0.326373 0.333873 0.502482
1 0.582467 0.323132 0.332715 0.502847
1 0.582602 0.322757 0.336408 0.505849
1 0.583582 0.320895 0.334622 0.500935
1 0.579508 0.333084 0.337388 0.512111
1 0.578112 0.328065 0.333374 0.504398
1 0.582027 0.330839 0.328798 0.502193
1 0.585253 0.328412 0.328105 0.501105
1 0.584533 0.329998 0.332172 0.512384
1 0.587128 0.323171 0.335185 0.501299
1 0.576941 0.330953 0.329254 0.487197
1 0.580366 0.329172 0.329241 0.505922
1 0.580754 0.329992 0.330681 0.498259
1 0.581375 0.330738 0.334172 0.499393
1 0.583757 0.329009 0.332621 0.502047
1 0.582929 0.326424 0.334971 0.508004
1 0.585695 0.326907 0.334978 0.500174
1 0.575458 0.337170 0.327596 0.480945
1 0.580646 0.325542 0.331085 0.502394
1 0.583593 0.329807 0.328268 0.495688
1 0.581790 0.328320 0.326843 0.494481
1 0.585105 0.326660 0.332606 0.500660
1 0.583453 0.323804 0.333223 0.507447
1 0.586738 0.331205 0.336399 0.499058
1 0.581338 0.324678 0.336580 0.504350
1 0.581685 0.327494 0.331772 0.507698
1 0.581092 0.328039 0.335677 0.499887
1 0.581810 0.325818 0.335641 0.506692
1 0.579914 0.327543 0.334300 0.506425
1 0.578814 0.332260 0.328269 0.485755
1 0.580283 0.332180 0.328878 0.488029
1 0.582739 0.333080 0.333697 0.487103
1 0.577951 0.346214 0.342515 0.463034