1 0.275047 0.100781 0.094029 0.118182
1 0.276801 0.101161 0.094461 0.117902
1 0.276279 0.102790 0.094424 0.111849
1 0.276033 0.103388 0.093545 0.111415
1 0.278334 0.101963 0.096454 0.115793
1 0.585754 0.142585 0.136452 0.186008
1 0.586061 0.143283 0.136186 0.187510
1 0.584307 0.143444 0.137532 0.188411
1 0.275401 0.103840 0.094379 0.112912
1 0.276158 0.103903 0.094126 0.111870
1 0.276760 0.103015 0.092467 0.110527
1 0.277367 0.104635 0.093594 0.110779
1 0.584513 0.145930 0.133359 0.181558
1 0.583988 0.144922 0.131287 0.178368
1 0.584387 0.147305 0.134492 0.183082
1 0.585209 0.145960 0.129454 0.176645
1 0.583433 0.146346 0.134989 0.182402
1 0.583691 0.147143 0.135108 0.181109
1 0.585198 0.144327 0.134925 0.181858
1 0.276770 0.103250 0.095002 0.111267
1 0.277289 0.103683 0.090756 0.108825
1 0.583459 0.144054 0.139204 0.188940
1 0.585139 0.147377 0.135483 0.179818
1 0.584688 0.148032 0.133042 0.175559
1 0.583653 0.147268 0.134452 0.181785
1 0.585743 0.146866 0.133438 0.179139
1 0.584604 0.146201 0.136053 0.182025
1 0.586555 0.148244 0.134966 0.172998
1 0.584385 0.145938 0.137738 0.183295
1 0.585520 0.145375 0.135733 0.179259
1 0.585939 0.146353 0.135649 0.178943
1 0.584273 0.147855 0.133218 0.177156
1 0.583573 0.146657 0.134720 0.182861
1 0.585772 0.147744 0.132304 0.179641
1 0.584723 0.147733 0.134728 0.182783
1 0.586164 0.148365 0.135577 0.173757
1 0.585573 0.146003 0.136649 0.183777
1 0.585539 0.147398 0.136831 0.179380
1 0.585370 0.147073 0.134175 0.179997
1 0.584004 0.149848 0.132163 0.176803
1 0.584092 0.146463 0.135934 0.183697
1 0.585203 0.148828 0.133149 0.176257
1 0.584870 0.147778 0.136848 0.181982
1 0.585286 0.147072 0.136776 0.183925
1 0.585787 0.149633 0.137202 0.178080
1 0.584638 0.147944 0.140681 0.184456
1 0.585670 0.148266 0.138817 0.181765
1 0.585805 0.149352 0.138683 0.180631