1 0.442331 0.321166 0.250649 0.338340
1 0.447710 0.324241 0.254096 0.344248
1 0.450693 0.325702 0.256191 0.340347
1 0.439500 0.325562 0.248030 0.330266
1 0.446010 0.328454 0.255692 0.334398
1 0.448455 0.329456 0.261611 0.335681
1 0.450722 0.328298 0.263880 0.329367
1 0.451617 0.327367 0.265905 0.329434
1 0.442077 0.329711 0.257263 0.327478
1 0.446295 0.329392 0.258848 0.332874
1 0.445787 0.328130 0.262609 0.336070
1 0.449042 0.327501 0.265385 0.329371
1 0.450113 0.328008 0.265189 0.323979
1 0.452814 0.330917 0.269591 0.319489
1 0.443314 0.328154 0.258886 0.327083
1 0.447077 0.327914 0.259516 0.331812
1 0.447428 0.328655 0.265715 0.333253
1 0.448645 0.328589 0.261954 0.327980
1 0.449108 0.328208 0.266003 0.328345
1 0.451447 0.330931 0.265244 0.320022
1 0.443033 0.327951 0.257440 0.327161
1 0.447343 0.328076 0.261294 0.334925
1 0.448460 0.330135 0.263777 0.333541
1 0.448683 0.328330 0.265367 0.335792
1 0.447805 0.328894 0.266904 0.334484
1 0.450863 0.329395 0.264523 0.323109
1 0.443036 0.327918 0.255376 0.332257
1 0.446281 0.327359 0.255734 0.336010
1 0.448876 0.329560 0.260173 0.336222
1 0.448245 0.329469 0.264084 0.337856
1 0.448459 0.328784 0.264153 0.336373
1 0.451558 0.329691 0.266896 0.324248
1 0.440896 0.329368 0.252962 0.333288
1 0.446493 0.329634 0.257965 0.341839
1 0.448207 0.330321 0.262955 0.338490
1 0.449269 0.328116 0.261885 0.342987
1 0.450491 0.328607 0.264330 0.337424
1 0.455268 0.333241 0.269503 0.324280
1 0.444102 0.328816 0.247631 0.330986
1 0.446419 0.327084 0.251405 0.326642
1 0.449618 0.327949 0.258787 0.330486
1 0.453440 0.330910 0.260907 0.326316
1 0.449770 0.319016 0.262728 0.330245
1 0.455115 0.322585 0.262474 0.321097
1 0.453301 0.321315 0.258579 0.324308
1 0.451697 0.319172 0.261085 0.328690
1 0.453453 0.327629 0.260740 0.315622
1 0.453454 0.327313 0.252629 0.316201
1 0.450911 0.325831 0.258689 0.316509
1 0.451550 0.330594 0.256335 0.324076
1 0.454689 0.323196 0.267044 0.338385
1 0.448642 0.328201 0.267148 0.329688
1 0.450430 0.325523 0.265740 0.324982
1 0.450495 0.327497 0.259298 0.327132
1 0.450465 0.328271 0.256249 0.321019
1 0.450100 0.327631 0.257639 0.322995
1 0.451066 0.328397 0.266433 0.333182
1 0.447258 0.329509 0.275150 0.326307
1 0.451365 0.326946 0.263097 0.322487
1 0.453409 0.326777 0.260843 0.319959
1 0.450802 0.327252 0.256341 0.320818
1 0.449654 0.327880 0.256790 0.330674
1 0.450549 0.331915 0.270919 0.325421
1 0.454225 0.331350 0.265985 0.326235
1 0.450164 0.331194 0.259923 0.328927
1 0.449635 0.328147 0.269330 0.332917