1 0.346773 0.270843 0.021209 0.031544
1 0.767905 0.272259 0.019239 0.026391
1 0.936291 0.272377 0.027160 0.033532
1 0.936578 0.271738 0.028966 0.036376
1 0.936841 0.271391 0.027841 0.034575
1 0.936828 0.271757 0.028729 0.037506
1 0.291431 0.283352 0.015626 0.021106
1 0.935508 0.273664 0.025366 0.032301
1 0.538808 0.128658 0.119241 0.169092
1 0.540448 0.129247 0.117122 0.165108
1 0.539724 0.128734 0.119136 0.166880
1 0.541490 0.128544 0.117833 0.170654
1 0.539267 0.129256 0.118800 0.167969
1 0.542279 0.128835 0.119038 0.169034
1 0.540558 0.128901 0.118654 0.167093
1 0.540204 0.130783 0.119640 0.163203
1 0.540509 0.129611 0.117684 0.164143
1 0.540416 0.129758 0.118525 0.164791
1 0.540325 0.129900 0.117920 0.163845
1 0.541684 0.131031 0.120163 0.163565
1 0.541101 0.130713 0.117560 0.162274
1 0.539621 0.131125 0.119399 0.162218
1 0.540433 0.129635 0.120343 0.170112
1 0.539653 0.131484 0.119332 0.165186
1 0.540974 0.129550 0.118025 0.167557
1 0.540519 0.128926 0.118168 0.164860
1 0.540126 0.129893 0.119337 0.164391
1 0.541862 0.129727 0.118569 0.166052
1 0.542019 0.130074 0.117708 0.164503
1 0.540183 0.130263 0.120208 0.164183
1 0.538444 0.130155 0.120357 0.166282
1 0.539047 0.131703 0.120011 0.165210
1 0.540650 0.130627 0.119083 0.167499
1 0.540231 0.129686 0.118900 0.166341
1 0.540425 0.131153 0.119631 0.165506
1 0.542116 0.129351 0.118940 0.167205
1 0.540262 0.130468 0.118890 0.167727
1 0.541010 0.132126 0.120073 0.164902