1 0.507098 0.339339 0.250473 0.413337
1 0.511421 0.342538 0.241161 0.410944
1 0.514943 0.341936 0.245122 0.402115
1 0.509039 0.341157 0.252183 0.403284
1 0.509393 0.342211 0.252104 0.400530
1 0.512318 0.340991 0.250291 0.394168
1 0.509949 0.338472 0.249623 0.395731
1 0.507369 0.337744 0.256009 0.403287
1 0.508677 0.338877 0.251535 0.400865
1 0.509661 0.336203 0.251990 0.403469
1 0.507233 0.336209 0.259384 0.406764
1 0.507721 0.336558 0.252211 0.404244
1 0.509733 0.336136 0.253020 0.410161
1 0.509117 0.335351 0.253731 0.409298
1 0.508773 0.336718 0.251375 0.407606
1 0.508186 0.334700 0.252209 0.411166
1 0.509317 0.333150 0.251801 0.413325
1 0.509580 0.335629 0.250109 0.415916
1 0.507481 0.334534 0.251419 0.408789
1 0.508893 0.333144 0.251946 0.409092
1 0.511195 0.333779 0.249563 0.412604
1 0.508208 0.334354 0.253324 0.415010
1 0.508252 0.333814 0.249710 0.413886
1 0.509494 0.336895 0.247771 0.412365
1 0.507111 0.340070 0.254685 0.406852
1 0.508651 0.338972 0.251071 0.412627
1 0.509721 0.341247 0.245135 0.399402
1 0.512007 0.340236 0.256664 0.408167
1 0.507721 0.338691 0.262766 0.407308
1 0.504678 0.335197 0.257403 0.409705
1 0.511761 0.340731 0.246990 0.401614
1 0.512365 0.341948 0.250783 0.397734
1 0.510862 0.341820 0.257026 0.405647
1 0.506587 0.341614 0.251225 0.404839
1 0.516150 0.339478 0.253254 0.403037
1 0.509118 0.341340 0.245306 0.394929
1 0.511477 0.343049 0.246128 0.401950
1 0.508582 0.339939 0.253987 0.397834
1 0.507883 0.341885 0.257883 0.407840
1 0.507205 0.339651 0.247427 0.402942
1 0.514135 0.338694 0.251826 0.397424
1 0.504832 0.340851 0.242039 0.388415
1 0.512911 0.342088 0.244039 0.396477
1 0.508768 0.340182 0.255570 0.401156
1 0.509197 0.335236 0.255078 0.410753
1 0.510429 0.342161 0.251291 0.402167
1 0.511015 0.339270 0.253697 0.403528
1 0.505160 0.340259 0.245713 0.402733
1 0.503099 0.337596 0.257226 0.408315
1 0.506558 0.335359 0.254862 0.407306
1 0.508724 0.336050 0.255754 0.403459
1 0.503630 0.339621 0.265883 0.416002