1 0.419061 0.347882 0.161953 0.242733
1 0.419252 0.352202 0.163511 0.237612
1 0.419810 0.351668 0.163168 0.232790
1 0.419930 0.351385 0.161149 0.233717
1 0.419485 0.350701 0.162472 0.239986
1 0.419003 0.353832 0.161032 0.237471
1 0.420752 0.353344 0.163748 0.230872
1 0.420288 0.353219 0.163336 0.233958
1 0.419731 0.351478 0.162199 0.233045
1 0.419599 0.352368 0.161990 0.233789
1 0.420312 0.354190 0.163846 0.233600
1 0.420399 0.353261 0.164027 0.228229
1 0.420510 0.352344 0.162991 0.232518
1 0.419372 0.352059 0.160870 0.233157
1 0.420660 0.351993 0.163448 0.231409
1 0.419807 0.351871 0.164930 0.232416
1 0.420200 0.352933 0.166139 0.233109
1 0.420115 0.354101 0.164556 0.232482
1 0.419204 0.352962 0.163549 0.233591
1 0.419797 0.352716 0.162186 0.234307
1 0.420280 0.352172 0.166254 0.233333
1 0.420238 0.352131 0.163423 0.228998
1 0.419702 0.353891 0.167674 0.235790
1 0.419703 0.353260 0.166459 0.235117
1 0.418365 0.352885 0.165750 0.233318
1 0.419749 0.352489 0.165207 0.236937
1 0.419740 0.352700 0.165736 0.234353
1 0.421169 0.355498 0.166212 0.228290
1 0.419519 0.353265 0.168033 0.235651
1 0.419086 0.352403 0.168074 0.236881
1 0.420568 0.353583 0.165463 0.234626
1 0.420191 0.354271 0.164187 0.231032
1 0.419907 0.354577 0.169629 0.234924
1 0.419829 0.354672 0.167533 0.237098