1 0.047493 0.354604 0.031415 0.053999
1 0.047586 0.354674 0.031346 0.053845
1 0.047140 0.354403 0.029349 0.053806
1 0.045998 0.355198 0.028507 0.050149
1 0.047471 0.355948 0.031838 0.052339
1 0.047214 0.355464 0.030941 0.053030
1 0.047435 0.355711 0.031642 0.052695
1 0.049116 0.356260 0.032558 0.053398
1 0.532003 0.285640 0.255956 0.342383
1 0.533870 0.286208 0.252971 0.336891
1 0.531451 0.286871 0.254460 0.328987
1 0.534536 0.287973 0.255575 0.329606
1 0.532701 0.286947 0.258271 0.333328
1 0.532355 0.287225 0.260405 0.334372
1 0.535568 0.283866 0.256344 0.337995
1 0.533371 0.289325 0.255513 0.325098
1 0.532534 0.286488 0.259551 0.330253
1 0.531954 0.285711 0.258795 0.331561
1 0.532184 0.286779 0.258596 0.332646
1 0.533309 0.286305 0.256645 0.332472
1 0.533409 0.287962 0.257667 0.331506
1 0.533099 0.286165 0.257973 0.333642
1 0.533223 0.285696 0.256110 0.332798
1 0.531493 0.285938 0.253853 0.331089
1 0.533976 0.286876 0.255221 0.329696
1 0.533119 0.285750 0.258358 0.333380
1 0.534205 0.286891 0.256226 0.334418
1 0.533655 0.284862 0.254613 0.332784
1 0.531181 0.285363 0.257761 0.331134
1 0.534269 0.286399 0.259128 0.332527
1 0.532605 0.284663 0.258948 0.330635
1 0.534112 0.285585 0.259485 0.332383
1 0.532883 0.285782 0.256368 0.334469
1 0.532346 0.286307 0.257947 0.330683
1 0.534652 0.287031 0.256006 0.328456
1 0.531849 0.286418 0.259006 0.333264
1 0.532672 0.285345 0.260612 0.336319
1 0.532962 0.285049 0.258938 0.339377
1 0.531697 0.285757 0.258743 0.336108
1 0.533348 0.287564 0.258636 0.329067
1 0.532787 0.287175 0.265655 0.333154
1 0.533777 0.286346 0.262545 0.333567
1 0.532692 0.285638 0.261885 0.339138
1 0.532295 0.285397 0.261179 0.339028
1 0.535771 0.290189 0.260573 0.332772
1 0.532670 0.291300 0.259166 0.331434
1 0.533499 0.289994 0.258040 0.331654
1 0.535433 0.293510 0.257259 0.328959
1 0.535954 0.287183 0.262398 0.342556
1 0.533396 0.287096 0.262311 0.338680
1 0.532445 0.289252 0.258548 0.342745
1 0.536929 0.291591 0.258537 0.333204
1 0.537239 0.291478 0.256242 0.333046
1 0.534089 0.291140 0.254898 0.325304
1 0.531706 0.289545 0.255704 0.326014
1 0.535015 0.288689 0.258169 0.328284
1 0.534652 0.290133 0.256492 0.333590
1 0.532640 0.288776 0.255894 0.333482
1 0.533141 0.291289 0.253673 0.329093
1 0.532438 0.289446 0.252293 0.329965
1 0.533678 0.289497 0.254634 0.325528
1 0.535698 0.288458 0.259956 0.327813
1 0.533031 0.287738 0.253734 0.336219
1 0.534875 0.290020 0.255760 0.331240
1 0.532978 0.290730 0.257516 0.333780
1 0.531420 0.289051 0.255585 0.326434
1 0.532812 0.289373 0.258899 0.329757
1 0.532291 0.291225 0.257460 0.335327
1 0.531217 0.291700 0.258081 0.336864
1 0.535779 0.289924 0.257220 0.325069