1 0.424300 0.402967 0.285822 0.372166
1 0.428959 0.400625 0.291186 0.374240
1 0.427876 0.400725 0.287645 0.370303
1 0.429218 0.400328 0.291253 0.363218
1 0.426539 0.402528 0.288125 0.373567
1 0.430146 0.400928 0.290462 0.380299
1 0.425922 0.403722 0.291791 0.383256
1 0.428670 0.401502 0.290809 0.388298
1 0.431261 0.401801 0.289920 0.384299
1 0.426648 0.405668 0.292134 0.380250
1 0.429063 0.403351 0.285006 0.385158
1 0.426250 0.405627 0.291418 0.377106
1 0.428315 0.405265 0.287382 0.378893
1 0.430518 0.404198 0.288790 0.380630
1 0.436802 0.399113 0.304634 0.389421
1 0.431636 0.401089 0.301622 0.380509
1 0.432270 0.402564 0.305905 0.381055
1 0.432133 0.397385 0.300905 0.393330
1 0.435227 0.403397 0.304783 0.384878
1 0.433988 0.404687 0.303272 0.384106
1 0.435926 0.405900 0.307122 0.377102
1 0.434858 0.404743 0.305761 0.381108
1 0.432588 0.404866 0.304666 0.393586
1 0.433711 0.405789 0.311273 0.382609
1 0.435704 0.405568 0.307408 0.382990
1 0.436536 0.404266 0.307269 0.385460
1 0.433054 0.405290 0.305100 0.382041
1 0.435083 0.404135 0.308060 0.388790
1 0.424733 0.408198 0.291885 0.380221
1 0.430487 0.404485 0.306867 0.384400
1 0.432757 0.406661 0.307554 0.378510
1 0.434539 0.405767 0.308096 0.387790
1 0.433510 0.404812 0.310082 0.392012
1 0.433317 0.404735 0.307498 0.386710
1 0.432908 0.403470 0.313213 0.392553
1 0.432278 0.405398 0.305790 0.380001
1 0.435111 0.404481 0.309820 0.382705
1 0.434845 0.406087 0.305089 0.387593
1 0.432893 0.406288 0.305332 0.381482
1 0.432755 0.409583 0.303273 0.383427
1 0.436390 0.408867 0.306653 0.385255
1 0.436295 0.409465 0.308619 0.384276
1 0.434575 0.408194 0.307620 0.390769
1 0.438923 0.413808 0.309812 0.387046