1 0.464468 0.337438 0.306713 0.468793
1 0.465350 0.338673 0.302835 0.464828
1 0.460330 0.336445 0.305261 0.441693
1 0.462880 0.341204 0.305319 0.428610
1 0.462135 0.338958 0.302736 0.430951
1 0.460561 0.338764 0.298790 0.439336
1 0.458716 0.339037 0.303794 0.435829
1 0.460841 0.338191 0.306979 0.432723
1 0.461646 0.338682 0.308349 0.427791
1 0.461939 0.337421 0.303274 0.424660
1 0.460308 0.337616 0.303214 0.439863
1 0.465217 0.342862 0.309540 0.425572
1 0.459206 0.340962 0.308058 0.433523
1 0.461921 0.338355 0.304719 0.434458
1 0.460316 0.337643 0.310413 0.435158
1 0.460526 0.335997 0.307649 0.441055
1 0.458602 0.336949 0.313555 0.437513
1 0.463537 0.346322 0.307626 0.417585
1 0.457922 0.339354 0.307604 0.425839
1 0.458475 0.342634 0.306690 0.430993
1 0.458027 0.340956 0.311464 0.437235
1 0.459384 0.338394 0.308274 0.435418
1 0.459732 0.338225 0.312466 0.438651
1 0.458543 0.339796 0.309828 0.425162
1 0.460431 0.338707 0.314017 0.436568
1 0.459929 0.340707 0.313375 0.431338
1 0.459341 0.339091 0.313261 0.429478
1 0.460620 0.340951 0.314317 0.439113
1 0.459799 0.347670 0.318275 0.419744
1 0.460551 0.339414 0.314734 0.431100
1 0.461115 0.339319 0.316737 0.436717
1 0.459394 0.342864 0.313780 0.438541