1 0.744807 0.113341 0.081500 0.115525
1 0.744523 0.112556 0.082124 0.116403
1 0.240356 0.134472 0.084499 0.112921
1 0.241557 0.137966 0.082188 0.108170
1 0.240671 0.137343 0.082043 0.110052
1 0.744213 0.114171 0.082271 0.114470
1 0.744690 0.112666 0.082417 0.114175
1 0.744855 0.112367 0.082744 0.114710
1 0.241739 0.137751 0.084860 0.107571
1 0.241731 0.137167 0.084795 0.106643
1 0.241304 0.137311 0.083173 0.107280
1 0.744515 0.112834 0.081750 0.115010
1 0.744459 0.112417 0.082288 0.114355
1 0.240537 0.138001 0.084142 0.106722
1 0.241614 0.137251 0.083553 0.108560
1 0.241080 0.136835 0.081610 0.107711