1 0.756532 0.440355 0.322813 0.469451
1 0.757461 0.443260 0.323443 0.471290
1 0.754080 0.445155 0.324322 0.474320
1 0.762870 0.452579 0.320859 0.465738
1 0.759430 0.452214 0.322086 0.474768
1 0.763713 0.446040 0.323078 0.471318
1 0.754919 0.441975 0.327445 0.477271
1 0.761601 0.448363 0.322091 0.456621
1 0.767800 0.445169 0.317132 0.458802
1 0.767508 0.444604 0.320442 0.462302
1 0.764776 0.439073 0.321362 0.453626
1 0.761341 0.438429 0.318068 0.453010
1 0.759207 0.447243 0.324005 0.466369
1 0.765318 0.441836 0.322104 0.450231
1 0.764292 0.444761 0.314566 0.463188
1 0.761107 0.438853 0.320688 0.462150
1 0.762233 0.444678 0.325885 0.451210
1 0.761931 0.441209 0.320659 0.453457
1 0.765580 0.439802 0.311632 0.445608
1 0.761687 0.448806 0.328425 0.461385
1 0.765770 0.439537 0.316673 0.457031
1 0.763078 0.440197 0.318281 0.455021
1 0.760137 0.440680 0.321422 0.460533
1 0.762782 0.439520 0.319401 0.452964
1 0.763265 0.441210 0.330123 0.453363
1 0.764275 0.441128 0.320333 0.458472
1 0.763055 0.436215 0.319693 0.458951
1 0.762714 0.437909 0.320317 0.455985
1 0.763213 0.433337 0.318377 0.457617
1 0.770876 0.436261 0.322051 0.459413
1 0.761275 0.434770 0.323634 0.471884
1 0.760670 0.434424 0.323817 0.464952
1 0.767585 0.436088 0.318339 0.465147