1 0.400915 0.178139 0.068894 0.094051
1 0.401612 0.180340 0.069954 0.090699
1 0.401614 0.180217 0.070017 0.092525
1 0.401393 0.179900 0.071494 0.090499
1 0.401525 0.179888 0.069212 0.091734
1 0.400599 0.180006 0.069183 0.090540
1 0.401074 0.179804 0.068060 0.092780
1 0.401957 0.178854 0.071926 0.098518
1 0.401827 0.178744 0.071427 0.100221
1 0.401542 0.179049 0.072474 0.098581
1 0.402186 0.178847 0.071175 0.098562
1 0.403039 0.179434 0.073265 0.097776
1 0.401036 0.179235 0.071069 0.097135
1 0.402237 0.179381 0.072126 0.097933