1 0.595305 0.130061 0.064154 0.092422
1 0.594542 0.131701 0.064339 0.088301
1 0.594516 0.131678 0.064908 0.089352
1 0.595059 0.132042 0.064115 0.088204
1 0.593833 0.131486 0.065346 0.088355
1 0.594554 0.130533 0.065184 0.091955
1 0.595045 0.131446 0.064264 0.089190
1 0.594546 0.131171 0.065663 0.090016
1 0.595036 0.131862 0.065327 0.089497
1 0.594800 0.131639 0.065133 0.092236
1 0.595905 0.130893 0.066225 0.093399
1 0.595831 0.131070 0.065690 0.093676
1 0.595813 0.131889 0.067300 0.093166
1 0.595582 0.131256 0.066103 0.092345
1 0.595829 0.131743 0.066039 0.092149
1 0.596429 0.132709 0.067011 0.094946
1 0.595882 0.133237 0.065825 0.093261