1 0.584414 0.250319 0.186150 0.270309
1 0.586240 0.254187 0.188106 0.267757
1 0.586261 0.258110 0.184437 0.258022
1 0.585555 0.259442 0.184445 0.256658
1 0.585320 0.259350 0.185500 0.255199
1 0.586882 0.257831 0.183807 0.256400
1 0.586052 0.259805 0.186678 0.257081
1 0.586345 0.259855 0.185944 0.255700
1 0.586681 0.259441 0.187947 0.255633
1 0.585586 0.259934 0.187913 0.252390
1 0.582817 0.258461 0.189015 0.254118
1 0.585833 0.260050 0.186261 0.254383
1 0.585053 0.260102 0.184050 0.254766
1 0.584714 0.261398 0.187278 0.259065
1 0.586682 0.261643 0.186858 0.254582
1 0.585817 0.261664 0.185708 0.254801
1 0.587045 0.260958 0.193520 0.256087
1 0.583322 0.261323 0.187154 0.251966
1 0.584625 0.260025 0.185904 0.254060
1 0.585439 0.261627 0.182174 0.255380
1 0.584891 0.261467 0.186309 0.257534
1 0.586247 0.261216 0.187040 0.251764
1 0.586421 0.261041 0.188729 0.260031
1 0.587277 0.262922 0.190325 0.252399
1 0.583171 0.262979 0.188232 0.253621
1 0.584882 0.261113 0.188008 0.255915
1 0.584843 0.261266 0.183889 0.255115
1 0.584563 0.260877 0.186788 0.254039
1 0.585184 0.261267 0.187366 0.251641
1 0.585193 0.261466 0.189953 0.263442
1 0.588926 0.265576 0.194751 0.252735
1 0.585429 0.260466 0.186575 0.251914
1 0.584788 0.261877 0.185653 0.255672
1 0.584423 0.260515 0.187304 0.255308
1 0.585740 0.262277 0.191520 0.254270
1 0.585832 0.262423 0.188864 0.258502
1 0.584430 0.261997 0.187816 0.253330
1 0.585624 0.260719 0.188965 0.255430
1 0.585271 0.261588 0.191094 0.253408
1 0.584817 0.265673 0.193018 0.251044