1 0.626435 0.347036 0.333277 0.475157
1 0.627823 0.356691 0.323248 0.474901
1 0.621762 0.355923 0.322086 0.483447
1 0.629435 0.355989 0.322639 0.481370
1 0.630815 0.345117 0.322222 0.487218
1 0.619359 0.357168 0.330100 0.490566
1 0.624553 0.357575 0.324381 0.487183
1 0.623895 0.355960 0.323531 0.488189
1 0.627408 0.358182 0.321005 0.487437
1 0.627466 0.353781 0.327060 0.502164
1 0.617933 0.358547 0.329464 0.477588
1 0.621077 0.358809 0.327753 0.487439
1 0.622417 0.356934 0.320550 0.488808
1 0.626016 0.358591 0.317297 0.481058
1 0.624973 0.358090 0.319440 0.479361
1 0.622100 0.354165 0.318268 0.486278
1 0.626646 0.353312 0.325753 0.481416
1 0.619933 0.362306 0.328838 0.468225
1 0.620914 0.355870 0.322171 0.482106
1 0.621976 0.362549 0.321059 0.485429
1 0.626731 0.360103 0.316154 0.479744
1 0.623824 0.355960 0.321216 0.482962
1 0.623242 0.354997 0.323506 0.488252
1 0.626142 0.357315 0.327749 0.481512
1 0.618687 0.359127 0.323445 0.479282
1 0.622439 0.361348 0.321380 0.480030
1 0.628280 0.358152 0.316769 0.475542
1 0.624782 0.356761 0.322846 0.479348
1 0.623373 0.354482 0.328395 0.485358
1 0.615106 0.362170 0.325122 0.465416
1 0.621730 0.359117 0.323525 0.481169
1 0.620095 0.357755 0.327202 0.468998
1 0.622681 0.355732 0.325428 0.476926
1 0.623385 0.361910 0.324894 0.478054
1 0.615562 0.366245 0.331394 0.460450
1 0.618587 0.358110 0.331850 0.467966
1 0.624456 0.363745 0.324840 0.467714