1 0.231954 0.276053 0.063128 0.080439
1 0.231745 0.274940 0.062742 0.083740
1 0.706968 0.278927 0.037744 0.080636
1 0.231164 0.277548 0.062222 0.079025
1 0.231879 0.277031 0.062968 0.080592
1 0.232316 0.277589 0.061555 0.079288
1 0.704981 0.279954 0.032896 0.074197
1 0.706847 0.280095 0.032846 0.071014
1 0.709039 0.279613 0.034864 0.074063
1 0.231054 0.277614 0.062375 0.079234
1 0.232090 0.277707 0.062994 0.080041
1 0.232008 0.277668 0.062765 0.080792
1 0.705158 0.280887 0.032025 0.072917
1 0.706101 0.280838 0.032976 0.071617
1 0.708635 0.280118 0.032375 0.072087
1 0.231562 0.277953 0.063121 0.077652
1 0.231453 0.277090 0.063135 0.080551
1 0.232211 0.277713 0.062450 0.079953
1 0.704952 0.281627 0.031692 0.068750
1 0.706347 0.280896 0.033472 0.068569
1 0.709203 0.280229 0.034138 0.071022
1 0.500738 0.175132 0.093506 0.127547
1 0.501214 0.176182 0.093191 0.126014
1 0.499647 0.175054 0.093441 0.124630
1 0.500889 0.175456 0.092685 0.125045
1 0.501292 0.175705 0.092710 0.123011
1 0.501267 0.175635 0.094881 0.125260
1 0.499773 0.177289 0.094170 0.122560
1 0.501151 0.175255 0.092779 0.126845
1 0.501627 0.175928 0.094308 0.125800
1 0.501456 0.176421 0.093371 0.123435
1 0.500946 0.175819 0.093986 0.126880
1 0.502073 0.175986 0.094711 0.124857
1 0.231525 0.277009 0.063492 0.081009
1 0.231240 0.276508 0.062710 0.080556
1 0.231435 0.276584 0.063477 0.080362
1 0.231743 0.276737 0.063394 0.080980