1 0.587040 0.237443 0.189714 0.274931
1 0.588616 0.237740 0.186513 0.262205
1 0.587874 0.238622 0.186124 0.259975
1 0.587175 0.237618 0.185482 0.259366
1 0.587241 0.235657 0.189269 0.262710
1 0.588470 0.235921 0.186118 0.258320
1 0.588594 0.235909 0.186301 0.261822
1 0.588330 0.236696 0.186015 0.263626
1 0.586588 0.236258 0.184745 0.264516
1 0.585798 0.235845 0.192132 0.258924
1 0.587490 0.236511 0.191141 0.260086
1 0.588241 0.236141 0.188862 0.262615
1 0.588406 0.235884 0.187076 0.266215
1 0.586959 0.236967 0.187411 0.262399
1 0.586032 0.236393 0.186266 0.265063
1 0.589142 0.236959 0.193233 0.264360
1 0.586676 0.237827 0.191296 0.255909
1 0.588362 0.238013 0.189002 0.258698
1 0.588685 0.236809 0.188698 0.258859
1 0.587337 0.237485 0.189625 0.263226
1 0.586777 0.236655 0.189461 0.261424
1 0.585392 0.235719 0.189557 0.267284
1 0.588450 0.238216 0.190693 0.261219
1 0.586264 0.240049 0.193140 0.254590
1 0.587281 0.237432 0.188049 0.260253
1 0.587527 0.236408 0.190968 0.261501
1 0.586733 0.235944 0.189173 0.259870
1 0.586833 0.236631 0.188792 0.257996
1 0.586001 0.236719 0.189538 0.263613
1 0.588277 0.239154 0.191488 0.259400
1 0.586847 0.237371 0.193356 0.263245
1 0.587190 0.237072 0.190687 0.264628
1 0.587147 0.235301 0.192195 0.261180
1 0.586451 0.237954 0.193510 0.262444
1 0.586004 0.238573 0.189823 0.262249
1 0.587333 0.237659 0.192166 0.259955
1 0.587655 0.237386 0.193084 0.260394
1 0.586578 0.237877 0.194563 0.260916
1 0.586750 0.242239 0.193466 0.255678