1 0.616229 0.370630 0.323013 0.436404
1 0.614784 0.373050 0.322564 0.435104
1 0.620599 0.371188 0.318046 0.446524
1 0.613383 0.369062 0.318420 0.429130
1 0.618790 0.370716 0.316755 0.413320
1 0.619619 0.367143 0.319450 0.422663
1 0.618848 0.366639 0.316779 0.427708
1 0.618499 0.363075 0.319931 0.434025
1 0.611105 0.371140 0.323427 0.435160
1 0.620134 0.369807 0.313858 0.419997
1 0.615620 0.368427 0.316849 0.420331
1 0.618519 0.367961 0.320320 0.425167
1 0.616363 0.369306 0.317425 0.420171
1 0.617472 0.365737 0.318739 0.422505
1 0.614522 0.371946 0.320117 0.430521
1 0.620100 0.368749 0.312079 0.421407
1 0.615839 0.368988 0.316623 0.425599
1 0.618225 0.369008 0.320054 0.422475
1 0.616903 0.367539 0.321051 0.417619
1 0.619242 0.366029 0.320534 0.412189
1 0.621465 0.364952 0.319668 0.418733
1 0.611637 0.374638 0.328354 0.429250
1 0.619610 0.368016 0.317807 0.419282
1 0.615812 0.368499 0.317324 0.414091
1 0.617888 0.366307 0.323344 0.422368
1 0.615988 0.366281 0.324812 0.421881
1 0.621128 0.366269 0.324226 0.422106
1 0.613286 0.369925 0.323830 0.419946
1 0.616939 0.367699 0.322245 0.421383
1 0.614271 0.366216 0.323534 0.413293
1 0.619704 0.364469 0.325043 0.426690
1 0.613313 0.368956 0.331091 0.424811
1 0.612143 0.364309 0.339460 0.425443