1 0.421331 0.344308 0.339205 0.472467
1 0.423603 0.350169 0.342392 0.480771
1 0.427211 0.343759 0.340461 0.479040
1 0.420132 0.345337 0.340902 0.479167
1 0.423587 0.354910 0.340128 0.467107
1 0.421527 0.353282 0.343114 0.476949
1 0.427024 0.350198 0.344177 0.468818
1 0.427848 0.343359 0.339405 0.480568
1 0.424462 0.345666 0.343300 0.464234
1 0.426679 0.342105 0.346948 0.449199
1 0.424614 0.338299 0.344618 0.451889
1 0.426696 0.337684 0.340725 0.443446
1 0.427269 0.338870 0.336244 0.447696
1 0.433137 0.330949 0.334999 0.453153
1 0.421411 0.350282 0.343158 0.456563
1 0.427093 0.342991 0.344996 0.465416
1 0.424854 0.342924 0.341564 0.459285
1 0.426655 0.341723 0.345643 0.462498
1 0.426509 0.343414 0.345942 0.451879
1 0.425890 0.339733 0.342840 0.457192
1 0.427522 0.341084 0.341449 0.454869
1 0.421655 0.348406 0.345915 0.456172
1 0.426586 0.341330 0.348257 0.463328
1 0.425261 0.345291 0.343949 0.453767
1 0.421394 0.343173 0.343618 0.454552
1 0.422746 0.338253 0.341845 0.461069
1 0.429207 0.337593 0.348241 0.461416
1 0.429398 0.342286 0.338232 0.452076
1 0.425625 0.343500 0.350209 0.456549
1 0.424961 0.339817 0.344136 0.459530
1 0.424548 0.339390 0.345316 0.460664
1 0.425049 0.338932 0.347022 0.459652
1 0.427993 0.339863 0.347960 0.457985
1 0.424068 0.339651 0.345700 0.455815
1 0.423089 0.341466 0.346857 0.456605
1 0.426085 0.342451 0.338048 0.458149
1 0.424150 0.346002 0.349507 0.452705