1 0.470264 0.217964 0.239642 0.341072
1 0.473319 0.216969 0.239165 0.343178
1 0.470267 0.219437 0.240179 0.333539
1 0.471090 0.219923 0.241448 0.333985
1 0.470259 0.220809 0.244460 0.335515
1 0.473793 0.219580 0.244245 0.343006
1 0.470007 0.219760 0.237423 0.336762
1 0.472323 0.222037 0.238536 0.332901
1 0.471077 0.220274 0.240631 0.335443
1 0.471545 0.221455 0.244577 0.335284
1 0.471203 0.222017 0.242583 0.335980
1 0.471021 0.222779 0.240263 0.333311
1 0.472169 0.223311 0.241511 0.337124
1 0.472337 0.220133 0.241841 0.335975
1 0.472295 0.221452 0.243932 0.336242
1 0.471688 0.221056 0.242220 0.338916
1 0.470095 0.223317 0.240884 0.333728
1 0.471156 0.222489 0.239348 0.340253
1 0.472299 0.221261 0.243322 0.339374
1 0.471600 0.220772 0.243675 0.337527
1 0.471850 0.220878 0.244920 0.340393
1 0.470740 0.222341 0.243501 0.332434
1 0.471576 0.221739 0.242681 0.335572
1 0.472407 0.221578 0.241992 0.339630
1 0.471305 0.220914 0.245183 0.338124
1 0.472054 0.221598 0.246223 0.336687
1 0.471034 0.222756 0.242854 0.331315
1 0.471919 0.221547 0.241432 0.340009
1 0.474391 0.220773 0.244989 0.336632
1 0.471776 0.220665 0.244759 0.339284
1 0.473009 0.222200 0.245302 0.339024
1 0.468972 0.223864 0.240603 0.332183
1 0.471443 0.220657 0.245196 0.342632
1 0.473408 0.221657 0.245434 0.338104
1 0.472272 0.221661 0.243847 0.339213
1 0.472765 0.222086 0.245270 0.341321
1 0.470529 0.222747 0.248540 0.342872
1 0.472421 0.221737 0.245908 0.342240
1 0.472368 0.222443 0.246703 0.342115
1 0.475295 0.225086 0.249958 0.342030
1 0.478869 0.223769 0.245955 0.343591
1 0.474263 0.220362 0.244312 0.339563
1 0.470925 0.223997 0.244658 0.337895
1 0.473614 0.226258 0.244330 0.342070
1 0.475002 0.222748 0.245349 0.335098
1 0.473060 0.225544 0.247398 0.337738
1 0.471803 0.225993 0.244337 0.339416
1 0.473816 0.221686 0.246389 0.339408
1 0.474221 0.224871 0.247350 0.340377
1 0.473289 0.224555 0.246485 0.338344
1 0.474265 0.223324 0.246352 0.334862
1 0.472991 0.222673 0.243333 0.338844
1 0.472334 0.221887 0.245443 0.339112
1 0.474595 0.223926 0.243643 0.333942
1 0.475511 0.222030 0.245527 0.335404
1 0.473253 0.222219 0.242912 0.330523
1 0.472765 0.221446 0.244919 0.337786
1 0.469058 0.223017 0.242674 0.337153
1 0.475306 0.223363 0.249533 0.338179
1 0.475120 0.224124 0.250482 0.338458
1 0.475545 0.225406 0.245481 0.338792