1 0.611256 0.318926 0.264550 0.357816
1 0.610311 0.318413 0.265085 0.356860
1 0.607970 0.318844 0.264548 0.354129
1 0.608114 0.320047 0.263366 0.353312
1 0.610927 0.319231 0.263564 0.353564
1 0.609276 0.317797 0.265773 0.354994
1 0.608474 0.318990 0.265871 0.350670
1 0.610404 0.319059 0.263666 0.347036
1 0.608996 0.321952 0.265552 0.354650
1 0.610179 0.319934 0.262015 0.354628
1 0.609545 0.318263 0.262672 0.350222
1 0.608984 0.318456 0.264772 0.346572
1 0.610427 0.319035 0.265570 0.344481
1 0.608921 0.320157 0.265798 0.350742
1 0.610809 0.317725 0.261300 0.354924
1 0.608985 0.316724 0.262653 0.356191
1 0.607660 0.315954 0.263592 0.350332
1 0.610764 0.317329 0.264178 0.344140
1 0.608060 0.317499 0.266924 0.351575
1 0.611167 0.316540 0.263102 0.353971
1 0.608611 0.318288 0.263998 0.354994
1 0.608658 0.317631 0.264526 0.349810
1 0.610943 0.317915 0.261730 0.338799
1 0.607893 0.318486 0.262624 0.355200
1 0.607583 0.317014 0.262084 0.359425
1 0.607758 0.315721 0.264692 0.361882
1 0.608181 0.314294 0.260310 0.354476
1 0.610706 0.316886 0.259901 0.339543
1 0.606548 0.317431 0.266071 0.358366
1 0.607736 0.316339 0.262863 0.354517
1 0.608961 0.315985 0.263897 0.357689
1 0.609412 0.315583 0.259308 0.357798
1 0.611328 0.317497 0.260530 0.346805
1 0.607681 0.318241 0.265070 0.360236
1 0.609621 0.318494 0.262418 0.354923
1 0.610549 0.319997 0.261467 0.351505
1 0.611936 0.320989 0.267374 0.357353
1 0.613512 0.324078 0.273420 0.350922
1 0.613039 0.324097 0.267533 0.348915
1 0.608647 0.322109 0.273006 0.353226
1 0.611704 0.318947 0.274150 0.359019
1 0.610571 0.327760 0.267431 0.351859
1 0.610469 0.321833 0.268101 0.347925
1 0.612421 0.321447 0.265768 0.353191
1 0.611797 0.320154 0.268985 0.349246
1 0.613762 0.319336 0.270086 0.345273
1 0.611437 0.324166 0.274265 0.357599
1 0.608572 0.319120 0.269643 0.353817
1 0.608432 0.319523 0.269311 0.356917
1 0.610852 0.322925 0.268668 0.352268
1 0.608078 0.322097 0.263240 0.348085
1 0.610954 0.320347 0.266362 0.348960
1 0.609812 0.321609 0.265981 0.348796
1 0.610450 0.318585 0.266441 0.352092
1 0.611374 0.322040 0.265450 0.352876
1 0.610091 0.321595 0.269142 0.348851
1 0.613006 0.321984 0.268234 0.354775
1 0.602505 0.327342 0.271990 0.345624
1 0.608608 0.325276 0.271629 0.355647
1 0.608191 0.326136 0.264139 0.357229
1 0.611904 0.323955 0.263409 0.351870