1 0.526033 0.264451 0.107694 0.151817
1 0.526026 0.266560 0.107817 0.154872
1 0.525727 0.264691 0.107726 0.151424
1 0.525518 0.266776 0.107715 0.151715
1 0.525641 0.264312 0.108114 0.152383
1 0.526090 0.264771 0.109112 0.152659
1 0.525692 0.264145 0.109707 0.151746
1 0.526039 0.265193 0.107713 0.154153
1 0.526511 0.265469 0.108896 0.153319
1 0.526658 0.265599 0.109410 0.153525
1 0.525759 0.265745 0.108298 0.153486
1 0.528467 0.266826 0.112066 0.148222
1 0.526235 0.265726 0.108854 0.155776
1 0.526431 0.265698 0.110547 0.153440
1 0.525149 0.264694 0.108474 0.153800
1 0.526467 0.265222 0.108998 0.150551
1 0.525871 0.264425 0.109806 0.152699
1 0.526621 0.265346 0.109495 0.151672
1 0.525972 0.265217 0.108673 0.153563
1 0.524714 0.264421 0.108738 0.152936
1 0.526139 0.264506 0.109084 0.152657