1 0.377499 0.352491 0.265724 0.387171
1 0.379768 0.351770 0.261781 0.385397
1 0.382568 0.350547 0.268491 0.393380
1 0.374067 0.354905 0.263286 0.373276
1 0.378719 0.351962 0.275787 0.376654
1 0.377922 0.351334 0.271681 0.371496
1 0.380366 0.351201 0.272527 0.371757
1 0.375673 0.355563 0.267454 0.376490
1 0.377533 0.351702 0.278661 0.389425
1 0.380217 0.351131 0.277933 0.387283
1 0.381951 0.353934 0.277753 0.377494
1 0.375879 0.357946 0.269480 0.384648
1 0.379533 0.352616 0.278357 0.400327
1 0.381341 0.351278 0.279908 0.396852
1 0.381322 0.354059 0.278970 0.390787
1 0.378112 0.357502 0.269292 0.381926
1 0.380256 0.354161 0.272424 0.395136
1 0.382370 0.351956 0.276022 0.393749
1 0.379860 0.354016 0.272145 0.393346
1 0.383454 0.353614 0.274369 0.392537
1 0.381675 0.353083 0.277033 0.387563
1 0.381289 0.355275 0.275257 0.388190
1 0.382340 0.354111 0.274812 0.382047
1 0.381174 0.354444 0.269215 0.384711
1 0.381586 0.354997 0.273533 0.380849
1 0.387899 0.345551 0.281247 0.397967
1 0.386175 0.344494 0.280155 0.384812
1 0.384302 0.345537 0.276522 0.386531
1 0.382137 0.349410 0.274956 0.401173
1 0.384495 0.352644 0.280647 0.389237
1 0.386901 0.354135 0.277896 0.391584
1 0.385793 0.352041 0.281782 0.389303
1 0.386011 0.350987 0.284558 0.398739
1 0.382322 0.354703 0.278296 0.391572
1 0.383651 0.355133 0.285882 0.388379
1 0.385705 0.354114 0.284700 0.391162
1 0.387349 0.350609 0.287546 0.393832
1 0.383078 0.350541 0.284256 0.393497
1 0.389378 0.347249 0.283382 0.396276
1 0.378172 0.354557 0.281036 0.382869
1 0.381775 0.352196 0.282033 0.386075
1 0.383078 0.352374 0.287563 0.397393
1 0.384279 0.351151 0.287201 0.399180
1 0.382906 0.350000 0.285243 0.396515
1 0.389820 0.350443 0.289226 0.399794
1 0.380541 0.350769 0.277422 0.383220
1 0.381825 0.346707 0.283099 0.390529
1 0.383079 0.350275 0.283770 0.393285
1 0.382406 0.346474 0.283895 0.395698
1 0.383453 0.352729 0.287486 0.395633
1 0.383632 0.352155 0.281165 0.396194
1 0.385191 0.353410 0.287242 0.395989
1 0.385619 0.351711 0.285521 0.400690