1 0.515104 0.303345 0.264992 0.396776
1 0.515507 0.303534 0.263446 0.388594
1 0.513756 0.303952 0.263710 0.384052
1 0.516171 0.305910 0.265684 0.385735
1 0.514451 0.303754 0.268670 0.388262
1 0.513032 0.305821 0.264953 0.382239
1 0.515428 0.303897 0.265743 0.374515
1 0.515719 0.304299 0.265802 0.384904
1 0.513354 0.302555 0.266956 0.389251
1 0.513558 0.303637 0.264997 0.389381
1 0.514163 0.302798 0.264969 0.385540
1 0.513440 0.301335 0.264496 0.387753
1 0.513719 0.301319 0.266617 0.392633
1 0.512926 0.302209 0.262291 0.390585
1 0.513255 0.301146 0.261291 0.394742
1 0.512302 0.300754 0.263391 0.392012
1 0.511985 0.301474 0.265650 0.391177
1 0.512362 0.300680 0.265863 0.392864
1 0.511625 0.299597 0.262715 0.393361
1 0.511897 0.302143 0.262983 0.392134
1 0.511942 0.300057 0.263948 0.391941
1 0.511850 0.299307 0.260854 0.392858
1 0.512228 0.299942 0.264753 0.396740
1 0.512149 0.299971 0.262278 0.394687
1 0.512249 0.301157 0.263456 0.390422
1 0.516082 0.301247 0.266741 0.399995
1 0.518105 0.302686 0.267289 0.398791
1 0.515234 0.303245 0.265410 0.401763
1 0.516643 0.303669 0.265823 0.391253
1 0.517528 0.302125 0.270880 0.390720
1 0.517211 0.305277 0.270745 0.389335
1 0.515642 0.302122 0.268216 0.391192
1 0.517333 0.302228 0.265191 0.390038
1 0.514313 0.298915 0.267381 0.392137
1 0.514653 0.306482 0.270646 0.387616
1 0.515120 0.302961 0.269474 0.387904
1 0.515785 0.302001 0.270264 0.391270
1 0.514179 0.302174 0.266301 0.391431
1 0.515637 0.301884 0.262511 0.380380
1 0.515309 0.306460 0.266857 0.382981
1 0.513676 0.301910 0.270749 0.385087
1 0.512881 0.303070 0.267507 0.388304
1 0.516273 0.303969 0.268475 0.389193
1 0.514397 0.302281 0.270194 0.391334
1 0.516839 0.300269 0.266845 0.389318
1 0.513654 0.305988 0.266870 0.377853
1 0.512686 0.303276 0.265728 0.390119
1 0.514618 0.304420 0.269161 0.380529
1 0.515565 0.302194 0.272211 0.388546
1 0.515578 0.302968 0.271095 0.394786
1 0.515291 0.308442 0.272261 0.389202
1 0.514660 0.307861 0.269195 0.385411
1 0.516407 0.307321 0.268653 0.389509