1 0.456058 0.387414 0.260464 0.370801
1 0.459529 0.389263 0.260335 0.365672
1 0.460557 0.388142 0.261285 0.368390
1 0.459599 0.387610 0.262098 0.363677
1 0.464804 0.387064 0.260844 0.365258
1 0.457857 0.389084 0.262174 0.364870
1 0.460445 0.386658 0.258986 0.362154
1 0.459575 0.385258 0.264390 0.364920
1 0.459508 0.387165 0.264066 0.359876
1 0.461228 0.387515 0.264045 0.356111
1 0.458595 0.388700 0.259928 0.365779
1 0.459162 0.384825 0.258139 0.372174
1 0.460741 0.384346 0.264209 0.368355
1 0.459313 0.385137 0.264576 0.365426
1 0.461137 0.386729 0.262248 0.364361
1 0.457431 0.387825 0.261066 0.365779
1 0.459149 0.386232 0.260354 0.371783
1 0.460495 0.384290 0.261490 0.369350
1 0.459382 0.384300 0.263198 0.362438
1 0.462480 0.385821 0.262050 0.360648
1 0.456505 0.386823 0.260348 0.366486
1 0.459820 0.385683 0.262176 0.373700
1 0.458376 0.385510 0.261219 0.377415
1 0.458825 0.384065 0.266103 0.372810
1 0.462229 0.384658 0.262404 0.361014
1 0.455656 0.386125 0.254593 0.365616
1 0.458221 0.385158 0.260418 0.372827
1 0.458253 0.383034 0.263848 0.376652
1 0.458786 0.382225 0.264310 0.369082
1 0.462237 0.384861 0.262169 0.360130
1 0.454778 0.386855 0.258546 0.372949
1 0.458879 0.383354 0.264198 0.378068
1 0.457726 0.382865 0.264604 0.378614
1 0.459196 0.382229 0.265324 0.374776
1 0.463808 0.384426 0.265578 0.366043
1 0.458385 0.385491 0.261953 0.380359
1 0.458994 0.384938 0.261738 0.376302
1 0.460874 0.387981 0.262037 0.366099
1 0.464360 0.390710 0.270279 0.371289
1 0.463712 0.389968 0.265498 0.373662
1 0.460900 0.387188 0.269573 0.376665
1 0.460239 0.389931 0.261839 0.372287
1 0.463199 0.389318 0.264535 0.365310
1 0.463383 0.390370 0.262646 0.362872
1 0.461050 0.386292 0.264058 0.366246
1 0.461843 0.385066 0.266440 0.369049
1 0.459608 0.389153 0.265909 0.371836
1 0.457804 0.390503 0.265470 0.372072
1 0.457669 0.389131 0.267894 0.368593
1 0.461400 0.389424 0.263887 0.367020
1 0.462535 0.387143 0.264670 0.368389
1 0.459910 0.385142 0.269508 0.366004
1 0.459389 0.391855 0.271126 0.367539
1 0.457913 0.386706 0.260292 0.370448
1 0.460686 0.387603 0.264145 0.371734
1 0.460796 0.388681 0.268336 0.374314
1 0.458397 0.385381 0.268124 0.368919
1 0.459773 0.384311 0.268353 0.369893
1 0.456797 0.385416 0.261512 0.372665
1 0.457550 0.387363 0.266393 0.378228
1 0.460276 0.388217 0.259606 0.371807
1 0.461177 0.387382 0.260916 0.371553