1 0.607195 0.479035 0.533704 0.685696
1 0.609336 0.486343 0.532695 0.692064
1 0.615686 0.485092 0.526414 0.698020
1 0.615842 0.487796 0.542402 0.705799
1 0.614047 0.486640 0.530570 0.706868
1 0.619539 0.489915 0.527600 0.706441
1 0.613491 0.485244 0.530846 0.707218
1 0.610985 0.484748 0.530216 0.678656
1 0.609822 0.483110 0.520848 0.688255
1 0.610281 0.474686 0.528710 0.682648
1 0.613205 0.488843 0.527086 0.690537
1 0.614350 0.481127 0.524159 0.688240
1 0.613349 0.488470 0.526522 0.689280
1 0.613248 0.483157 0.528659 0.682700
1 0.614098 0.490740 0.540051 0.695935
1 0.615363 0.484602 0.519988 0.692801
1 0.615823 0.491434 0.528520 0.702682
1 0.620915 0.488837 0.522318 0.706576
1 0.616555 0.487850 0.524306 0.709311
1 0.623191 0.484492 0.524595 0.712274
1 0.610481 0.478427 0.524184 0.670160
1 0.620708 0.489138 0.542010 0.681676
1 0.613345 0.490152 0.525782 0.674920
1 0.617243 0.484994 0.532940 0.663597
1 0.619045 0.493594 0.527073 0.672426
1 0.615298 0.482934 0.526577 0.675921
1 0.614083 0.489119 0.528672 0.677740
1 0.615704 0.481700 0.530554 0.682083
1 0.617451 0.487840 0.537004 0.689200
1 0.619660 0.480348 0.521943 0.685314
1 0.623174 0.485084 0.525502 0.687939
1 0.621384 0.482142 0.514735 0.675979
1 0.619449 0.483698 0.522090 0.690289
1 0.618124 0.481861 0.516133 0.694533
1 0.618408 0.483649 0.520461 0.705921
1 0.612329 0.480312 0.533434 0.683650
1 0.620029 0.481545 0.544790 0.684691
1 0.618596 0.484692 0.532934 0.678600
1 0.618385 0.484526 0.536567 0.672151
1 0.617878 0.493149 0.527285 0.677242
1 0.617196 0.482309 0.532132 0.685499
1 0.614898 0.491243 0.531174 0.682878
1 0.620019 0.481705 0.533800 0.687469
1 0.622623 0.487638 0.534676 0.685586
1 0.620889 0.480066 0.523389 0.691118
1 0.624446 0.485854 0.522649 0.688966
1 0.625524 0.480204 0.515831 0.679863
1 0.623633 0.480549 0.518661 0.694280
1 0.619485 0.480369 0.519545 0.702650
1 0.620258 0.482787 0.531480 0.695448
1 0.621214 0.484698 0.524889 0.703612
1 0.612517 0.484344 0.530919 0.684255
1 0.617334 0.481124 0.547088 0.682270
1 0.622096 0.478585 0.547383 0.691896
1 0.618388 0.477186 0.539892 0.680156
1 0.616524 0.481759 0.531216 0.683838
1 0.617677 0.478368 0.530567 0.683966
1 0.616026 0.482437 0.533047 0.690904
1 0.620243 0.474667 0.528864 0.685343
1 0.622975 0.474556 0.533569 0.694393
1 0.622466 0.474978 0.526861 0.700000
1 0.625585 0.475676 0.525872 0.701372
1 0.627531 0.475029 0.523293 0.687594
1 0.623110 0.474996 0.522119 0.697591
1 0.622865 0.481490 0.522219 0.705853
1 0.622130 0.471708 0.535374 0.694238
1 0.617559 0.481609 0.537449 0.700012
1 0.611361 0.482035 0.527344 0.685558
1 0.611276 0.476274 0.542636 0.686403
1 0.621288 0.472757 0.555530 0.692134
1 0.619454 0.477416 0.539739 0.672025
1 0.617226 0.476049 0.534901 0.685129
1 0.620228 0.475265 0.527217 0.693481
1 0.617972 0.477300 0.528937 0.697921
1 0.620040 0.474551 0.532020 0.696614
1 0.619989 0.474582 0.537314 0.705743
1 0.620288 0.473848 0.528408 0.702762
1 0.621138 0.475245 0.529090 0.707627
1 0.625003 0.474720 0.523894 0.695325
1 0.621197 0.472323 0.520105 0.702344
1 0.624310 0.475610 0.524873 0.705516
1 0.621681 0.471605 0.535900 0.703753
1 0.618734 0.478742 0.541636 0.708060
1 0.607640 0.483111 0.519689 0.680154
1 0.611901 0.477487 0.539606 0.680957
1 0.618841 0.476759 0.552618 0.694827
1 0.617146 0.478392 0.534234 0.677923
1 0.615325 0.475274 0.534906 0.694953
1 0.623386 0.471128 0.532481 0.700318
1 0.625367 0.472995 0.533956 0.709058
1 0.624049 0.471090 0.538661 0.707376
1 0.626518 0.471615 0.535306 0.702850
1 0.620490 0.468185 0.529803 0.700569
1 0.622857 0.466211 0.522937 0.699479
1 0.623249 0.473704 0.533114 0.693535
1 0.623318 0.467947 0.521861 0.694525
1 0.623398 0.467243 0.515640 0.702165
1 0.622624 0.469558 0.529417 0.709285
1 0.629734 0.472134 0.529021 0.714249
1 0.609200 0.488784 0.521144 0.662006
1 0.618363 0.486589 0.539034 0.670570
1 0.616919 0.486940 0.531187 0.662090
1 0.617858 0.480176 0.534023 0.679970
1 0.621710 0.475745 0.535823 0.686755
1 0.624658 0.473399 0.534895 0.689954
1 0.624302 0.472333 0.534927 0.695135
1 0.627252 0.469972 0.535181 0.696888
1 0.623468 0.471346 0.526631 0.691094
1 0.624635 0.468837 0.522220 0.692868
1 0.626759 0.479330 0.533661 0.682940
1 0.623158 0.467983 0.527839 0.694572
1 0.623232 0.468532 0.529760 0.708875
1 0.624114 0.474972 0.532308 0.705802
1 0.621907 0.479132 0.533582 0.677087
1 0.622101 0.474321 0.536614 0.687616
1 0.623195 0.468784 0.539418 0.704022
1 0.623740 0.467578 0.533799 0.706594
1 0.623593 0.470765 0.528898 0.704012
1 0.621980 0.468502 0.543893 0.699094
1 0.631011 0.470941 0.532551 0.691957
1 0.623681 0.484372 0.540686 0.660517
1 0.620175 0.480400 0.544856 0.676096
1 0.625048 0.479502 0.544244 0.680405
1 0.622747 0.478541 0.550504 0.679569
1 0.625621 0.481663 0.549205 0.670364