1 0.039107 0.544499 0.031979 0.051332
1 0.037894 0.546322 0.030900 0.045400
1 0.038725 0.546139 0.029735 0.047399
1 0.155427 0.543288 0.011549 0.015523
1 0.926662 0.559797 0.039610 0.048916
1 0.927495 0.560492 0.038539 0.048004
1 0.038247 0.547871 0.031223 0.043903
1 0.038380 0.547149 0.031532 0.044441
1 0.927020 0.560632 0.039141 0.047384
1 0.927252 0.560542 0.038303 0.046233
1 0.927367 0.560388 0.038754 0.046240
1 0.926679 0.560196 0.039075 0.046556
1 0.926828 0.560180 0.038758 0.046946
1 0.438571 0.262910 0.192600 0.285530
1 0.440459 0.266500 0.189667 0.278127
1 0.441155 0.269177 0.193442 0.273609
1 0.441011 0.268972 0.194181 0.270505
1 0.439922 0.264939 0.193335 0.278545
1 0.441363 0.266042 0.189555 0.275209
1 0.440560 0.266501 0.194504 0.274834
1 0.440261 0.267658 0.193541 0.273453
1 0.438767 0.267114 0.193258 0.272889
1 0.441071 0.266061 0.194217 0.277043
1 0.440609 0.266937 0.192067 0.278189
1 0.440754 0.266983 0.194690 0.277461
1 0.439594 0.268648 0.195954 0.275396
1 0.438749 0.268471 0.195060 0.272651
1 0.441461 0.269842 0.203090 0.271777
1 0.440693 0.266492 0.194655 0.277876
1 0.441798 0.265404 0.193383 0.276840
1 0.440045 0.267390 0.194527 0.277653
1 0.439402 0.268627 0.196029 0.273199
1 0.438399 0.268202 0.197409 0.272128
1 0.441317 0.271240 0.201734 0.266828
1 0.439699 0.265736 0.194970 0.280957
1 0.440411 0.265332 0.194818 0.278834
1 0.438870 0.267019 0.197011 0.275862
1 0.439438 0.269502 0.198189 0.274202
1 0.438705 0.269873 0.195679 0.271730
1 0.441029 0.272461 0.200044 0.265033
1 0.439986 0.266780 0.194895 0.278750
1 0.440328 0.266730 0.194174 0.277021
1 0.438721 0.266709 0.199975 0.275002
1 0.439347 0.268933 0.197895 0.276231
1 0.438154 0.270526 0.197838 0.271798
1 0.439295 0.269367 0.196289 0.276410
1 0.439798 0.267841 0.197910 0.274465
1 0.440421 0.268038 0.197463 0.274803
1 0.438764 0.269649 0.197275 0.276634
1 0.439888 0.272404 0.198285 0.273266
1 0.437600 0.272122 0.198660 0.277658
1 0.438371 0.272300 0.198618 0.272866
1 0.440169 0.273715 0.200041 0.273620