1 0.362118 0.530658 0.427273 0.641674
1 0.364332 0.530725 0.438277 0.652932
1 0.381692 0.519857 0.462814 0.620318
1 0.363448 0.525164 0.432913 0.607463
1 0.375383 0.522402 0.459886 0.624600
1 0.372180 0.526821 0.433105 0.601933
1 0.378330 0.522897 0.448174 0.625666
1 0.368693 0.532145 0.435127 0.615243
1 0.373590 0.528593 0.450808 0.634165
1 0.365551 0.528597 0.442405 0.617718
1 0.368864 0.524737 0.453970 0.631657
1 0.374934 0.515907 0.451220 0.625534
1 0.370257 0.519040 0.448212 0.636906
1 0.380169 0.518364 0.440837 0.651102
1 0.360719 0.522425 0.433789 0.617952
1 0.378749 0.529162 0.448294 0.597145
1 0.370410 0.524669 0.442439 0.590573
1 0.376759 0.524374 0.441675 0.600170
1 0.373759 0.524471 0.437073 0.598214
1 0.375287 0.525732 0.440222 0.615192
1 0.373424 0.525211 0.439404 0.606935
1 0.378919 0.518877 0.444877 0.621264
1 0.367649 0.521732 0.438560 0.610489
1 0.367259 0.513274 0.441689 0.621696
1 0.374027 0.520693 0.449741 0.620887
1 0.368477 0.516101 0.434561 0.619607
1 0.381958 0.521237 0.423305 0.623383
1 0.367685 0.528054 0.444563 0.665071
1 0.367466 0.530972 0.433267 0.608588
1 0.365285 0.525201 0.427938 0.573292
1 0.384116 0.522201 0.440942 0.590487
1 0.373807 0.523109 0.438630 0.589434
1 0.382139 0.523591 0.434603 0.593770
1 0.372368 0.522435 0.437583 0.596729
1 0.374484 0.525864 0.439277 0.612530
1 0.374544 0.521467 0.444240 0.616506
1 0.379081 0.520819 0.441931 0.622878
1 0.368870 0.522096 0.441850 0.620508
1 0.370861 0.516794 0.440268 0.621820
1 0.372195 0.526658 0.447089 0.625028
1 0.366918 0.523171 0.438208 0.627608
1 0.381631 0.524696 0.421712 0.621915
1 0.365642 0.528671 0.448078 0.662965
1 0.373079 0.537551 0.431767 0.617849
1 0.383546 0.531292 0.434305 0.605276
1 0.378231 0.523737 0.433474 0.603215
1 0.385968 0.525793 0.436956 0.607858
1 0.373664 0.519158 0.432805 0.604971
1 0.373728 0.519956 0.436357 0.618118
1 0.375526 0.517721 0.450580 0.612925
1 0.377196 0.519288 0.444981 0.616863
1 0.365911 0.519583 0.445567 0.625558
1 0.367319 0.518387 0.439039 0.617807
1 0.372005 0.523174 0.446213 0.627579
1 0.372091 0.521968 0.440205 0.632761
1 0.382482 0.528869 0.418098 0.633851
1 0.363338 0.532287 0.448350 0.667012
1 0.373171 0.529997 0.430825 0.624097
1 0.379617 0.528195 0.434763 0.614106
1 0.376971 0.524726 0.433639 0.617172
1 0.382997 0.522893 0.438292 0.624143
1 0.375851 0.515722 0.442560 0.615602
1 0.376325 0.513047 0.441124 0.611021
1 0.375793 0.516707 0.450606 0.621089
1 0.378790 0.516247 0.446621 0.617333
1 0.366338 0.518368 0.453390 0.628527
1 0.366709 0.518103 0.444108 0.615557
1 0.373558 0.519420 0.449005 0.641687
1 0.374401 0.517278 0.431907 0.629072
1 0.378234 0.519610 0.426256 0.635847
1 0.361107 0.522317 0.461611 0.663843
1 0.365657 0.532722 0.419614 0.626780
1 0.375975 0.529141 0.434576 0.607148
1 0.376085 0.527562 0.426201 0.609231
1 0.383901 0.523392 0.436576 0.618157
1 0.376452 0.519786 0.445407 0.617057
1 0.379560 0.518850 0.449008 0.608065
1 0.375161 0.516485 0.438227 0.625450
1 0.377957 0.518748 0.443517 0.623440
1 0.372133 0.512200 0.443032 0.635796
1 0.375088 0.512734 0.444137 0.631143
1 0.376314 0.517301 0.449896 0.639450
1 0.376712 0.514606 0.440748 0.641334
1 0.370497 0.516956 0.443755 0.641914
1 0.369942 0.518027 0.465194 0.667796
1 0.370769 0.541514 0.444502 0.618169
1 0.368439 0.536159 0.414819 0.584589
1 0.376011 0.529965 0.453862 0.623104
1 0.372501 0.531582 0.435905 0.605479
1 0.376374 0.530424 0.461551 0.624304
1 0.372530 0.526229 0.427843 0.608228
1 0.374594 0.525523 0.453006 0.629232
1 0.371480 0.527692 0.429167 0.608802
1 0.374205 0.527607 0.449865 0.632199
1 0.382039 0.538032 0.435400 0.593876
1 0.378783 0.531081 0.445254 0.621945
1 0.375075 0.532284 0.454239 0.620433
1 0.366926 0.542282 0.423418 0.595203
1 0.372057 0.535658 0.428563 0.598251
1 0.377925 0.542302 0.432648 0.595157