1 0.734410 0.252221 0.197435 0.270162
1 0.734781 0.254442 0.196375 0.265964
1 0.199948 0.290294 0.240402 0.346062
1 0.199818 0.289377 0.237440 0.345492
1 0.732836 0.251674 0.196316 0.270197
1 0.736476 0.256210 0.193835 0.258283
1 0.734947 0.257476 0.195088 0.259714
1 0.734698 0.257324 0.196167 0.263374
1 0.202263 0.286836 0.238069 0.339258
1 0.202078 0.289252 0.239646 0.338916
1 0.200135 0.289803 0.242435 0.337944
1 0.202784 0.289769 0.240949 0.336352
1 0.734292 0.256363 0.201153 0.262986
1 0.735155 0.256585 0.196686 0.262466
1 0.734968 0.257544 0.198334 0.260822
1 0.735488 0.256503 0.200222 0.260039
1 0.733756 0.256714 0.196854 0.263414
1 0.203314 0.288381 0.235639 0.334188
1 0.201992 0.287754 0.240384 0.336760
1 0.201368 0.289009 0.240950 0.337588
1 0.202325 0.289710 0.240533 0.334684
1 0.204185 0.292344 0.240691 0.328214
1 0.732520 0.255036 0.199123 0.259642
1 0.734622 0.255846 0.198817 0.264196
1 0.734859 0.256888 0.198381 0.260095
1 0.735128 0.256291 0.193688 0.258323
1 0.734794 0.259023 0.198718 0.256071
1 0.734294 0.258489 0.198100 0.260689
1 0.737085 0.259382 0.196855 0.257753
1 0.202815 0.289984 0.238532 0.337724
1 0.202688 0.288478 0.239325 0.341595
1 0.202715 0.288377 0.241215 0.339564
1 0.201555 0.287520 0.239656 0.339548
1 0.203565 0.291691 0.240584 0.330389
1 0.733022 0.255861 0.198326 0.260298
1 0.735164 0.255893 0.200222 0.262662
1 0.735618 0.257275 0.198513 0.255868
1 0.736099 0.258882 0.196171 0.255816
1 0.735277 0.258905 0.196658 0.254906
1 0.734251 0.259072 0.197990 0.256418
1 0.736433 0.262196 0.197986 0.251468
1 0.201978 0.289792 0.238714 0.335773
1 0.203332 0.288807 0.239137 0.339511
1 0.202908 0.288248 0.241268 0.339397
1 0.202943 0.288503 0.242624 0.339561
1 0.205801 0.291580 0.243284 0.332272
1 0.731870 0.257304 0.200064 0.261485
1 0.734794 0.255267 0.197985 0.262040
1 0.735254 0.258128 0.199443 0.256855
1 0.736185 0.258976 0.197928 0.259345
1 0.734888 0.258346 0.199993 0.253527
1 0.735227 0.260458 0.195885 0.255406
1 0.736854 0.263444 0.196847 0.249886
1 0.202568 0.290162 0.239451 0.338895
1 0.204186 0.290385 0.238595 0.337627
1 0.203095 0.290913 0.243392 0.340922
1 0.202219 0.291272 0.243975 0.335075
1 0.205365 0.291732 0.244678 0.328292
1 0.734439 0.257835 0.201141 0.263140
1 0.734369 0.258995 0.198871 0.259044
1 0.733544 0.259218 0.200434 0.262907
1 0.733641 0.260365 0.200525 0.258215
1 0.735009 0.262203 0.197422 0.256020
1 0.202398 0.291625 0.237610 0.339881
1 0.204838 0.290251 0.240767 0.333555
1 0.203428 0.291060 0.241611 0.340913
1 0.203384 0.292299 0.241839 0.338006
1 0.204964 0.294800 0.244692 0.329219
1 0.734386 0.259457 0.201400 0.262090
1 0.734809 0.260836 0.200296 0.260764
1 0.735509 0.262882 0.200130 0.256206
1 0.203480 0.293484 0.244849 0.336520
1 0.202890 0.291494 0.242473 0.335342
1 0.203556 0.291521 0.242745 0.340276
1 0.202917 0.292582 0.242847 0.337987
1 0.206055 0.296442 0.247630 0.329168
1 0.734674 0.263404 0.203071 0.257631
1 0.200221 0.297424 0.237745 0.331903
1 0.202846 0.294431 0.238869 0.335563
1 0.203470 0.295292 0.239962 0.334225
1 0.205536 0.297282 0.244125 0.332507
1 0.205632 0.291818 0.237157 0.343896
1 0.202720 0.289122 0.239586 0.338138
1 0.203827 0.293237 0.238688 0.340529
1 0.202436 0.292765 0.242282 0.331805
1 0.204291 0.289126 0.244484 0.348299
1 0.203285 0.294134 0.242115 0.335434
1 0.203651 0.294338 0.238891 0.336682
1 0.202477 0.294002 0.233473 0.336544
1 0.203153 0.292986 0.241726 0.334909
1 0.202520 0.294181 0.245379 0.338043
1 0.204410 0.294730 0.250032 0.344532
1 0.205015 0.288966 0.243392 0.337885
1 0.204048 0.293079 0.238538 0.336250
1 0.203804 0.293814 0.239704 0.337341
1 0.202965 0.292687 0.243028 0.342590
1 0.201707 0.292777 0.244588 0.341573
1 0.204075 0.294418 0.244453 0.336749
1 0.204832 0.294297 0.241771 0.338757
1 0.203538 0.295465 0.241234 0.333843
1 0.204444 0.293716 0.243258 0.342593