1 0.493128 0.316583 0.244153 0.351577
1 0.492782 0.316574 0.243426 0.353660
1 0.492885 0.320709 0.248078 0.349736
1 0.492748 0.320949 0.249584 0.352234
1 0.491882 0.322222 0.249314 0.349955
1 0.495000 0.319562 0.251522 0.349791
1 0.491655 0.320653 0.248484 0.350222
1 0.493760 0.322049 0.249201 0.353142
1 0.492771 0.321008 0.249725 0.352275
1 0.493376 0.322826 0.250470 0.351418
1 0.493553 0.322520 0.250875 0.350737
1 0.492081 0.323054 0.251582 0.348959
1 0.493846 0.322782 0.250723 0.352629
1 0.494345 0.321290 0.248510 0.348969
1 0.494580 0.322877 0.248446 0.350210
1 0.494764 0.323206 0.248757 0.350820
1 0.491692 0.323640 0.250590 0.348097
1 0.492968 0.322252 0.247498 0.354406
1 0.494442 0.321421 0.246577 0.353191
1 0.493306 0.322274 0.246724 0.348959
1 0.494721 0.323216 0.249525 0.353161
1 0.492476 0.322540 0.250359 0.342420
1 0.493624 0.320574 0.250921 0.350404
1 0.494027 0.322047 0.248773 0.349670
1 0.492908 0.322594 0.249153 0.353673
1 0.494628 0.323563 0.249086 0.348242
1 0.493524 0.322646 0.247502 0.345130
1 0.493814 0.320457 0.246631 0.355375
1 0.494343 0.320442 0.249925 0.353992
1 0.492322 0.321093 0.249592 0.357346
1 0.494919 0.323190 0.250310 0.349874
1 0.493102 0.323303 0.249346 0.346543
1 0.494039 0.320698 0.250142 0.354648
1 0.493437 0.321658 0.249561 0.354854
1 0.492836 0.322188 0.247551 0.358749
1 0.494543 0.323606 0.249464 0.350964
1 0.494222 0.321671 0.253510 0.359538
1 0.494207 0.320957 0.247894 0.356165
1 0.493532 0.321648 0.248309 0.357480
1 0.496436 0.325062 0.251082 0.354803
1 0.496249 0.328439 0.240410 0.355574
1 0.496501 0.325411 0.248412 0.348266
1 0.493254 0.323114 0.249938 0.348513
1 0.496139 0.323953 0.250768 0.352321
1 0.493701 0.323105 0.254533 0.351219
1 0.497180 0.323639 0.246914 0.340541
1 0.497093 0.326884 0.247408 0.347617
1 0.492489 0.322672 0.247319 0.345790
1 0.490825 0.326663 0.247220 0.349112
1 0.492832 0.325635 0.248210 0.347037
1 0.498252 0.323713 0.248269 0.349899
1 0.495814 0.321684 0.249894 0.352157
1 0.493915 0.322710 0.249320 0.351651
1 0.491778 0.324743 0.247389 0.349388
1 0.490902 0.325778 0.244896 0.344210
1 0.492551 0.326061 0.251980 0.351485
1 0.496034 0.326906 0.247581 0.348438
1 0.495441 0.323381 0.248314 0.353698
1 0.492682 0.323970 0.245245 0.346193
1 0.493456 0.323990 0.241951 0.344027
1 0.491738 0.323227 0.246897 0.353209
1 0.493541 0.325380 0.250310 0.350151
1 0.493743 0.327552 0.247121 0.351959
1 0.494180 0.327759 0.245257 0.353052
1 0.494147 0.328924 0.246949 0.354627