1 0.513625 0.326582 0.238602 0.339526
1 0.514194 0.327740 0.242493 0.342071
1 0.512845 0.327377 0.243862 0.345299
1 0.511980 0.328040 0.241948 0.345375
1 0.514207 0.329555 0.242274 0.342575
1 0.513208 0.328224 0.244906 0.339221
1 0.513472 0.329080 0.246480 0.340476
1 0.513600 0.328588 0.248707 0.347189
1 0.513113 0.328623 0.241796 0.339756
1 0.513937 0.327687 0.243419 0.342250
1 0.512547 0.327013 0.244312 0.343769
1 0.512262 0.328245 0.242080 0.340355
1 0.514522 0.328069 0.245695 0.344859
1 0.513522 0.327046 0.242803 0.340898
1 0.514794 0.326755 0.243760 0.346954
1 0.512915 0.326080 0.245020 0.347708
1 0.512800 0.325184 0.244164 0.341863
1 0.514978 0.326505 0.244520 0.344395
1 0.513297 0.327147 0.242577 0.342280
1 0.514819 0.326695 0.246363 0.349342
1 0.513520 0.327895 0.245829 0.347719
1 0.513014 0.326420 0.245192 0.347656
1 0.514944 0.326018 0.245160 0.347451
1 0.513468 0.329040 0.241837 0.344846
1 0.515080 0.327092 0.245577 0.350860
1 0.514551 0.327607 0.246713 0.348411
1 0.513353 0.327368 0.248208 0.349123
1 0.515017 0.325897 0.244949 0.343580
1 0.512767 0.327849 0.242346 0.340938
1 0.516015 0.327916 0.248037 0.344205
1 0.514328 0.327577 0.247607 0.350475
1 0.513723 0.327511 0.247752 0.351916
1 0.514438 0.326901 0.247150 0.345854
1 0.515460 0.325161 0.248728 0.352573
1 0.513775 0.325940 0.245964 0.350183
1 0.513597 0.325764 0.247586 0.349470
1 0.517730 0.329734 0.248052 0.347443
1 0.515425 0.330223 0.243054 0.346751
1 0.516443 0.329828 0.247837 0.357133
1 0.515787 0.328343 0.246729 0.354903
1 0.515828 0.328332 0.248549 0.356055
1 0.514765 0.333206 0.245217 0.343434
1 0.513445 0.332726 0.248498 0.344405
1 0.514467 0.331634 0.243690 0.346542
1 0.513598 0.332080 0.246384 0.348056
1 0.517140 0.327199 0.245983 0.347524
1 0.515159 0.334161 0.247747 0.342220
1 0.513283 0.327504 0.249747 0.346826
1 0.514039 0.331250 0.249968 0.349947
1 0.513553 0.330413 0.243875 0.344950
1 0.514247 0.327863 0.249674 0.346495
1 0.515129 0.334263 0.242612 0.346642
1 0.514615 0.331329 0.245965 0.343750
1 0.513267 0.329469 0.245057 0.345703
1 0.512406 0.328382 0.245167 0.341867
1 0.511520 0.330264 0.247664 0.347863
1 0.512815 0.333330 0.242343 0.337709
1 0.515271 0.331299 0.250336 0.345480
1 0.515627 0.332800 0.248921 0.344833
1 0.514775 0.331854 0.248285 0.346619