1 0.406927 0.540529 0.306803 0.495441
1 0.409060 0.542708 0.309297 0.486939
1 0.406947 0.539089 0.308457 0.475368
1 0.406084 0.544674 0.319550 0.475050
1 0.407565 0.545581 0.316641 0.478835
1 0.408728 0.545438 0.322222 0.473891
1 0.403973 0.534988 0.305283 0.485627
1 0.407082 0.538422 0.313394 0.478786
1 0.407264 0.539444 0.324564 0.477666
1 0.406316 0.543935 0.311368 0.468698
1 0.407992 0.542588 0.314949 0.466960
1 0.415284 0.541263 0.321000 0.478502
1 0.405497 0.539600 0.309797 0.470731
1 0.403300 0.543064 0.316567 0.474277
1 0.410353 0.541474 0.320592 0.478469
1 0.407584 0.541878 0.317628 0.480271
1 0.408253 0.541878 0.315704 0.477580
1 0.411399 0.545080 0.322822 0.467851
1 0.402898 0.538436 0.309413 0.476710
1 0.405320 0.536557 0.313533 0.478938
1 0.409014 0.538324 0.319106 0.486999
1 0.407690 0.540085 0.315202 0.475015
1 0.409447 0.538891 0.316813 0.481741
1 0.409610 0.541370 0.322333 0.473933
1 0.406036 0.536427 0.315571 0.479141
1 0.411285 0.539171 0.313577 0.489873
1 0.407849 0.538718 0.314525 0.484837
1 0.410973 0.538871 0.317678 0.491031
1 0.416727 0.541782 0.325569 0.478431
1 0.403476 0.542691 0.310044 0.477473
1 0.409017 0.536997 0.323313 0.494775
1 0.409951 0.534179 0.320501 0.495929
1 0.415495 0.534452 0.317567 0.505854