1 0.133099 0.474131 0.029871 0.037604
1 0.133434 0.473815 0.030404 0.039077
1 0.133473 0.473927 0.029647 0.039855
1 0.133027 0.473948 0.028394 0.037737
1 0.133814 0.474010 0.029735 0.040748
1 0.132758 0.473077 0.030582 0.040776
1 0.073187 0.514194 0.031338 0.035992
1 0.073251 0.514784 0.032477 0.038003
1 0.072954 0.515398 0.031133 0.036860
1 0.072411 0.514645 0.030887 0.035784
1 0.072432 0.514647 0.031683 0.037471
1 0.072599 0.514685 0.031827 0.036901
1 0.585705 0.230589 0.078920 0.124960
1 0.585537 0.232587 0.077347 0.119279
1 0.585566 0.232702 0.079549 0.119675
1 0.586167 0.231584 0.078574 0.121288
1 0.585265 0.232092 0.076390 0.118407
1 0.585959 0.232568 0.077549 0.118204
1 0.586180 0.233210 0.079107 0.118934
1 0.585495 0.232971 0.080354 0.117671
1 0.585727 0.233318 0.080887 0.118470