1 0.537952 0.166855 0.102529 0.158894
1 0.538743 0.167008 0.103333 0.153402
1 0.539013 0.166505 0.107138 0.156001
1 0.538593 0.171071 0.103174 0.150450
1 0.538721 0.166997 0.105537 0.152845
1 0.539045 0.169559 0.102035 0.153590
1 0.537863 0.167905 0.104959 0.155267
1 0.539088 0.168275 0.105571 0.156126
1 0.538178 0.170094 0.100920 0.151390
1 0.537632 0.168476 0.104227 0.154498
1 0.538890 0.169260 0.101414 0.152644
1 0.538804 0.167406 0.103264 0.154012
1 0.539269 0.170550 0.101992 0.152210
1 0.539092 0.169343 0.102805 0.152946
1 0.537249 0.169131 0.103549 0.153700
1 0.538784 0.167604 0.106566 0.155910
1 0.537980 0.169116 0.100641 0.152351
1 0.537566 0.167370 0.103765 0.155692
1 0.538859 0.169453 0.100849 0.151633
1 0.538705 0.168061 0.103780 0.153847
1 0.539617 0.169880 0.102507 0.149861
1 0.540280 0.169435 0.104214 0.153006
1 0.538333 0.168730 0.105366 0.153810
1 0.539703 0.169048 0.101533 0.152550