1 0.645679 0.317596 0.269583 0.370657
1 0.650150 0.317272 0.265609 0.367158
1 0.648693 0.317937 0.267838 0.366596
1 0.648651 0.315651 0.271841 0.363884
1 0.648904 0.318276 0.270724 0.356478
1 0.650134 0.316810 0.272410 0.365695
1 0.647791 0.316294 0.272250 0.372578
1 0.648089 0.316896 0.271976 0.366622
1 0.650099 0.318409 0.271107 0.364113
1 0.649814 0.317585 0.270210 0.370028
1 0.649727 0.316504 0.268529 0.370859
1 0.648568 0.317619 0.268553 0.364594
1 0.649805 0.317453 0.270171 0.363333
1 0.652697 0.315117 0.267398 0.365806
1 0.649337 0.313247 0.262577 0.363361
1 0.648497 0.315059 0.265570 0.362491
1 0.650113 0.316639 0.270189 0.362570
1 0.653135 0.313054 0.266579 0.368170
1 0.651756 0.313608 0.261792 0.367433
1 0.650573 0.315820 0.262279 0.363575
1 0.164193 0.434759 0.160407 0.216706
1 0.165099 0.437265 0.159670 0.215024
1 0.165901 0.436590 0.159781 0.216588
1 0.651340 0.314998 0.270960 0.364937
1 0.651811 0.314226 0.267901 0.367630
1 0.650791 0.312386 0.262524 0.368561
1 0.651882 0.315029 0.261814 0.363338
1 0.166529 0.433775 0.160382 0.219574
1 0.165740 0.435919 0.157045 0.210558
1 0.167128 0.436648 0.160152 0.212842
1 0.166016 0.436965 0.157507 0.211446
1 0.165539 0.436967 0.160134 0.216660
1 0.649966 0.314723 0.268388 0.363736
1 0.650392 0.313134 0.264281 0.363706
1 0.650622 0.314612 0.262636 0.364775
1 0.653012 0.314706 0.258149 0.362188
1 0.167050 0.437333 0.160069 0.218552
1 0.166153 0.436351 0.158929 0.215784
1 0.166391 0.437198 0.158547 0.215843
1 0.165440 0.436709 0.157179 0.212932
1 0.165798 0.437013 0.157472 0.216634
1 0.167234 0.436301 0.161087 0.221124
1 0.651349 0.317435 0.263615 0.366456
1 0.651542 0.318880 0.262706 0.362496
1 0.654481 0.323017 0.259408 0.352136
1 0.165163 0.437220 0.160990 0.220145
1 0.166319 0.436310 0.157894 0.214464
1 0.166637 0.437327 0.158808 0.214407
1 0.166113 0.437127 0.159386 0.216061
1 0.166116 0.437941 0.158185 0.216792
1 0.165780 0.436921 0.159266 0.219027
1 0.164931 0.439072 0.160551 0.217173
1 0.166816 0.435022 0.158077 0.215573
1 0.165901 0.436600 0.159481 0.216921
1 0.165073 0.434818 0.157218 0.217537
1 0.165579 0.436444 0.156770 0.215843
1 0.165537 0.436035 0.159224 0.219345
1 0.166445 0.438727 0.160465 0.216416
1 0.164949 0.437015 0.159400 0.217587
1 0.165747 0.435737 0.159202 0.218446
1 0.165550 0.435327 0.159792 0.218617
1 0.165897 0.436439 0.158744 0.220589
1 0.165746 0.436772 0.160505 0.219323
1 0.164789 0.439450 0.160920 0.220534
1 0.166146 0.437365 0.163370 0.218753
1 0.165269 0.436777 0.161847 0.219087
1 0.648588 0.322648 0.272142 0.367392
1 0.651112 0.321037 0.272057 0.359381
1 0.650267 0.322458 0.267862 0.367116
1 0.647738 0.319758 0.272614 0.368890
1 0.650560 0.318639 0.267940 0.365632
1 0.649567 0.321057 0.267055 0.365280
1 0.649763 0.317622 0.270455 0.362975
1 0.648951 0.319675 0.268989 0.362870
1 0.646265 0.316537 0.266143 0.363417
1 0.649411 0.315240 0.263604 0.360435
1 0.651434 0.320896 0.265596 0.368582
1 0.650916 0.315240 0.267444 0.367401
1 0.648253 0.316777 0.270262 0.366788
1 0.648814 0.318765 0.270068 0.365083
1 0.646063 0.316676 0.262013 0.359533
1 0.647915 0.318070 0.265425 0.361386
1 0.649224 0.318651 0.275206 0.368558
1 0.648737 0.317451 0.266031 0.363784
1 0.648581 0.315021 0.265784 0.367530
1 0.650877 0.317957 0.266903 0.361058
1 0.649063 0.320580 0.271340 0.361288
1 0.653290 0.322997 0.264345 0.365905
1 0.645886 0.319293 0.271648 0.365417
1 0.647474 0.318395 0.271441 0.373448
1 0.646409 0.316697 0.267952 0.373051
1 0.649943 0.319986 0.270877 0.368559