1 0.214727 0.310659 0.036602 0.055970
1 0.215454 0.311425 0.034912 0.052563
1 0.215505 0.311573 0.035100 0.053986
1 0.216509 0.310941 0.035015 0.053077
1 0.215809 0.310703 0.034969 0.053013
1 0.215996 0.311004 0.035181 0.052588
1 0.216555 0.311518 0.035315 0.051373
1 0.216262 0.312649 0.036595 0.052443
1 0.576079 0.123683 0.080400 0.110964
1 0.575878 0.122410 0.080769 0.110757
1 0.575755 0.124800 0.080170 0.104191
1 0.575788 0.123193 0.081746 0.105880
1 0.576111 0.122504 0.081985 0.109703
1 0.575093 0.124547 0.081000 0.106789
1 0.575674 0.124493 0.081850 0.106300
1 0.576512 0.124674 0.082228 0.105186
1 0.574996 0.126027 0.081168 0.103583
1 0.575571 0.125289 0.080587 0.103977