1 0.940814 0.541363 0.012312 0.016715
1 0.473017 0.272190 0.222514 0.309722
1 0.474618 0.276576 0.225213 0.297048
1 0.474853 0.276522 0.225439 0.298124
1 0.477058 0.271318 0.224433 0.301588
1 0.475462 0.276876 0.223885 0.300471
1 0.475428 0.276235 0.224373 0.293081
1 0.475143 0.276835 0.227543 0.296068
1 0.474286 0.276114 0.224137 0.294103
1 0.477037 0.272591 0.226144 0.298204
1 0.475387 0.276956 0.226632 0.301624
1 0.475413 0.278187 0.226939 0.299599
1 0.474876 0.277397 0.227683 0.297582
1 0.474617 0.277220 0.229571 0.300924
1 0.474428 0.278588 0.229598 0.300508
1 0.474806 0.278672 0.227603 0.294406
1 0.476307 0.277892 0.227702 0.299488
1 0.475141 0.277190 0.224958 0.297830
1 0.474683 0.277887 0.229102 0.297959
1 0.475078 0.277086 0.229574 0.296009
1 0.474072 0.277216 0.229787 0.296143
1 0.475396 0.277275 0.226730 0.295841
1 0.476220 0.278186 0.228846 0.303233
1 0.475269 0.277755 0.228958 0.301898
1 0.474899 0.276629 0.230094 0.297747
1 0.474260 0.277275 0.229311 0.297685
1 0.474339 0.278263 0.229509 0.295492
1 0.476109 0.276358 0.224398 0.298074
1 0.475518 0.277546 0.229476 0.302032
1 0.474731 0.276055 0.226050 0.304220
1 0.475146 0.276750 0.231587 0.299600
1 0.475192 0.277973 0.229862 0.297195
1 0.474778 0.278633 0.228126 0.298445
1 0.476470 0.276750 0.225876 0.299638
1 0.473277 0.278767 0.229612 0.297723
1 0.474994 0.276494 0.230237 0.302321
1 0.474549 0.277393 0.231160 0.302984
1 0.475186 0.278420 0.228113 0.299555
1 0.473879 0.277631 0.227801 0.302839
1 0.477704 0.279749 0.228328 0.298570
1 0.473935 0.279264 0.228460 0.299597
1 0.474022 0.279045 0.228003 0.300646
1 0.474394 0.278807 0.228383 0.305299
1 0.476820 0.280780 0.229045 0.302148
1 0.477224 0.278869 0.224619 0.303291
1 0.476549 0.278137 0.229628 0.292365
1 0.475816 0.282124 0.225205 0.290716
1 0.475371 0.279832 0.225235 0.294136
1 0.477927 0.275746 0.230168 0.297563
1 0.475915 0.277140 0.230311 0.304323
1 0.475606 0.279065 0.226299 0.297509
1 0.471860 0.275099 0.226245 0.294047
1 0.477295 0.274719 0.223773 0.300812
1 0.477206 0.279133 0.228021 0.297823
1 0.473793 0.275310 0.230519 0.302265
1 0.477861 0.278279 0.224657 0.295979
1 0.474376 0.277885 0.224956 0.290534
1 0.475812 0.279390 0.225732 0.294358
1 0.472728 0.279543 0.224427 0.297833