1 0.510761 0.139006 0.127152 0.175917
1 0.509694 0.138867 0.127385 0.176377
1 0.510175 0.140197 0.125409 0.174660
1 0.511865 0.141189 0.127049 0.173053
1 0.510719 0.142038 0.126802 0.172598
1 0.511071 0.142268 0.124823 0.170039
1 0.512398 0.143356 0.123403 0.168655
1 0.510967 0.143365 0.125976 0.170065
1 0.513147 0.143303 0.125965 0.168234
1 0.510921 0.143537 0.126042 0.169014
1 0.512619 0.142759 0.127572 0.169953
1 0.512072 0.142087 0.125450 0.171282
1 0.511861 0.143452 0.125716 0.168841
1 0.511084 0.141890 0.123117 0.170167
1 0.512168 0.142676 0.124723 0.169480
1 0.512137 0.141735 0.126258 0.172364
1 0.513890 0.144185 0.125061 0.166234
1 0.512450 0.142220 0.124687 0.170032
1 0.512055 0.143029 0.125220 0.167281
1 0.511297 0.142919 0.125307 0.170473
1 0.511635 0.144173 0.125559 0.169025
1 0.512277 0.143133 0.122234 0.168220
1 0.512156 0.142750 0.124860 0.171137
1 0.512467 0.143219 0.123522 0.169614
1 0.513655 0.144032 0.126421 0.167852
1 0.513391 0.143217 0.124780 0.167833
1 0.512839 0.144039 0.126767 0.166493
1 0.512264 0.144068 0.126148 0.171502
1 0.512597 0.143605 0.123915 0.172372
1 0.512661 0.143162 0.124476 0.171745
1 0.511946 0.143164 0.124520 0.169918
1 0.515589 0.145034 0.127697 0.167668