1 0.594430 0.172766 0.119549 0.170270
1 0.595051 0.173137 0.118921 0.170744
1 0.594135 0.172976 0.118401 0.168984
1 0.595385 0.173547 0.118819 0.169015
1 0.593822 0.173057 0.119650 0.170076
1 0.593069 0.173640 0.118184 0.168575
1 0.594421 0.170228 0.118992 0.168099
1 0.594434 0.174573 0.117492 0.161335
1 0.594471 0.174210 0.118789 0.166685
1 0.595993 0.172104 0.119934 0.167875
1 0.594158 0.171367 0.119690 0.168448
1 0.596124 0.173101 0.118864 0.166299
1 0.595302 0.172256 0.118480 0.167945
1 0.593754 0.171218 0.119276 0.168435
1 0.594450 0.171049 0.121376 0.168497
1 0.594573 0.172270 0.119326 0.169405
1 0.595239 0.172539 0.118152 0.168083
1 0.593632 0.172648 0.119129 0.168308
1 0.595357 0.173377 0.118608 0.167197
1 0.594553 0.173525 0.117722 0.166500
1 0.595192 0.172617 0.120041 0.168687
1 0.595242 0.171672 0.120055 0.169038
1 0.596256 0.172540 0.116788 0.167389
1 0.595782 0.172960 0.119603 0.168472
1 0.595356 0.173714 0.119145 0.165121
1 0.594326 0.173271 0.118799 0.165750
1 0.596716 0.173572 0.120765 0.166731