1 0.528795 0.243769 0.240608 0.315629
1 0.527884 0.248537 0.235741 0.302747
1 0.526257 0.249410 0.233986 0.305501
1 0.527448 0.248326 0.237367 0.309817
1 0.531291 0.247155 0.239045 0.307266
1 0.527435 0.246588 0.237067 0.299265
1 0.526969 0.247039 0.236891 0.300024
1 0.527135 0.247151 0.234692 0.301034
1 0.528084 0.247755 0.240224 0.307627
1 0.529322 0.247381 0.237926 0.302908
1 0.531005 0.245455 0.237470 0.304902
1 0.527693 0.245796 0.234294 0.303655
1 0.526945 0.246826 0.236309 0.303550
1 0.526057 0.247352 0.232281 0.303051
1 0.526517 0.247347 0.235257 0.298976
1 0.529122 0.247998 0.236730 0.305615
1 0.530203 0.246691 0.240256 0.306758
1 0.527911 0.247385 0.237784 0.304807
1 0.528470 0.247102 0.237327 0.305426
1 0.527651 0.247206 0.240392 0.307143
1 0.527635 0.246188 0.237114 0.302248
1 0.527342 0.247506 0.236215 0.304148
1 0.529614 0.245643 0.239425 0.305270
1 0.529279 0.246775 0.235081 0.305692
1 0.528954 0.247175 0.241743 0.308239
1 0.528360 0.246567 0.240229 0.306834
1 0.527689 0.244337 0.236196 0.303494
1 0.526501 0.248089 0.238538 0.308064
1 0.528158 0.246500 0.241781 0.308602
1 0.528325 0.246620 0.236777 0.308756
1 0.528332 0.247457 0.237978 0.310814
1 0.528085 0.247824 0.241012 0.307848
1 0.528096 0.247055 0.237062 0.303372
1 0.529523 0.245531 0.242915 0.307198
1 0.529209 0.245197 0.237009 0.311597
1 0.528872 0.244930 0.240886 0.307041
1 0.528403 0.247577 0.243045 0.308543
1 0.531130 0.251099 0.237450 0.300221
1 0.529386 0.245907 0.237792 0.316308
1 0.528959 0.246713 0.240873 0.309005
1 0.531196 0.251528 0.242064 0.304194
1 0.528576 0.250970 0.238750 0.307413
1 0.531121 0.251089 0.238755 0.300590
1 0.525555 0.251017 0.235247 0.310599
1 0.531306 0.248390 0.237345 0.302526
1 0.528213 0.249854 0.238343 0.306916
1 0.526549 0.251763 0.236634 0.306807
1 0.526565 0.250048 0.236635 0.301418
1 0.526930 0.250443 0.238799 0.305753
1 0.524102 0.248814 0.240471 0.297721
1 0.530536 0.247859 0.235958 0.304990
1 0.529499 0.249988 0.235419 0.305140
1 0.529214 0.250172 0.238324 0.299280
1 0.525972 0.250855 0.239401 0.300070
1 0.524801 0.248023 0.240301 0.296974
1 0.529399 0.248350 0.238813 0.304449
1 0.525227 0.251732 0.238105 0.304357
1 0.526913 0.252516 0.239876 0.302754
1 0.528159 0.253921 0.240747 0.293760