1 0.494664 0.293940 0.216914 0.294671
1 0.494699 0.295513 0.214823 0.289748
1 0.495268 0.295341 0.217499 0.291925
1 0.496445 0.291508 0.215104 0.299178
1 0.493447 0.293091 0.217374 0.295508
1 0.496164 0.294957 0.216634 0.290309
1 0.495017 0.293268 0.217549 0.286877
1 0.495834 0.293673 0.221821 0.290802
1 0.493882 0.292539 0.218628 0.291975
1 0.494046 0.294519 0.218205 0.288921
1 0.495103 0.294075 0.216952 0.289286
1 0.496335 0.293971 0.217697 0.284341
1 0.494769 0.292814 0.218964 0.287901
1 0.493536 0.292077 0.220411 0.293406
1 0.495498 0.294115 0.217907 0.289410
1 0.494205 0.295525 0.218549 0.289440
1 0.495155 0.293790 0.218003 0.284372
1 0.494569 0.293662 0.217297 0.286442
1 0.494382 0.291485 0.217820 0.287497
1 0.493791 0.290467 0.221944 0.292683
1 0.495772 0.291261 0.220438 0.286750
1 0.493728 0.294154 0.217250 0.291605
1 0.495063 0.294309 0.221247 0.286744
1 0.494000 0.292796 0.218623 0.287978
1 0.493701 0.292232 0.219046 0.291322
1 0.493592 0.290884 0.221831 0.292112
1 0.494923 0.291280 0.223481 0.291972
1 0.492582 0.294414 0.215242 0.294167
1 0.493352 0.294430 0.220077 0.292734
1 0.493938 0.292586 0.222233 0.294360
1 0.493607 0.293722 0.221572 0.291260
1 0.493766 0.291685 0.219196 0.294697
1 0.495201 0.293178 0.222396 0.291351
1 0.493336 0.296855 0.222354 0.293785
1 0.494284 0.293284 0.222350 0.295099
1 0.494443 0.293105 0.223346 0.297049
1 0.494673 0.292120 0.222478 0.299343
1 0.494010 0.292844 0.222570 0.298104
1 0.491387 0.296167 0.226413 0.293881
1 0.494282 0.293957 0.223802 0.294974
1 0.495529 0.293221 0.222074 0.297680
1 0.498772 0.294580 0.219970 0.300068
1 0.495677 0.291914 0.223746 0.296606
1 0.493697 0.291391 0.221611 0.296727
1 0.492789 0.288499 0.224028 0.299289
1 0.494864 0.294472 0.224447 0.293701
1 0.492817 0.292425 0.218989 0.292218
1 0.491047 0.293450 0.217595 0.293726
1 0.493368 0.293826 0.223172 0.295721
1 0.494825 0.291879 0.220959 0.294656
1 0.495706 0.294031 0.216991 0.299172
1 0.492936 0.295195 0.223617 0.300731
1 0.492196 0.291308 0.225202 0.297424
1 0.493058 0.298749 0.227411 0.297987
1 0.494625 0.298439 0.221862 0.300993
1 0.491379 0.298525 0.225170 0.300637
1 0.494694 0.298115 0.226080 0.295933