1 0.927710 0.539814 0.017345 0.022216
1 0.539952 0.340405 0.277864 0.379383
1 0.542736 0.341826 0.282009 0.380779
1 0.543291 0.342043 0.280582 0.380705
1 0.540239 0.343934 0.279461 0.382580
1 0.541243 0.343719 0.283796 0.380048
1 0.541674 0.344692 0.282012 0.378380
1 0.541851 0.344568 0.281180 0.374171
1 0.540885 0.343789 0.283871 0.378253
1 0.540491 0.344351 0.285668 0.378284
1 0.540279 0.344916 0.281355 0.373857
1 0.540362 0.344894 0.278596 0.379985
1 0.539538 0.346544 0.283444 0.378508
1 0.540161 0.345751 0.282166 0.375690
1 0.537437 0.344627 0.277860 0.385573
1 0.539650 0.346644 0.284117 0.379835
1 0.539297 0.346226 0.284834 0.370161
1 0.537687 0.344304 0.281119 0.379564
1 0.538259 0.344617 0.282449 0.374278
1 0.540577 0.344997 0.282454 0.363969
1 0.537845 0.344819 0.286457 0.374732
1 0.538817 0.344204 0.287496 0.372333
1 0.540754 0.346158 0.288617 0.367310
1 0.543299 0.343575 0.291042 0.389578
1 0.544731 0.347299 0.292553 0.385879
1 0.543948 0.349645 0.291163 0.392120
1 0.543617 0.343933 0.298303 0.397932
1 0.538509 0.344846 0.285437 0.387491
1 0.542921 0.350340 0.293232 0.389745
1 0.539060 0.345835 0.292104 0.387314
1 0.541793 0.345056 0.294763 0.385566
1 0.540636 0.347733 0.295629 0.385424
1 0.540542 0.346305 0.288050 0.383975
1 0.539755 0.346556 0.293849 0.397809
1 0.540544 0.347496 0.299142 0.394011
1 0.542159 0.347320 0.297013 0.389594
1 0.540234 0.348176 0.295497 0.380187
1 0.537889 0.345211 0.298289 0.387892
1 0.540202 0.351278 0.288484 0.382743
1 0.540383 0.347547 0.291834 0.386126
1 0.543005 0.349654 0.293188 0.390039
1 0.541171 0.347561 0.297984 0.386849
1 0.540507 0.345337 0.300253 0.385988
1 0.538977 0.346910 0.304749 0.387714
1 0.537254 0.349820 0.289153 0.379888
1 0.535785 0.350575 0.289860 0.378846
1 0.537518 0.347329 0.294745 0.383525
1 0.539467 0.347920 0.299133 0.387164
1 0.540947 0.348504 0.295865 0.389159
1 0.535824 0.353162 0.289757 0.384720
1 0.536895 0.350359 0.297033 0.383262
1 0.538327 0.349745 0.298948 0.387703