1 0.681813 0.286674 0.175914 0.215388
1 0.682197 0.287460 0.172791 0.215375
1 0.683572 0.285039 0.170506 0.218477
1 0.682438 0.287601 0.178148 0.219528
1 0.683168 0.288236 0.175898 0.210616
1 0.681597 0.288840 0.175156 0.209709
1 0.683165 0.288756 0.173741 0.212658
1 0.682600 0.285589 0.175552 0.215820
1 0.682167 0.285841 0.184462 0.216717
1 0.681826 0.287751 0.178336 0.215491
1 0.681345 0.287782 0.177001 0.215855
1 0.680282 0.288139 0.175819 0.214307
1 0.682386 0.288789 0.179174 0.211802
1 0.680387 0.288917 0.177919 0.212907
1 0.683175 0.288285 0.182277 0.218094
1 0.682840 0.287447 0.178153 0.216720
1 0.681745 0.287520 0.180025 0.215663
1 0.681666 0.288496 0.180199 0.213065
1 0.681883 0.290280 0.177480 0.211800
1 0.681141 0.290945 0.177652 0.217096
1 0.683259 0.290732 0.177495 0.213711
1 0.682901 0.287653 0.180332 0.214643
1 0.682176 0.286276 0.175154 0.217169
1 0.681068 0.287541 0.178454 0.215652
1 0.680602 0.289534 0.176948 0.214086
1 0.681452 0.288881 0.176574 0.213583
1 0.682373 0.289927 0.179284 0.218170
1 0.680788 0.287241 0.177357 0.216104
1 0.680683 0.287424 0.179955 0.217134
1 0.681999 0.288578 0.177912 0.216845
1 0.682156 0.288322 0.175755 0.215131
1 0.683025 0.289940 0.176074 0.211825
1 0.681284 0.290548 0.176740 0.210285
1 0.680884 0.290014 0.176856 0.214264
1 0.683642 0.291927 0.175336 0.208832