1 0.531796 0.307538 0.250364 0.345615
1 0.533820 0.306576 0.250851 0.343689
1 0.534878 0.304077 0.253876 0.350126
1 0.530393 0.309725 0.252034 0.343769
1 0.532195 0.309665 0.252958 0.342458
1 0.532013 0.309039 0.258473 0.347188
1 0.533205 0.308814 0.259183 0.344722
1 0.535740 0.308199 0.256414 0.343993
1 0.531928 0.309369 0.255792 0.345919
1 0.530885 0.308717 0.254765 0.347720
1 0.532423 0.307849 0.256222 0.346612
1 0.532261 0.308988 0.254102 0.345156
1 0.532530 0.308093 0.253916 0.342833
1 0.532232 0.310754 0.255997 0.348939
1 0.532942 0.308987 0.255024 0.350660
1 0.532930 0.308276 0.257416 0.343088
1 0.533347 0.309242 0.256545 0.345989
1 0.533671 0.307741 0.256790 0.350185
1 0.530474 0.309439 0.254408 0.351169
1 0.532330 0.310352 0.255285 0.351663
1 0.532859 0.308390 0.255515 0.345742
1 0.532053 0.308077 0.256757 0.348117
1 0.534867 0.307342 0.256174 0.350859
1 0.530521 0.309268 0.255010 0.345101
1 0.532717 0.308025 0.257985 0.351756
1 0.532564 0.307342 0.255754 0.349854
1 0.532717 0.308568 0.260619 0.348784
1 0.535141 0.309161 0.255601 0.345880
1 0.530062 0.308862 0.254518 0.348215
1 0.532716 0.309373 0.261049 0.353019
1 0.533665 0.308458 0.258931 0.351222
1 0.532825 0.307856 0.261016 0.353045
1 0.536011 0.308943 0.260406 0.346938
1 0.530596 0.310236 0.252774 0.352116
1 0.533220 0.308993 0.257927 0.351754
1 0.532508 0.308586 0.261076 0.352611
1 0.533155 0.308243 0.261438 0.355321
1 0.537303 0.311147 0.263234 0.348700
1 0.532536 0.311492 0.254925 0.357573
1 0.532660 0.312642 0.253921 0.354035
1 0.535993 0.314988 0.255776 0.351960
1 0.536110 0.314689 0.262914 0.348343
1 0.532803 0.311228 0.259908 0.348030
1 0.536476 0.312976 0.260753 0.349201
1 0.534587 0.308450 0.268767 0.355754
1 0.534140 0.313298 0.259719 0.346758
1 0.531991 0.314957 0.261719 0.347754
1 0.534027 0.315615 0.260310 0.347183
1 0.533165 0.312140 0.259593 0.351789
1 0.533409 0.311814 0.263951 0.346093
1 0.534583 0.311855 0.267614 0.347957
1 0.533042 0.313937 0.261485 0.350400
1 0.534326 0.312389 0.261679 0.350128
1 0.532782 0.310645 0.260031 0.352016
1 0.531637 0.310056 0.259777 0.349087
1 0.533784 0.307872 0.264930 0.363039
1 0.534730 0.312754 0.264765 0.343854
1 0.532772 0.309551 0.262513 0.347434
1 0.531257 0.311078 0.262638 0.343959
1 0.533446 0.310913 0.261010 0.348889
1 0.532579 0.308330 0.256421 0.351384
1 0.532682 0.310560 0.264299 0.351591
1 0.534823 0.314643 0.261616 0.349469
1 0.535912 0.312708 0.261271 0.355721