1 0.106484 0.702906 0.053351 0.111213
1 0.105591 0.703672 0.053551 0.109221
1 0.105894 0.703240 0.054609 0.105589
1 0.105147 0.702019 0.056624 0.107337
1 0.490581 0.355572 0.268280 0.356659
1 0.492233 0.356150 0.262076 0.350712
1 0.490477 0.356792 0.259021 0.347789
1 0.492504 0.360126 0.266305 0.348129
1 0.490234 0.359062 0.267777 0.347860
1 0.490334 0.360216 0.264859 0.342673
1 0.491934 0.359340 0.266890 0.339555
1 0.491403 0.362104 0.271250 0.343937
1 0.491388 0.360496 0.267896 0.348131
1 0.490576 0.358726 0.266308 0.347632
1 0.491309 0.359198 0.268969 0.348815
1 0.491233 0.359080 0.267700 0.346285
1 0.491792 0.364155 0.271191 0.344228
1 0.491222 0.361945 0.266606 0.348816
1 0.492022 0.360452 0.266434 0.344017
1 0.492298 0.360212 0.265404 0.345478
1 0.492712 0.361016 0.269499 0.348072
1 0.492522 0.362841 0.269955 0.340590
1 0.490618 0.360914 0.260952 0.348264
1 0.492024 0.360715 0.260634 0.346712
1 0.490580 0.360439 0.263384 0.348729
1 0.491838 0.361952 0.268737 0.350792
1 0.492168 0.363023 0.271147 0.341099
1 0.490853 0.359648 0.266399 0.346061
1 0.491589 0.360550 0.264037 0.346337
1 0.490443 0.360725 0.265439 0.348869
1 0.492742 0.363262 0.266684 0.345609
1 0.491968 0.363653 0.270125 0.342494
1 0.490500 0.360034 0.265147 0.349670
1 0.490852 0.360364 0.266088 0.351213
1 0.489400 0.360138 0.266980 0.355646
1 0.491620 0.363019 0.267909 0.347304
1 0.491831 0.366159 0.269275 0.343145
1 0.491756 0.361659 0.266748 0.347530
1 0.490104 0.361769 0.265988 0.351564
1 0.489395 0.362712 0.267601 0.354574
1 0.492426 0.364791 0.270510 0.348020
1 0.490189 0.367290 0.267285 0.349841
1 0.489427 0.366445 0.263319 0.348904
1 0.489834 0.368993 0.267586 0.348073
1 0.104002 0.701614 0.058531 0.110862
1 0.106133 0.702853 0.058892 0.111418
1 0.104917 0.703106 0.058014 0.106509
1 0.104457 0.703397 0.057107 0.109021
1 0.106469 0.703590 0.058446 0.107729
1 0.493380 0.368832 0.262971 0.347710
1 0.493359 0.363950 0.264362 0.338731
1 0.493853 0.365350 0.263534 0.339828
1 0.491263 0.364057 0.264851 0.341403
1 0.495699 0.366398 0.263054 0.346848
1 0.491894 0.367006 0.261578 0.350051
1 0.492342 0.365648 0.261291 0.340992
1 0.489607 0.366588 0.265109 0.349150
1 0.492824 0.365378 0.262386 0.343023
1 0.491599 0.361230 0.272013 0.356148
1 0.496495 0.365574 0.264039 0.347879
1 0.493880 0.362724 0.264533 0.355487
1 0.493696 0.365712 0.265718 0.347705
1 0.490544 0.364836 0.265317 0.352397
1 0.488596 0.364995 0.262582 0.341558
1 0.489446 0.364517 0.265653 0.344100
1 0.494881 0.364840 0.264660 0.346253
1 0.492606 0.362237 0.264564 0.350919
1 0.491867 0.363894 0.263685 0.346261
1 0.488371 0.364576 0.261942 0.342773
1 0.489074 0.363572 0.264615 0.348809
1 0.489365 0.364738 0.270058 0.351385
1 0.492284 0.365650 0.267294 0.348847
1 0.492087 0.367077 0.262127 0.351984
1 0.492279 0.373037 0.264309 0.344264