1 0.420102 0.166466 0.141175 0.212471
1 0.420757 0.166585 0.140701 0.211282
1 0.419954 0.167337 0.140861 0.210627
1 0.421112 0.167519 0.140992 0.211016
1 0.420126 0.167023 0.136024 0.210613
1 0.420490 0.167141 0.140873 0.210444
1 0.420354 0.168340 0.139754 0.207641
1 0.420571 0.166819 0.141121 0.206357
1 0.421085 0.168359 0.140627 0.208576
1 0.421411 0.164975 0.142184 0.212279
1 0.421246 0.167698 0.138598 0.207738
1 0.421757 0.168616 0.140494 0.208869
1 0.421319 0.166464 0.140296 0.207644
1 0.420750 0.167250 0.140525 0.208999
1 0.421076 0.167119 0.141327 0.209331
1 0.421184 0.167674 0.140681 0.208729
1 0.421803 0.166413 0.133947 0.209539
1 0.421416 0.167607 0.138516 0.211420
1 0.420486 0.166946 0.138953 0.210359
1 0.420153 0.166715 0.138710 0.211604
1 0.422123 0.167448 0.141059 0.208841
1 0.422945 0.169436 0.139149 0.207046
1 0.422447 0.167499 0.138115 0.210186
1 0.422116 0.166011 0.139880 0.209830
1 0.421888 0.166720 0.138744 0.214781
1 0.422961 0.167310 0.140016 0.208188
1 0.423342 0.166924 0.140078 0.212788
1 0.422886 0.166691 0.141059 0.213215