1 0.390580 0.270530 0.215142 0.329133
1 0.389716 0.275748 0.220849 0.324819
1 0.390600 0.278060 0.220397 0.322185
1 0.390399 0.277357 0.220425 0.324085
1 0.387484 0.276702 0.221884 0.326376
1 0.389559 0.278300 0.222205 0.323259
1 0.389320 0.277119 0.222743 0.320432
1 0.389911 0.277420 0.225655 0.321330
1 0.389290 0.275613 0.221462 0.322083
1 0.388099 0.278458 0.222774 0.320636
1 0.388653 0.277228 0.224598 0.320346
1 0.388528 0.276504 0.224278 0.322780
1 0.388653 0.277496 0.222818 0.320084
1 0.389512 0.275673 0.221629 0.320022
1 0.388911 0.277262 0.223520 0.321585
1 0.389418 0.277424 0.223782 0.321762
1 0.388683 0.276418 0.224108 0.324116
1 0.388600 0.276049 0.221673 0.316958
1 0.389153 0.275761 0.221307 0.320888
1 0.388667 0.277484 0.221358 0.323579
1 0.390295 0.276278 0.225882 0.326747
1 0.387631 0.276446 0.222887 0.323423
1 0.387982 0.277197 0.224339 0.320933
1 0.388650 0.276285 0.221268 0.321005
1 0.388124 0.277888 0.220870 0.323974
1 0.390367 0.277158 0.222976 0.323652
1 0.389527 0.277124 0.224186 0.324265
1 0.389228 0.276626 0.225954 0.322192
1 0.388663 0.276262 0.220142 0.322302
1 0.389606 0.277885 0.221691 0.324123
1 0.390091 0.277595 0.223543 0.321026
1 0.389940 0.278115 0.225189 0.325623
1 0.389237 0.276636 0.222043 0.323585
1 0.389701 0.276499 0.220519 0.323245
1 0.389930 0.276375 0.223910 0.327356
1 0.389091 0.276746 0.223382 0.325664
1 0.390019 0.276357 0.221026 0.324313
1 0.390678 0.279828 0.221065 0.323154
1 0.389891 0.275627 0.228600 0.325665
1 0.393405 0.277331 0.223060 0.320107
1 0.390288 0.278303 0.224243 0.324261
1 0.387784 0.277528 0.222234 0.329435
1 0.390348 0.277726 0.222663 0.326587
1 0.389022 0.275807 0.227562 0.325944
1 0.390125 0.277926 0.224189 0.321888
1 0.386988 0.276167 0.222214 0.322826
1 0.390403 0.277225 0.225401 0.328521
1 0.390633 0.276983 0.219656 0.326035
1 0.388903 0.274249 0.231201 0.318921
1 0.391562 0.278831 0.223527 0.321583
1 0.388342 0.278709 0.223565 0.317312
1 0.393708 0.280192 0.220741 0.325154
1 0.390275 0.276850 0.219041 0.324631
1 0.389719 0.278805 0.230448 0.321850
1 0.392960 0.280835 0.229781 0.319173