1 0.522901 0.483962 0.469303 0.660664
1 0.517862 0.488687 0.496852 0.678529
1 0.528199 0.499632 0.482785 0.676961
1 0.513226 0.490153 0.458911 0.682250
1 0.517833 0.501852 0.465851 0.683048
1 0.522435 0.499559 0.473520 0.696605
1 0.521010 0.502435 0.469609 0.687297
1 0.521205 0.499991 0.468125 0.682109
1 0.521431 0.499552 0.466108 0.681525
1 0.521361 0.496930 0.476895 0.689029
1 0.521321 0.498027 0.477802 0.690702
1 0.529601 0.508368 0.472058 0.684359
1 0.524097 0.507611 0.484663 0.691217
1 0.530402 0.499195 0.465945 0.666434
1 0.523692 0.507454 0.465446 0.667289
1 0.516245 0.500286 0.458050 0.683746
1 0.515575 0.506321 0.449672 0.675058
1 0.522141 0.499871 0.470448 0.683742
1 0.517070 0.501518 0.464887 0.677641
1 0.519548 0.498189 0.465403 0.675285
1 0.518044 0.494897 0.456771 0.670222
1 0.520479 0.496844 0.469339 0.671611
1 0.522422 0.497012 0.468566 0.676956
1 0.524007 0.498793 0.468289 0.672171
1 0.522801 0.501600 0.464195 0.679974
1 0.521143 0.500493 0.473871 0.676207
1 0.522084 0.499076 0.489184 0.687793
1 0.519077 0.502283 0.470410 0.700569
1 0.528568 0.508725 0.461580 0.671943
1 0.526653 0.510632 0.466026 0.682873
1 0.516413 0.506013 0.458661 0.688960
1 0.513612 0.510445 0.446526 0.682672
1 0.521098 0.503052 0.476379 0.681262
1 0.518620 0.504677 0.468292 0.678432
1 0.521952 0.500408 0.473292 0.681023
1 0.524081 0.501562 0.464072 0.675711
1 0.523738 0.497674 0.469253 0.677820
1 0.526178 0.500540 0.463408 0.681835
1 0.525744 0.501735 0.468256 0.679060
1 0.522515 0.504714 0.468812 0.696628
1 0.520174 0.509305 0.485032 0.691023
1 0.515830 0.505575 0.485969 0.695475
1 0.515754 0.490239 0.493530 0.718078
1 0.523915 0.508505 0.469894 0.699442
1 0.526886 0.506536 0.464233 0.673735
1 0.528202 0.507055 0.473729 0.689618
1 0.514969 0.502388 0.459316 0.692106
1 0.511554 0.503437 0.450313 0.696307
1 0.521530 0.500145 0.476414 0.686365
1 0.521584 0.500530 0.472721 0.689292
1 0.522700 0.503047 0.478024 0.684546
1 0.526636 0.504704 0.479571 0.689747
1 0.523285 0.504679 0.478172 0.688466
1 0.524946 0.510263 0.475550 0.690974
1 0.525129 0.502118 0.467026 0.678420
1 0.522784 0.504774 0.467641 0.696233
1 0.518676 0.506931 0.484104 0.683458
1 0.513556 0.503274 0.484562 0.687523
1 0.511113 0.493787 0.484729 0.714018
1 0.521416 0.505323 0.464447 0.690914
1 0.530448 0.500346 0.463937 0.673223
1 0.529001 0.496419 0.483984 0.688344
1 0.517512 0.500773 0.466781 0.685364
1 0.515586 0.497105 0.460680 0.697432
1 0.523677 0.502438 0.476391 0.682166
1 0.522764 0.506089 0.475700 0.693374
1 0.522526 0.503020 0.483315 0.688322
1 0.522610 0.504708 0.481449 0.691358
1 0.523411 0.497676 0.483529 0.701815
1 0.522182 0.502712 0.474887 0.699082
1 0.523704 0.501211 0.470568 0.682466
1 0.518158 0.497197 0.476479 0.706115
1 0.519270 0.500869 0.481007 0.701337
1 0.518139 0.500636 0.487938 0.698151
1 0.511200 0.498081 0.499283 0.716288
1 0.523402 0.504829 0.467532 0.681488
1 0.534686 0.504840 0.469040 0.668009
1 0.530539 0.500963 0.479435 0.679107
1 0.518563 0.509156 0.466393 0.677535
1 0.517244 0.505629 0.460940 0.688380
1 0.524740 0.505954 0.473163 0.677257
1 0.523854 0.507760 0.471506 0.685367
1 0.524642 0.504723 0.481901 0.693079
1 0.524622 0.503792 0.473490 0.683098
1 0.521364 0.503470 0.480085 0.692198
1 0.520355 0.505194 0.473343 0.690157
1 0.521547 0.505443 0.470505 0.689358
1 0.519479 0.495555 0.469918 0.698085
1 0.516083 0.498235 0.477310 0.700798
1 0.513556 0.504433 0.491418 0.703797
1 0.530889 0.515677 0.467485 0.653201
1 0.529386 0.508394 0.473628 0.663472
1 0.520819 0.507724 0.463478 0.665647
1 0.521797 0.503392 0.462387 0.682137
1 0.526518 0.506542 0.469289 0.678352
1 0.526438 0.506616 0.465664 0.680609
1 0.524338 0.503536 0.469405 0.693466
1 0.522321 0.504276 0.463094 0.682061
1 0.521809 0.503404 0.472118 0.695384
1 0.519970 0.505133 0.463783 0.687679
1 0.523495 0.507777 0.470816 0.681214
1 0.524324 0.498592 0.466966 0.692705
1 0.515852 0.506739 0.482274 0.699783
1 0.509637 0.510603 0.484607 0.682134
1 0.529056 0.516586 0.475856 0.651415
1 0.520489 0.523624 0.454599 0.632564
1 0.523243 0.518506 0.461886 0.656202
1 0.527137 0.514535 0.471192 0.652697
1 0.528990 0.515849 0.472312 0.661818
1 0.523169 0.512031 0.461651 0.662158
1 0.521338 0.516797 0.459843 0.659946
1 0.521933 0.510891 0.466173 0.674037
1 0.522493 0.515492 0.461752 0.670621
1 0.525530 0.523942 0.469326 0.658371
1 0.521857 0.513408 0.465354 0.677965
1 0.515954 0.510550 0.488792 0.678377
1 0.523183 0.528565 0.456904 0.637804
1 0.521661 0.523378 0.456803 0.640298
1 0.524717 0.526462 0.456717 0.653519
1 0.527467 0.511748 0.476604 0.673606
1 0.522419 0.512444 0.482702 0.679113