1 0.507604 0.341675 0.343705 0.459589
1 0.507651 0.343750 0.339846 0.462605
1 0.511400 0.345299 0.332258 0.452716
1 0.509373 0.349107 0.338482 0.447183
1 0.506944 0.348590 0.334038 0.458084
1 0.507542 0.346498 0.338226 0.458212
1 0.509343 0.343123 0.338472 0.446901
1 0.513377 0.345690 0.334307 0.446679
1 0.510434 0.342653 0.340788 0.443472
1 0.510152 0.340611 0.338000 0.443086
1 0.512076 0.343642 0.336490 0.448618
1 0.511536 0.342594 0.345533 0.457908
1 0.512248 0.344846 0.342079 0.440052
1 0.511862 0.344936 0.335384 0.450505
1 0.510672 0.345895 0.336513 0.441009
1 0.512091 0.347982 0.339299 0.441109
1 0.514867 0.345007 0.338455 0.437103
1 0.507495 0.343761 0.348463 0.447195
1 0.513538 0.346256 0.340966 0.440942
1 0.511744 0.343879 0.340579 0.444999
1 0.511616 0.347492 0.340604 0.441641
1 0.510743 0.346940 0.340028 0.438954
1 0.514608 0.345124 0.345837 0.439610
1 0.512003 0.346547 0.347354 0.445330
1 0.512055 0.344381 0.344660 0.448489
1 0.512204 0.342254 0.342554 0.446283
1 0.515244 0.340309 0.341827 0.439961
1 0.512802 0.342542 0.342800 0.441330
1 0.511077 0.345726 0.346037 0.453267
1 0.510804 0.349959 0.350501 0.442134
1 0.512672 0.348293 0.343476 0.444394
1 0.512538 0.349253 0.344728 0.447375
1 0.514577 0.345262 0.347672 0.446738
1 0.510503 0.353738 0.355266 0.431323