1 0.598122 0.409963 0.486801 0.644080
1 0.594808 0.400929 0.477577 0.658087
1 0.593405 0.411529 0.480865 0.649466
1 0.601377 0.403736 0.485872 0.665990
1 0.595041 0.410043 0.489211 0.656640
1 0.601578 0.405483 0.486180 0.655609
1 0.598543 0.409341 0.499878 0.656777
1 0.605609 0.401386 0.487229 0.659332
1 0.599844 0.409973 0.503984 0.666324
1 0.608869 0.415216 0.492151 0.673034
1 0.608867 0.403600 0.501905 0.688245
1 0.601819 0.423309 0.500157 0.645442
1 0.594787 0.417606 0.481295 0.663352
1 0.601398 0.411449 0.485503 0.667674
1 0.602077 0.417184 0.477813 0.661511
1 0.604036 0.409579 0.487486 0.667202
1 0.600158 0.413050 0.490840 0.667115
1 0.600713 0.408114 0.488573 0.661927
1 0.598839 0.411596 0.495809 0.661536
1 0.603876 0.405452 0.486774 0.656274
1 0.601210 0.412350 0.500231 0.666008
1 0.611402 0.404999 0.483341 0.660605
1 0.602722 0.417235 0.490825 0.674044
1 0.607832 0.403663 0.498713 0.676201
1 0.613855 0.397206 0.496865 0.672360
1 0.602024 0.418770 0.499167 0.660757
1 0.597867 0.420151 0.495321 0.647409
1 0.589336 0.414183 0.489221 0.644014
1 0.594715 0.416749 0.486090 0.660624
1 0.601087 0.416450 0.490690 0.652483
1 0.601536 0.421549 0.484310 0.651871
1 0.603332 0.415169 0.502091 0.663151
1 0.602748 0.421636 0.498382 0.659499
1 0.603025 0.412116 0.499492 0.666910
1 0.601409 0.415550 0.500400 0.662275
1 0.606806 0.408073 0.489557 0.661087
1 0.603065 0.413779 0.499423 0.668731
1 0.610007 0.409481 0.486597 0.657180
1 0.602844 0.418311 0.491731 0.672451
1 0.603344 0.414846 0.508602 0.679727
1 0.605231 0.408418 0.496885 0.682085
1 0.599834 0.426559 0.503888 0.662077
1 0.597643 0.417567 0.494319 0.649753
1 0.592448 0.413612 0.491398 0.636127
1 0.596955 0.414301 0.490434 0.658545
1 0.599867 0.410838 0.488875 0.632108
1 0.600027 0.414147 0.489439 0.643500
1 0.604527 0.411013 0.495232 0.646787
1 0.604190 0.414561 0.498664 0.656954
1 0.604369 0.407790 0.504118 0.653431
1 0.604933 0.411717 0.507254 0.657495
1 0.608015 0.408963 0.498505 0.655834
1 0.604621 0.416237 0.501361 0.664526
1 0.610867 0.410691 0.481268 0.646345
1 0.602154 0.416297 0.491402 0.675765
1 0.599680 0.413429 0.512843 0.670324
1 0.601107 0.404752 0.507626 0.681387
1 0.614712 0.394759 0.491521 0.701857
1 0.605047 0.421204 0.504492 0.654758
1 0.599650 0.420188 0.490144 0.638992
1 0.594712 0.418784 0.496421 0.628850
1 0.598400 0.419633 0.495536 0.648603
1 0.600058 0.418081 0.494198 0.640163
1 0.601206 0.423645 0.494956 0.652881
1 0.605325 0.413487 0.498940 0.650299
1 0.606218 0.417031 0.507374 0.665953
1 0.605653 0.413161 0.507973 0.651672
1 0.606317 0.414897 0.510831 0.654563
1 0.607004 0.407983 0.511683 0.656865
1 0.603316 0.412733 0.507826 0.659952
1 0.606991 0.408166 0.496201 0.652526
1 0.597104 0.405743 0.496059 0.669413
1 0.593567 0.407237 0.509947 0.675819
1 0.597787 0.402592 0.512580 0.696432
1 0.613507 0.401694 0.501871 0.706069
1 0.605108 0.415818 0.503148 0.648941
1 0.600415 0.413952 0.494972 0.644913
1 0.596413 0.415022 0.506693 0.629193
1 0.600842 0.413553 0.503106 0.646668
1 0.598066 0.411452 0.497924 0.628716
1 0.601358 0.411735 0.499414 0.642291
1 0.602781 0.409686 0.492461 0.645835
1 0.604351 0.411687 0.503794 0.659959
1 0.604969 0.407955 0.505776 0.655364
1 0.605904 0.409955 0.513639 0.662886
1 0.604358 0.407729 0.508714 0.650393
1 0.600812 0.409440 0.514499 0.666306
1 0.606776 0.411430 0.500812 0.649433
1 0.598486 0.404390 0.499780 0.667782
1 0.597069 0.403593 0.514350 0.679325
1 0.595826 0.398803 0.524385 0.699984
1 0.601869 0.415988 0.497630 0.641454
1 0.597109 0.413463 0.496015 0.653975
1 0.594293 0.416813 0.503327 0.628917
1 0.603321 0.409574 0.501427 0.649453
1 0.603581 0.403288 0.500256 0.651235
1 0.605928 0.399048 0.495961 0.661403
1 0.608040 0.401434 0.507936 0.658156
1 0.608335 0.400063 0.512231 0.665754
1 0.606231 0.397271 0.510085 0.680817
1 0.605023 0.398009 0.505900 0.675401
1 0.602661 0.396518 0.506673 0.677950
1 0.599571 0.397044 0.501736 0.677625
1 0.610778 0.406645 0.505439 0.659714
1 0.601120 0.393788 0.505689 0.684909
1 0.598797 0.400928 0.527752 0.684809
1 0.597422 0.403930 0.518815 0.694049
1 0.598968 0.411488 0.497687 0.650056
1 0.604699 0.403766 0.505116 0.657782
1 0.600847 0.411811 0.486610 0.637388
1 0.604933 0.407159 0.494690 0.658726
1 0.609961 0.407800 0.501746 0.652532
1 0.612253 0.407303 0.512525 0.667792
1 0.607205 0.403450 0.498712 0.664150
1 0.607724 0.403959 0.504273 0.668864
1 0.607078 0.408883 0.496132 0.666827
1 0.605427 0.404006 0.502207 0.682403
1 0.602541 0.393736 0.516992 0.691977
1 0.600560 0.396863 0.528907 0.691940
1 0.602313 0.401353 0.510314 0.675669
1 0.609718 0.401610 0.523767 0.685379
1 0.612314 0.394705 0.522758 0.696327
1 0.611473 0.395124 0.525425 0.698348
1 0.608998 0.395407 0.535456 0.693670