1 0.622640 0.187853 0.153705 0.212862
1 0.622030 0.193701 0.153878 0.209900
1 0.621564 0.193843 0.154929 0.207551
1 0.622371 0.193437 0.155453 0.206436
1 0.622899 0.193569 0.154689 0.209120
1 0.621683 0.194561 0.151682 0.209861
1 0.621568 0.194800 0.155684 0.208392
1 0.621410 0.195574 0.156351 0.209784
1 0.621416 0.192980 0.156977 0.206880
1 0.622387 0.194971 0.155188 0.207257
1 0.623168 0.191708 0.154908 0.209623
1 0.621208 0.195916 0.154437 0.209853
1 0.622147 0.195248 0.155722 0.208065
1 0.622169 0.194016 0.155849 0.207395
1 0.621550 0.193639 0.156907 0.209228
1 0.622406 0.194187 0.156047 0.206405
1 0.621101 0.193828 0.153983 0.205244
1 0.621836 0.194063 0.151826 0.209327
1 0.621774 0.195756 0.153077 0.209461
1 0.621722 0.194361 0.153935 0.209040
1 0.622158 0.193674 0.153788 0.208623
1 0.622666 0.194515 0.155412 0.208794
1 0.622144 0.194264 0.154545 0.205952
1 0.620504 0.197047 0.150848 0.208456
1 0.621282 0.195414 0.154511 0.210374
1 0.622146 0.193848 0.156110 0.209179
1 0.622886 0.194279 0.155596 0.211989
1 0.622953 0.194200 0.153965 0.207024
1 0.620532 0.197211 0.152748 0.208831
1 0.621902 0.194569 0.155382 0.207947
1 0.622914 0.194772 0.158008 0.211015
1 0.624459 0.197853 0.155729 0.206639