1 0.560972 0.339326 0.250489 0.385605
1 0.553219 0.339022 0.264827 0.375462
1 0.558905 0.339858 0.262198 0.373148
1 0.558584 0.341040 0.258058 0.378065
1 0.559645 0.340435 0.260603 0.373325
1 0.564110 0.336456 0.255536 0.365696
1 0.556699 0.340899 0.265079 0.364917
1 0.559474 0.338559 0.262884 0.364321
1 0.556628 0.337148 0.266411 0.375328
1 0.558837 0.336980 0.266849 0.372990
1 0.562250 0.336963 0.259951 0.364100
1 0.556618 0.340310 0.268066 0.363548
1 0.558707 0.336939 0.263979 0.374176
1 0.557318 0.335641 0.268074 0.377243
1 0.557647 0.335464 0.264557 0.378363
1 0.556021 0.340395 0.268966 0.370178
1 0.560176 0.337308 0.267679 0.379492
1 0.558852 0.334593 0.266323 0.379962
1 0.557807 0.334896 0.265234 0.380058
1 0.555544 0.338707 0.269819 0.371884
1 0.558355 0.334722 0.267423 0.383149
1 0.557212 0.333613 0.264110 0.381987
1 0.556698 0.334665 0.260238 0.377388
1 0.554162 0.337140 0.269014 0.373792
1 0.555969 0.335294 0.270055 0.378903
1 0.556509 0.332477 0.264662 0.381446
1 0.557055 0.332495 0.262926 0.376904
1 0.552430 0.339576 0.272454 0.376485
1 0.554777 0.334258 0.268020 0.387778
1 0.555478 0.332924 0.267995 0.389318
1 0.556325 0.332964 0.263294 0.388018
1 0.554150 0.340784 0.266812 0.383320
1 0.555278 0.338214 0.265367 0.388436
1 0.551225 0.336548 0.272696 0.390597
1 0.560921 0.341781 0.267148 0.372751
1 0.557693 0.337675 0.269330 0.370755
1 0.555379 0.334992 0.268082 0.381244
1 0.556939 0.341487 0.264087 0.377485
1 0.558909 0.338722 0.264098 0.370540
1 0.559467 0.340124 0.266471 0.373631
1 0.555784 0.339129 0.265002 0.372912
1 0.561803 0.332860 0.265179 0.378020
1 0.552959 0.344143 0.271141 0.380958
1 0.555290 0.342802 0.266324 0.380986
1 0.553177 0.336599 0.271414 0.382973
1 0.552447 0.338866 0.266638 0.379194
1 0.553508 0.335214 0.264838 0.377869
1 0.557764 0.333932 0.261507 0.372139
1 0.552577 0.343987 0.271567 0.378975
1 0.557168 0.338822 0.260621 0.375005
1 0.553450 0.337843 0.266182 0.382140
1 0.554986 0.335527 0.269831 0.385855
1 0.552137 0.336146 0.267552 0.380902
1 0.557672 0.331736 0.266066 0.378358
1 0.553615 0.339267 0.266191 0.373855
1 0.550663 0.337548 0.267804 0.384909
1 0.553051 0.336651 0.265284 0.380600
1 0.553698 0.334277 0.271653 0.389153
1 0.547629 0.338299 0.277221 0.391349