1 0.789420 0.190180 0.063516 0.094466
1 0.791367 0.191264 0.062227 0.093435
1 0.790521 0.192745 0.064287 0.089350
1 0.791055 0.191796 0.064068 0.090129
1 0.793327 0.192321 0.062850 0.085204
1 0.214004 0.210808 0.065768 0.091960
1 0.213560 0.210198 0.066603 0.090095
1 0.790453 0.191615 0.063583 0.088700
1 0.790873 0.190896 0.063857 0.091386
1 0.213654 0.209571 0.067589 0.091384
1 0.213883 0.209249 0.068348 0.091197
1 0.790225 0.192054 0.063501 0.087471
1 0.790939 0.191284 0.065202 0.089022
1 0.213555 0.210001 0.066526 0.090900
1 0.214161 0.209998 0.067603 0.090697
1 0.213858 0.210537 0.066291 0.089600
1 0.214816 0.209587 0.069059 0.092477
1 0.582324 0.266851 0.058499 0.083428
1 0.582134 0.268153 0.058656 0.079158
1 0.582428 0.268873 0.058256 0.078531
1 0.583247 0.268686 0.057886 0.077192
1 0.581969 0.268297 0.058589 0.077898
1 0.582255 0.267472 0.056807 0.079773
1 0.583240 0.267863 0.056785 0.077780
1 0.581533 0.269139 0.058910 0.077168
1 0.582428 0.268670 0.057300 0.078534
1 0.582803 0.268432 0.056468 0.077883
1 0.582420 0.268678 0.056665 0.078713
1 0.790570 0.191018 0.066892 0.092650
1 0.212370 0.208224 0.069786 0.098025
1 0.213065 0.209660 0.068644 0.094061
1 0.214111 0.207965 0.069693 0.096039
1 0.789866 0.191907 0.066710 0.091463
1 0.791259 0.190958 0.065551 0.091106
1 0.792329 0.191610 0.065992 0.091584
1 0.213732 0.210142 0.069393 0.093632
1 0.213849 0.208759 0.070748 0.095719
1 0.213669 0.209818 0.069133 0.095065
1 0.789726 0.193051 0.067450 0.090154
1 0.790478 0.191716 0.065854 0.091067
1 0.791781 0.191514 0.065614 0.091521
1 0.214343 0.210635 0.069235 0.096533
1 0.214457 0.211439 0.070437 0.094114
1 0.582642 0.269106 0.058681 0.078891
1 0.581609 0.268241 0.057463 0.078373
1 0.584065 0.268453 0.057199 0.082460
1 0.582401 0.269179 0.059385 0.078660
1 0.581661 0.269529 0.058866 0.080727