1 0.635425 0.344158 0.254091 0.432648
1 0.633436 0.340903 0.263023 0.415318
1 0.626230 0.344700 0.269472 0.437832
1 0.628765 0.342586 0.264730 0.443226
1 0.626361 0.338844 0.265544 0.443441
1 0.621730 0.344250 0.258763 0.427057
1 0.632071 0.341138 0.260608 0.423849
1 0.633406 0.340871 0.257342 0.437009
1 0.630089 0.340080 0.260015 0.428059
1 0.626308 0.341432 0.258633 0.431705
1 0.623878 0.340612 0.255135 0.423859
1 0.629889 0.342853 0.263703 0.426351
1 0.632460 0.339463 0.262704 0.432029
1 0.628862 0.339556 0.263266 0.422138
1 0.629561 0.341231 0.261579 0.421494
1 0.631022 0.336401 0.256694 0.429076
1 0.626459 0.345260 0.253793 0.424134
1 0.630932 0.340984 0.263057 0.422699
1 0.631227 0.340199 0.266036 0.431848
1 0.626399 0.337175 0.259938 0.432688
1 0.630390 0.341080 0.274976 0.427403
1 0.633938 0.339730 0.265477 0.419941
1 0.622799 0.344395 0.258337 0.417106
1 0.628201 0.339049 0.275777 0.434238
1 0.624083 0.338779 0.269692 0.424598
1 0.625296 0.339253 0.265049 0.431808
1 0.630852 0.338295 0.274922 0.436966
1 0.622667 0.337254 0.272612 0.432619
1 0.626142 0.338891 0.276614 0.437246
1 0.629819 0.342438 0.270598 0.433036