1 0.463700 0.523628 0.383044 0.554293
1 0.468676 0.528369 0.381889 0.553945
1 0.463473 0.524387 0.382839 0.567515
1 0.468071 0.533112 0.384821 0.569497
1 0.465833 0.534830 0.385300 0.567939
1 0.468772 0.534055 0.388327 0.570188
1 0.466930 0.531178 0.387715 0.560224
1 0.468365 0.533013 0.389338 0.556424
1 0.467000 0.534460 0.387866 0.553411
1 0.464306 0.531652 0.389896 0.558523
1 0.468481 0.528317 0.391824 0.561470
1 0.463172 0.530784 0.388665 0.539768
1 0.465808 0.530354 0.387940 0.549447
1 0.471540 0.531507 0.387951 0.545727
1 0.466739 0.529595 0.392814 0.549390
1 0.465799 0.528841 0.388369 0.546160
1 0.465840 0.530583 0.391309 0.551347
1 0.467237 0.530009 0.389645 0.536854
1 0.469555 0.526509 0.391845 0.542396
1 0.468620 0.529379 0.390239 0.543478
1 0.466204 0.529391 0.386106 0.543313
1 0.468562 0.529060 0.394618 0.541310
1 0.465118 0.528499 0.393006 0.550291
1 0.473057 0.530968 0.384933 0.539454
1 0.468749 0.529170 0.389486 0.538287
1 0.469043 0.524592 0.390915 0.547904
1 0.469881 0.527854 0.392759 0.545795
1 0.465891 0.529259 0.387439 0.541962
1 0.469459 0.528148 0.390475 0.541289
1 0.468277 0.524330 0.396058 0.551720
1 0.467976 0.525092 0.392647 0.548104
1 0.468879 0.527564 0.390467 0.548714
1 0.470390 0.525723 0.387637 0.544518
1 0.468532 0.526471 0.391953 0.547080
1 0.469841 0.524737 0.390806 0.551067
1 0.466691 0.530113 0.391509 0.531190
1 0.467999 0.523287 0.396647 0.545233
1 0.467524 0.524699 0.391484 0.543318
1 0.468766 0.525165 0.396702 0.549362
1 0.466570 0.539609 0.391533 0.521821
1 0.467831 0.533547 0.393757 0.529883