1 0.545322 0.299342 0.199556 0.290164
1 0.546279 0.303486 0.195741 0.276573
1 0.546088 0.302961 0.197430 0.277793
1 0.547089 0.303018 0.198931 0.277176
1 0.545761 0.303432 0.198182 0.276114
1 0.544778 0.304081 0.201255 0.271801
1 0.543954 0.302466 0.196684 0.277746
1 0.545074 0.304102 0.200178 0.279864
1 0.546204 0.303838 0.199390 0.277767
1 0.546062 0.305121 0.196100 0.274133
1 0.544054 0.303559 0.197219 0.271126
1 0.543420 0.303801 0.198673 0.277723
1 0.546431 0.304386 0.199512 0.279030
1 0.544489 0.303818 0.199374 0.278294
1 0.544631 0.303288 0.198892 0.277327
1 0.544404 0.303072 0.194868 0.274492
1 0.544602 0.304149 0.197343 0.273417
1 0.543588 0.303505 0.202886 0.277052
1 0.544173 0.304199 0.200924 0.271091
1 0.544664 0.302658 0.198421 0.277287
1 0.544496 0.302607 0.199518 0.274544
1 0.544257 0.304154 0.197922 0.274864
1 0.543533 0.303466 0.198529 0.278385
1 0.542774 0.304292 0.199472 0.276652
1 0.543604 0.303940 0.201653 0.271653
1 0.543736 0.301883 0.199234 0.277477
1 0.543767 0.302382 0.199007 0.274786
1 0.544044 0.303727 0.199139 0.274798
1 0.542079 0.304650 0.202391 0.272809
1 0.542698 0.304787 0.200422 0.275804
1 0.544118 0.304735 0.202752 0.273875
1 0.542597 0.304046 0.204857 0.274974
1 0.543117 0.303250 0.199306 0.279999
1 0.542827 0.303356 0.199383 0.277502
1 0.542590 0.303847 0.201207 0.276518
1 0.542588 0.304626 0.200137 0.281371
1 0.541464 0.304266 0.204067 0.276650
1 0.542665 0.303531 0.202945 0.275699
1 0.543729 0.303381 0.200049 0.277083
1 0.543853 0.306471 0.203380 0.291539
1 0.543678 0.305050 0.209831 0.292415