1 0.808940 0.162120 0.018231 0.027128
1 0.808552 0.163477 0.019215 0.027843
1 0.439592 0.367805 0.279335 0.373465
1 0.441239 0.368081 0.286371 0.372243
1 0.438897 0.367381 0.281828 0.366833
1 0.441291 0.370581 0.284526 0.374046
1 0.440601 0.369084 0.290865 0.377367
1 0.439392 0.369262 0.286440 0.368317
1 0.440895 0.368575 0.287438 0.367053
1 0.440598 0.371947 0.286784 0.377940
1 0.440385 0.369934 0.291695 0.382796
1 0.441064 0.369538 0.291257 0.380452
1 0.442290 0.371944 0.292271 0.372174
1 0.440126 0.371124 0.285196 0.369651
1 0.441546 0.370067 0.287083 0.375161
1 0.441230 0.368750 0.289725 0.375567
1 0.441133 0.370511 0.293376 0.374547
1 0.438795 0.371462 0.286071 0.373273
1 0.441686 0.370148 0.286839 0.377307
1 0.441137 0.367580 0.289657 0.372381
1 0.441161 0.371135 0.293364 0.369940
1 0.440191 0.371742 0.282757 0.371581
1 0.440689 0.371009 0.285700 0.369961
1 0.439280 0.368824 0.289191 0.365864
1 0.441235 0.371580 0.293529 0.363977
1 0.441422 0.371226 0.287500 0.365620
1 0.441117 0.370484 0.288647 0.366166
1 0.440523 0.372408 0.292801 0.363946
1 0.441978 0.373543 0.297086 0.359968
1 0.439300 0.364744 0.309151 0.384672
1 0.442782 0.365049 0.305329 0.389803
1 0.445411 0.370262 0.293900 0.382402
1 0.443017 0.368515 0.292181 0.375598
1 0.442807 0.369301 0.293363 0.376885
1 0.444480 0.370991 0.291942 0.376459
1 0.444520 0.369022 0.290744 0.379812
1 0.442205 0.370589 0.293430 0.381307
1 0.442890 0.373157 0.294342 0.374575
1 0.442301 0.369426 0.291153 0.377585
1 0.444454 0.371418 0.292006 0.365710
1 0.441497 0.368111 0.300060 0.379165
1 0.444651 0.369055 0.293173 0.377755
1 0.439022 0.368741 0.293933 0.378188
1 0.442419 0.368939 0.291056 0.373501
1 0.441941 0.368641 0.288345 0.378681
1 0.440326 0.369895 0.292822 0.371962
1 0.441199 0.369261 0.296273 0.377155
1 0.443602 0.367655 0.295120 0.373279
1 0.440340 0.367554 0.293574 0.381719
1 0.443553 0.370700 0.294593 0.379892
1 0.442769 0.367766 0.299360 0.379284
1 0.443827 0.369521 0.299213 0.375635
1 0.443195 0.373322 0.299418 0.370137
1 0.438702 0.370715 0.291410 0.377125
1 0.441298 0.369543 0.291024 0.375475
1 0.442871 0.371040 0.291025 0.375735
1 0.443670 0.370491 0.298124 0.373523