1 0.430973 0.154620 0.118141 0.162240
1 0.428777 0.155950 0.114009 0.161005
1 0.429900 0.156682 0.117258 0.159766
1 0.429947 0.156904 0.112268 0.153843
1 0.429468 0.155723 0.116463 0.157413
1 0.429071 0.155652 0.116081 0.160088
1 0.429882 0.158815 0.115492 0.154219
1 0.430087 0.158887 0.115689 0.156288
1 0.429855 0.158068 0.114967 0.153552
1 0.430906 0.158887 0.114876 0.154294
1 0.430747 0.158507 0.114443 0.155094
1 0.432350 0.159624 0.114713 0.147099
1 0.430441 0.158139 0.116064 0.153877
1 0.431612 0.157370 0.114247 0.158713
1 0.430133 0.157458 0.114730 0.154039
1 0.430027 0.158710 0.115883 0.156604
1 0.430411 0.159391 0.115662 0.156142
1 0.430422 0.158492 0.115359 0.155450
1 0.429447 0.158970 0.114946 0.155015
1 0.431069 0.159076 0.117205 0.150216
1 0.429726 0.158759 0.115472 0.154995
1 0.430402 0.156424 0.114004 0.159144
1 0.429548 0.157793 0.115976 0.154930
1 0.429958 0.157418 0.115468 0.155502
1 0.428586 0.158284 0.115122 0.153145
1 0.429572 0.158424 0.115886 0.152585
1 0.429545 0.159752 0.116284 0.153175
1 0.433317 0.160323 0.115999 0.149284
1 0.430667 0.157818 0.115988 0.155579