1 0.371886 0.326443 0.332433 0.502025
1 0.373235 0.328661 0.329020 0.502240
1 0.374406 0.326481 0.330810 0.502661
1 0.376050 0.319436 0.339980 0.490821
1 0.371046 0.321541 0.336451 0.479278
1 0.372044 0.323486 0.331783 0.483196
1 0.372175 0.324073 0.324578 0.478445
1 0.376400 0.318912 0.327308 0.498921
1 0.363051 0.319139 0.322903 0.483980
1 0.376813 0.319844 0.338778 0.489942
1 0.374624 0.322640 0.334591 0.487448
1 0.373993 0.322268 0.334606 0.471972
1 0.369957 0.321638 0.321319 0.473763
1 0.374445 0.323733 0.319700 0.475260
1 0.365532 0.324837 0.321923 0.466193
1 0.375545 0.322964 0.334538 0.486137
1 0.376082 0.319787 0.329883 0.484941
1 0.374048 0.319284 0.331247 0.479901
1 0.371805 0.322217 0.322121 0.475691
1 0.373815 0.319954 0.322738 0.482848
1 0.376399 0.325814 0.334102 0.480797
1 0.360897 0.320762 0.321497 0.471756
1 0.373646 0.320953 0.331396 0.478676
1 0.373794 0.316843 0.331744 0.483239
1 0.370711 0.321481 0.325268 0.469335
1 0.372165 0.322394 0.323691 0.468926
1 0.373783 0.319753 0.323822 0.477125
1 0.372246 0.324059 0.328378 0.466649
1 0.371151 0.323414 0.328741 0.471586
1 0.372808 0.325321 0.320970 0.470946
1 0.371386 0.326690 0.326292 0.462747
1 0.378020 0.323501 0.334689 0.472676
1 0.371740 0.324746 0.334903 0.468866
1 0.372270 0.324121 0.332507 0.470974
1 0.377229 0.325079 0.333656 0.473602