1 0.600232 0.328709 0.314592 0.441340
1 0.599850 0.328833 0.313765 0.445768
1 0.598217 0.323282 0.315646 0.438107
1 0.601917 0.323689 0.309038 0.427922
1 0.599391 0.323042 0.307700 0.429487
1 0.600700 0.321549 0.307043 0.426121
1 0.601285 0.324507 0.307765 0.441111
1 0.601886 0.322316 0.313626 0.433281
1 0.603632 0.322240 0.317157 0.431503
1 0.605199 0.321886 0.315992 0.429090
1 0.599604 0.322503 0.310209 0.424728
1 0.600279 0.319028 0.322492 0.436786
1 0.602869 0.326203 0.304663 0.431193
1 0.602807 0.322510 0.314012 0.436566
1 0.602116 0.322985 0.314951 0.436479
1 0.602440 0.323429 0.316769 0.432764
1 0.597464 0.321494 0.310640 0.432672
1 0.598446 0.321964 0.322413 0.444550
1 0.599541 0.328410 0.313544 0.438313
1 0.602896 0.321909 0.316487 0.435744
1 0.603830 0.321776 0.314697 0.435470
1 0.598751 0.321659 0.317598 0.441822
1 0.598571 0.322040 0.315370 0.441517
1 0.602735 0.321196 0.319716 0.438245
1 0.601788 0.322870 0.318068 0.426869
1 0.604775 0.319496 0.316597 0.440105
1 0.600225 0.319406 0.317714 0.436095
1 0.601140 0.316297 0.319423 0.447835
1 0.602365 0.324347 0.319986 0.435627
1 0.603092 0.324139 0.321905 0.441044