1 0.522877 0.232457 0.171728 0.248915
1 0.524055 0.235884 0.168814 0.241682
1 0.524277 0.236084 0.168282 0.238943
1 0.525712 0.232659 0.168876 0.244874
1 0.523716 0.229753 0.172925 0.253061
1 0.525173 0.233979 0.170802 0.244172
1 0.524849 0.234020 0.169454 0.242515
1 0.525239 0.234602 0.169058 0.240401
1 0.524541 0.235282 0.169216 0.239278
1 0.525272 0.232803 0.170757 0.245386
1 0.525435 0.234022 0.171880 0.243892
1 0.525127 0.234940 0.171157 0.244514
1 0.523796 0.234925 0.169612 0.240039
1 0.523082 0.235116 0.171354 0.239359
1 0.523713 0.236668 0.169962 0.238612
1 0.525324 0.233093 0.168947 0.246247
1 0.525358 0.234752 0.168945 0.241499
1 0.525838 0.235654 0.168943 0.241408
1 0.524192 0.234884 0.167895 0.239578
1 0.524147 0.236442 0.170315 0.239932
1 0.523544 0.237090 0.171803 0.237480
1 0.524104 0.233192 0.169908 0.241158
1 0.524031 0.234381 0.168879 0.242819
1 0.524918 0.233001 0.168594 0.243435
1 0.523893 0.234080 0.167987 0.239671
1 0.523490 0.235062 0.169708 0.240727
1 0.524198 0.236875 0.172835 0.237505
1 0.523774 0.233784 0.170360 0.244559
1 0.525222 0.233223 0.172128 0.245273
1 0.524543 0.235094 0.171381 0.239994
1 0.523666 0.236326 0.170783 0.242948
1 0.522586 0.239225 0.172645 0.244046
1 0.525060 0.236147 0.171608 0.240961
1 0.525578 0.235965 0.170978 0.242998
1 0.526369 0.239826 0.172773 0.239609