1 0.385067 0.398523 0.251142 0.413827
1 0.385864 0.398598 0.253422 0.418561
1 0.388604 0.398016 0.256600 0.424017
1 0.384691 0.399781 0.256717 0.394215
1 0.385590 0.399189 0.261010 0.402687
1 0.387049 0.399508 0.258200 0.407428
1 0.383167 0.396637 0.258194 0.401122
1 0.386489 0.394698 0.264092 0.409884
1 0.386500 0.397328 0.262240 0.407304
1 0.384942 0.396164 0.257009 0.419339
1 0.386003 0.395359 0.263873 0.420307
1 0.387225 0.397397 0.266026 0.417446
1 0.384186 0.396836 0.259554 0.415120
1 0.385295 0.396911 0.260914 0.412973
1 0.385143 0.398547 0.265202 0.410315
1 0.384050 0.396941 0.258467 0.405456
1 0.385776 0.395942 0.258822 0.407548
1 0.385663 0.397367 0.262080 0.405824
1 0.384514 0.397296 0.252577 0.406701
1 0.385675 0.396047 0.255761 0.408373
1 0.384552 0.396881 0.257404 0.403867
1 0.384799 0.397539 0.246868 0.411067
1 0.384539 0.395018 0.251740 0.408339
1 0.387041 0.396696 0.256384 0.409403
1 0.390440 0.395361 0.265363 0.430023
1 0.392571 0.394908 0.269665 0.415158
1 0.394184 0.392071 0.271475 0.426344
1 0.401898 0.389659 0.270690 0.441864
1 0.387432 0.390235 0.261073 0.422364
1 0.389016 0.392828 0.268044 0.419499
1 0.392242 0.394892 0.266070 0.418344
1 0.388295 0.392920 0.265752 0.416802
1 0.394391 0.393205 0.266634 0.422874
1 0.386831 0.396969 0.267346 0.415932
1 0.389839 0.392967 0.269995 0.414701
1 0.391088 0.394185 0.260892 0.417130
1 0.390034 0.392736 0.267327 0.416643
1 0.392750 0.391487 0.264383 0.424138
1 0.398299 0.392168 0.272494 0.423169
1 0.386566 0.396585 0.262323 0.405947
1 0.392656 0.396821 0.261829 0.406617
1 0.392243 0.394534 0.262682 0.411413
1 0.392585 0.399419 0.266536 0.417168
1 0.392649 0.394557 0.263025 0.423405
1 0.397471 0.394456 0.279631 0.419308
1 0.386775 0.396795 0.257360 0.403224
1 0.391280 0.395457 0.262796 0.410724
1 0.393649 0.397314 0.262486 0.416011
1 0.394513 0.392781 0.262665 0.419414
1 0.396936 0.392175 0.259400 0.411268
1 0.390353 0.401480 0.265464 0.410171
1 0.395663 0.399527 0.266391 0.409712
1 0.397897 0.396588 0.270376 0.412306