1 0.523778 0.364017 0.222544 0.306176
1 0.526908 0.364367 0.220495 0.307621
1 0.526185 0.363459 0.223350 0.302524
1 0.525522 0.365437 0.221471 0.297844
1 0.524722 0.365637 0.224919 0.302559
1 0.524682 0.363502 0.223997 0.305735
1 0.524538 0.362962 0.226013 0.305571
1 0.526541 0.365062 0.221564 0.303488
1 0.524106 0.365209 0.220668 0.303600
1 0.524960 0.365876 0.224135 0.302501
1 0.523690 0.364506 0.222434 0.305602
1 0.525710 0.364967 0.225933 0.305938
1 0.524996 0.366272 0.225756 0.305059
1 0.526866 0.366053 0.222595 0.309545
1 0.526530 0.365664 0.220942 0.307880
1 0.524825 0.364832 0.223299 0.309796
1 0.523798 0.366092 0.225206 0.309569
1 0.525029 0.365956 0.223306 0.309349
1 0.525109 0.366302 0.227082 0.308222
1 0.525750 0.364503 0.223955 0.309488
1 0.524800 0.365162 0.223121 0.310753
1 0.525191 0.364538 0.221628 0.308236
1 0.525256 0.364330 0.227736 0.310205
1 0.526167 0.365250 0.224161 0.306510
1 0.523918 0.365599 0.228367 0.308693
1 0.524822 0.364473 0.226610 0.309348
1 0.525747 0.365050 0.224779 0.309420
1 0.525251 0.365656 0.227351 0.311374
1 0.525570 0.365608 0.225947 0.309703
1 0.526404 0.365702 0.224439 0.305377
1 0.523793 0.364847 0.228435 0.307703
1 0.524640 0.364882 0.224866 0.311404
1 0.525288 0.363981 0.225308 0.309890
1 0.525430 0.365596 0.226966 0.308495
1 0.525795 0.366217 0.226037 0.310807
1 0.525720 0.366556 0.224728 0.306252
1 0.524833 0.364095 0.229375 0.311102
1 0.525894 0.365390 0.229337 0.312879
1 0.524793 0.365911 0.227025 0.312717
1 0.524786 0.366346 0.228781 0.313578
1 0.525001 0.365608 0.229896 0.317546
1 0.525084 0.367505 0.228147 0.310770
1 0.530014 0.368968 0.234523 0.316512
1 0.528429 0.371277 0.226036 0.307294
1 0.528392 0.367555 0.227473 0.302969
1 0.526978 0.370188 0.225886 0.307126
1 0.522701 0.369778 0.225472 0.313054
1 0.529146 0.366470 0.227166 0.305679
1 0.526765 0.366172 0.228123 0.311342
1 0.527404 0.366895 0.226659 0.308010
1 0.529353 0.369205 0.223312 0.304154
1 0.524703 0.367636 0.226198 0.313808
1 0.525303 0.368457 0.230855 0.309150
1 0.525428 0.367512 0.231174 0.305472
1 0.527033 0.365869 0.230165 0.309111
1 0.524779 0.366587 0.221523 0.308632
1 0.525536 0.367720 0.224230 0.309238
1 0.524581 0.368410 0.224224 0.310076