1 0.488363 0.250549 0.268888 0.393787
1 0.488530 0.254281 0.267538 0.392762
1 0.488325 0.255245 0.268097 0.388106
1 0.489013 0.256186 0.271805 0.386688
1 0.488767 0.255508 0.272659 0.386230
1 0.486991 0.252836 0.271706 0.383030
1 0.488456 0.252545 0.277197 0.389566
1 0.489790 0.254573 0.276067 0.385424
1 0.484292 0.253968 0.268095 0.386833
1 0.488953 0.252063 0.276834 0.392767
1 0.488051 0.253928 0.275294 0.387655
1 0.483835 0.254192 0.268170 0.386741
1 0.488001 0.253551 0.274977 0.390429
1 0.486851 0.253042 0.278045 0.390956
1 0.484816 0.255259 0.267698 0.389050
1 0.485804 0.252500 0.269655 0.388366
1 0.485678 0.252015 0.275197 0.387363
1 0.486121 0.253806 0.268216 0.386131
1 0.486689 0.252848 0.268529 0.386825
1 0.484663 0.252734 0.273052 0.385435
1 0.485770 0.254728 0.267555 0.389645
1 0.487163 0.255248 0.270586 0.384621
1 0.485913 0.256402 0.273237 0.388559
1 0.489014 0.247200 0.278934 0.406679
1 0.490797 0.248382 0.278218 0.397466
1 0.493340 0.251281 0.279480 0.402227
1 0.486583 0.250221 0.279826 0.395629
1 0.490318 0.250635 0.277259 0.388419
1 0.488582 0.247266 0.279701 0.390716
1 0.488086 0.251136 0.279545 0.396269
1 0.492537 0.251416 0.276474 0.396076
1 0.486543 0.255325 0.273809 0.388705
1 0.491858 0.254851 0.278310 0.390114
1 0.491582 0.251905 0.280798 0.397064
1 0.490175 0.254390 0.277305 0.395922
1 0.491268 0.251704 0.272795 0.393072
1 0.493302 0.247789 0.276361 0.399788
1 0.488167 0.256967 0.272926 0.381891
1 0.490812 0.254599 0.273066 0.384407
1 0.491088 0.254160 0.278845 0.392808
1 0.493731 0.256278 0.277799 0.391174
1 0.490458 0.251005 0.274993 0.399449
1 0.490025 0.252590 0.274843 0.400963
1 0.487381 0.252020 0.265090 0.384572
1 0.487426 0.252655 0.275157 0.390938
1 0.488407 0.255366 0.280152 0.395730
1 0.492246 0.253788 0.279891 0.389352
1 0.492287 0.250565 0.277403 0.392988
1 0.486612 0.253102 0.271140 0.393650
1 0.490430 0.257048 0.274386 0.394087
1 0.494300 0.254933 0.271382 0.385742