1 0.536547 0.333043 0.362230 0.518240
1 0.534614 0.336199 0.364604 0.518108
1 0.535103 0.335479 0.365121 0.522042
1 0.530162 0.336794 0.367542 0.524036
1 0.530137 0.343123 0.367375 0.518796
1 0.529270 0.339079 0.368266 0.518385
1 0.531298 0.335964 0.374473 0.521771
1 0.534217 0.332434 0.374356 0.521967
1 0.530507 0.346556 0.365546 0.525502
1 0.528848 0.343135 0.367535 0.516787
1 0.531427 0.343415 0.368650 0.522812
1 0.531996 0.341865 0.372340 0.525534
1 0.533834 0.343222 0.376219 0.528768
1 0.535043 0.340445 0.375413 0.521403
1 0.526585 0.347682 0.365406 0.505245
1 0.530509 0.346496 0.368201 0.523509
1 0.530595 0.342944 0.368925 0.513382
1 0.531382 0.344253 0.371851 0.521994
1 0.533698 0.343572 0.373914 0.521398
1 0.534418 0.342601 0.373420 0.521254
1 0.532315 0.342938 0.375922 0.526476
1 0.528864 0.351846 0.361565 0.500392
1 0.530509 0.345153 0.366658 0.510373
1 0.532210 0.346747 0.370590 0.511070
1 0.531644 0.348217 0.369743 0.518209
1 0.531993 0.344615 0.371184 0.519719
1 0.533912 0.340484 0.374529 0.521869
1 0.534805 0.344552 0.371366 0.514353
1 0.529665 0.343036 0.366772 0.522649
1 0.531182 0.345207 0.367408 0.518419
1 0.534496 0.344354 0.371663 0.521029
1 0.534345 0.345301 0.371321 0.519132
1 0.532959 0.341422 0.372409 0.520292
1 0.537825 0.345378 0.375522 0.511468
1 0.527229 0.352236 0.369668 0.504914
1 0.531325 0.348128 0.372563 0.508509
1 0.532945 0.351702 0.373350 0.500715
1 0.532696 0.348379 0.368451 0.501740
1 0.535069 0.346551 0.375039 0.512896
1 0.530438 0.355005 0.371480 0.502805
1 0.530289 0.346945 0.373856 0.515360
1 0.535314 0.351340 0.369678 0.501694