1 0.077398 0.357278 0.058424 0.098385
1 0.076036 0.358390 0.060256 0.095154
1 0.076995 0.358358 0.061549 0.094758
1 0.076571 0.356897 0.060783 0.095125
1 0.077658 0.356649 0.058512 0.094649
1 0.860893 0.362034 0.030363 0.040353
1 0.861589 0.362282 0.030779 0.042244
1 0.860538 0.362589 0.030668 0.042203
1 0.076054 0.357110 0.061649 0.093580
1 0.076919 0.356887 0.062543 0.094951
1 0.861224 0.362380 0.029573 0.039767
1 0.862213 0.361996 0.030646 0.042340
1 0.863320 0.363320 0.028146 0.038688
1 0.861530 0.362438 0.030415 0.040495
1 0.075289 0.357951 0.061969 0.093372
1 0.076506 0.358218 0.061043 0.096568
1 0.281385 0.378895 0.011284 0.014458
1 0.727327 0.388734 0.022323 0.033315
1 0.984550 0.381512 0.022415 0.027925
1 0.725253 0.389938 0.024434 0.033925
1 0.726410 0.389468 0.023092 0.033321
1 0.352897 0.197693 0.152047 0.215490
1 0.354817 0.198419 0.153183 0.209390
1 0.355931 0.200296 0.153001 0.210684
1 0.355462 0.199661 0.153842 0.213111
1 0.354938 0.199679 0.152112 0.213997
1 0.354310 0.201902 0.151365 0.211854
1 0.355319 0.199572 0.154856 0.212642
1 0.355378 0.201362 0.153131 0.210378
1 0.356136 0.199209 0.155346 0.211738
1 0.355701 0.199089 0.153046 0.211449
1 0.355716 0.200280 0.152047 0.213558
1 0.355872 0.200379 0.152274 0.212673
1 0.354886 0.199731 0.154921 0.214354
1 0.355733 0.200277 0.154274 0.211103
1 0.355646 0.199609 0.154160 0.208023
1 0.356121 0.199244 0.154754 0.211827
1 0.354969 0.198854 0.150795 0.209309
1 0.355147 0.200360 0.150675 0.212558
1 0.356459 0.200000 0.152093 0.213411
1 0.355930 0.199968 0.151097 0.211960
1 0.355608 0.200110 0.154188 0.212179
1 0.356635 0.198722 0.152282 0.214009
1 0.355625 0.199304 0.151425 0.213615
1 0.356434 0.199129 0.152054 0.215219
1 0.356608 0.199243 0.153445 0.212726
1 0.357118 0.200240 0.156258 0.213157
1 0.357462 0.197977 0.153445 0.215715
1 0.356825 0.200199 0.152094 0.214927
1 0.355292 0.201228 0.153011 0.212478
1 0.076334 0.357224 0.060407 0.093782
1 0.075719 0.358074 0.062025 0.096314
1 0.075470 0.358304 0.061960 0.094193
1 0.075431 0.356602 0.063082 0.094538
1 0.075139 0.357794 0.064742 0.095825
1 0.075236 0.357859 0.065649 0.096080