1 0.504193 0.414516 0.304152 0.399294
1 0.504510 0.416173 0.301611 0.398718
1 0.505351 0.416509 0.304525 0.393778
1 0.504631 0.418840 0.302453 0.392205
1 0.503956 0.418323 0.302630 0.385144
1 0.506322 0.417283 0.305059 0.390916
1 0.508319 0.415756 0.303952 0.391481
1 0.505020 0.418548 0.302112 0.395981
1 0.504422 0.419072 0.304499 0.394350
1 0.505263 0.416508 0.303277 0.390698
1 0.504463 0.415333 0.304586 0.393724
1 0.505134 0.418395 0.304725 0.388885
1 0.506335 0.418975 0.305269 0.387263
1 0.503226 0.414447 0.304615 0.393533
1 0.505080 0.418046 0.302474 0.393511
1 0.505735 0.415837 0.306943 0.398018
1 0.506425 0.415073 0.305381 0.391793
1 0.506784 0.415665 0.304487 0.389278
1 0.505556 0.420705 0.306853 0.389940
1 0.504569 0.416749 0.297004 0.391151
1 0.506940 0.416448 0.302667 0.396200
1 0.505103 0.416273 0.307683 0.396752
1 0.506865 0.417198 0.308361 0.389782
1 0.506030 0.418823 0.304554 0.389884
1 0.503647 0.417123 0.301555 0.399403
1 0.506241 0.416577 0.305371 0.393500
1 0.505340 0.414896 0.303707 0.401285
1 0.508318 0.415877 0.303426 0.400978
1 0.505354 0.419274 0.306299 0.395589