1 0.533954 0.281052 0.266988 0.378827
1 0.536789 0.280831 0.263321 0.369487
1 0.536222 0.280259 0.264528 0.369976
1 0.531551 0.285491 0.272907 0.366832
1 0.536635 0.284622 0.273602 0.370075
1 0.536580 0.282183 0.271020 0.363291
1 0.535564 0.282798 0.274838 0.363669
1 0.537817 0.279526 0.268126 0.364710
1 0.533725 0.285561 0.277198 0.361888
1 0.536807 0.283530 0.277785 0.364700
1 0.535783 0.282598 0.277398 0.359978
1 0.535316 0.283334 0.275282 0.363057
1 0.536976 0.282675 0.271800 0.360358
1 0.534507 0.286319 0.274096 0.358453
1 0.537196 0.282851 0.274982 0.368300
1 0.536888 0.283502 0.273944 0.365152
1 0.534720 0.283044 0.275161 0.367923
1 0.537706 0.282327 0.270115 0.363371
1 0.533389 0.285579 0.277085 0.362460
1 0.536632 0.282811 0.274933 0.373816
1 0.536500 0.281395 0.272706 0.369928
1 0.535031 0.281646 0.272255 0.370532
1 0.537702 0.282918 0.269041 0.365048
1 0.533865 0.283786 0.277278 0.361943
1 0.535598 0.281821 0.277863 0.369404
1 0.535723 0.281857 0.276327 0.373643
1 0.535432 0.281250 0.270225 0.372584
1 0.537504 0.282547 0.271892 0.366011
1 0.533317 0.282099 0.276270 0.362800
1 0.533868 0.281268 0.276373 0.367627
1 0.534932 0.281046 0.276998 0.371532
1 0.534689 0.280328 0.273289 0.374273
1 0.537801 0.281434 0.277723 0.365700
1 0.535788 0.280012 0.272902 0.370337
1 0.536133 0.279497 0.276105 0.371194
1 0.533543 0.279017 0.277161 0.375088
1 0.535550 0.289169 0.272942 0.372920
1 0.535790 0.286171 0.270487 0.364474
1 0.535796 0.282562 0.267965 0.364190
1 0.535699 0.275087 0.270415 0.368963
1 0.537285 0.288014 0.277503 0.374070
1 0.535732 0.288527 0.268690 0.373157
1 0.533697 0.285745 0.270287 0.372058
1 0.533611 0.288343 0.265366 0.361362
1 0.535941 0.285283 0.273795 0.370434
1 0.536587 0.285643 0.274159 0.371171
1 0.534314 0.283770 0.273759 0.379032
1 0.535274 0.286492 0.268177 0.374452
1 0.532492 0.288628 0.267442 0.364861
1 0.534947 0.283241 0.271213 0.365784
1 0.534843 0.281461 0.271510 0.371273
1 0.537227 0.287070 0.276631 0.371505
1 0.536522 0.283890 0.270653 0.373671
1 0.536006 0.286343 0.267517 0.374985
1 0.533449 0.284352 0.270492 0.370479
1 0.532269 0.285216 0.272522 0.369062
1 0.533466 0.287011 0.285408 0.369047
1 0.535303 0.283240 0.277089 0.369377
1 0.529627 0.284796 0.274087 0.370852
1 0.531651 0.287011 0.272295 0.372268
1 0.536955 0.285139 0.269247 0.373156