1 0.702136 0.460132 0.413520 0.547059
1 0.702891 0.461451 0.416494 0.552896
1 0.699275 0.455467 0.407408 0.526201
1 0.702569 0.458857 0.414048 0.532776
1 0.700899 0.457883 0.415913 0.535149
1 0.703563 0.453934 0.418493 0.536787
1 0.712089 0.450205 0.410785 0.545692
1 0.696144 0.456146 0.410134 0.524682
1 0.702931 0.451994 0.414027 0.515572
1 0.707180 0.452220 0.418788 0.511141
1 0.701088 0.449253 0.416092 0.512009
1 0.702162 0.454730 0.415898 0.517536
1 0.708033 0.452932 0.408087 0.520339
1 0.710690 0.456005 0.419292 0.556537
1 0.698554 0.451720 0.411183 0.513497
1 0.703930 0.448318 0.415101 0.504127
1 0.708219 0.448101 0.417929 0.511898
1 0.703646 0.447915 0.413904 0.509014
1 0.703845 0.448067 0.420657 0.513755
1 0.703887 0.450048 0.412457 0.517873
1 0.698099 0.446410 0.407943 0.511470
1 0.703250 0.444366 0.420094 0.512257
1 0.707580 0.444651 0.424869 0.515584
1 0.702411 0.448067 0.419772 0.507854
1 0.702252 0.445129 0.421251 0.521070
1 0.702545 0.447337 0.417735 0.515436
1 0.695688 0.447480 0.410505 0.511652
1 0.699684 0.447994 0.413680 0.514744
1 0.708815 0.446059 0.424394 0.520232
1 0.705138 0.446605 0.419028 0.523460
1 0.703512 0.447286 0.426905 0.521527
1 0.705209 0.448636 0.424894 0.516192
1 0.702602 0.451767 0.417134 0.508955
1 0.708586 0.454651 0.420524 0.501761
1 0.707644 0.450700 0.419833 0.509599
1 0.707697 0.448875 0.427235 0.518884
1 0.713020 0.455593 0.424142 0.511537
1 0.703448 0.449097 0.421277 0.524988
1 0.707048 0.446701 0.410244 0.527530