1 0.466472 0.262118 0.193952 0.288624
1 0.468497 0.260636 0.197408 0.294391
1 0.468325 0.263439 0.199333 0.282641
1 0.467439 0.264216 0.199466 0.280429
1 0.467222 0.265558 0.199748 0.282979
1 0.468870 0.261334 0.198571 0.289363
1 0.465156 0.264132 0.199646 0.285559
1 0.467834 0.264739 0.203249 0.282446
1 0.467609 0.264174 0.198382 0.282626
1 0.467730 0.264168 0.203261 0.282999
1 0.467463 0.263489 0.199770 0.282431
1 0.466785 0.264251 0.202555 0.280617
1 0.466758 0.263471 0.201505 0.279558
1 0.466426 0.263437 0.200753 0.282563
1 0.466753 0.263453 0.202271 0.280703
1 0.467483 0.262649 0.201800 0.284141
1 0.469513 0.262944 0.202960 0.284586
1 0.467104 0.262027 0.202706 0.281214
1 0.467116 0.262452 0.203912 0.284041
1 0.466126 0.262023 0.201674 0.282126
1 0.466911 0.262499 0.201762 0.279096
1 0.467799 0.262203 0.203620 0.280420
1 0.469716 0.263801 0.200799 0.277683
1 0.466524 0.261919 0.201888 0.284038
1 0.467014 0.262813 0.203493 0.284819
1 0.466470 0.262948 0.203996 0.281699
1 0.468366 0.263621 0.202261 0.277648
1 0.468752 0.263204 0.201460 0.278833
1 0.469984 0.264295 0.204018 0.278230
1 0.466781 0.261524 0.204589 0.284545
1 0.466870 0.262991 0.203194 0.280447
1 0.467079 0.262602 0.203637 0.286839
1 0.468436 0.263668 0.204084 0.282656
1 0.468687 0.263305 0.203979 0.284092
1 0.468153 0.263570 0.203368 0.281411
1 0.467547 0.264070 0.205250 0.281842
1 0.467699 0.264269 0.203624 0.283719
1 0.470955 0.264881 0.203086 0.279499
1 0.467744 0.264626 0.206749 0.285142
1 0.467903 0.267625 0.203998 0.280270
1 0.461589 0.261562 0.203773 0.295390
1 0.467674 0.259381 0.205745 0.292720
1 0.466877 0.261713 0.206880 0.290522
1 0.465714 0.260119 0.204831 0.291805
1 0.463152 0.260089 0.203886 0.296340
1 0.465082 0.261449 0.206497 0.291267
1 0.463494 0.256545 0.208569 0.287221
1 0.466865 0.262768 0.208588 0.292510