1 0.521008 0.258422 0.261115 0.381452
1 0.521038 0.259737 0.259616 0.383500
1 0.519726 0.262549 0.272333 0.372178
1 0.521281 0.264148 0.271551 0.373699
1 0.520112 0.265982 0.268330 0.373798
1 0.523554 0.265602 0.268624 0.372951
1 0.520937 0.267319 0.272532 0.367756
1 0.520447 0.265421 0.274985 0.370810
1 0.520488 0.266547 0.271860 0.369583
1 0.520932 0.267745 0.267534 0.366575
1 0.519236 0.271030 0.277429 0.356827
1 0.521046 0.269219 0.273972 0.368536
1 0.518348 0.266617 0.273262 0.370164
1 0.520561 0.267254 0.274532 0.367979
1 0.520725 0.269005 0.273666 0.366566
1 0.519640 0.268708 0.272753 0.372513
1 0.519289 0.268007 0.273838 0.373871
1 0.520099 0.266292 0.274444 0.374151
1 0.520352 0.268746 0.275936 0.372714
1 0.518513 0.270344 0.273280 0.371710
1 0.519043 0.269819 0.275973 0.376567
1 0.520156 0.268921 0.275342 0.375367
1 0.519715 0.270236 0.277750 0.372801
1 0.518044 0.271114 0.272414 0.365230
1 0.519060 0.271195 0.278137 0.373003
1 0.518632 0.267700 0.275426 0.370229
1 0.519864 0.269445 0.277425 0.369417
1 0.517922 0.272450 0.271281 0.361950
1 0.517689 0.272219 0.278782 0.368684
1 0.517855 0.270475 0.277543 0.368530
1 0.519187 0.271303 0.279435 0.372053
1 0.518212 0.275780 0.271483 0.360874
1 0.518259 0.274574 0.275009 0.365170
1 0.517504 0.274954 0.276518 0.365577
1 0.520905 0.276990 0.278231 0.367027
1 0.519569 0.267550 0.273058 0.385567
1 0.523297 0.271851 0.277718 0.375952
1 0.519318 0.267061 0.271658 0.372015
1 0.517867 0.265301 0.274496 0.375047
1 0.519898 0.259525 0.276972 0.377646
1 0.520497 0.271377 0.276553 0.384023
1 0.519965 0.269934 0.279102 0.375930
1 0.521203 0.270608 0.276140 0.377379
1 0.521113 0.268755 0.276227 0.378420
1 0.519929 0.266548 0.275781 0.369568
1 0.524643 0.272026 0.288571 0.375480
1 0.519526 0.269124 0.279548 0.376064
1 0.520069 0.270590 0.279275 0.374274
1 0.521600 0.268652 0.272998 0.371536
1 0.518835 0.268130 0.278491 0.376644
1 0.518519 0.267188 0.271961 0.369118
1 0.518175 0.270440 0.272405 0.366607
1 0.521680 0.271662 0.277472 0.374236
1 0.520478 0.270599 0.272081 0.365837
1 0.518506 0.269790 0.279507 0.367667
1 0.517399 0.269263 0.273872 0.362189
1 0.517999 0.272235 0.279137 0.364442
1 0.520042 0.268621 0.277995 0.373591
1 0.521244 0.270325 0.275826 0.368330
1 0.519359 0.272243 0.278959 0.369583