1 0.679015 0.348903 0.363763 0.502779
1 0.684228 0.354363 0.358109 0.494070
1 0.685426 0.348625 0.360998 0.500626
1 0.131346 0.378107 0.273630 0.648116
1 0.139670 0.389077 0.281727 0.662592
1 0.149264 0.388121 0.277262 0.652027
1 0.676282 0.343386 0.357033 0.489208
1 0.679702 0.351971 0.357810 0.475259
1 0.677081 0.349751 0.355837 0.476012
1 0.677499 0.345975 0.365915 0.472791
1 0.684800 0.340385 0.365213 0.485886
1 0.130906 0.397115 0.260902 0.671559
1 0.139595 0.396602 0.269050 0.676999
1 0.147508 0.393982 0.262004 0.655549
1 0.147042 0.384551 0.284511 0.622800
1 0.678519 0.347200 0.357666 0.473863
1 0.680662 0.346714 0.358485 0.465459
1 0.677847 0.343598 0.359412 0.468450
1 0.680200 0.342366 0.362255 0.463402
1 0.683446 0.342086 0.363673 0.461542
1 0.687031 0.334985 0.360937 0.469836
1 0.131443 0.395783 0.260573 0.670088
1 0.133627 0.396236 0.256411 0.673219
1 0.143520 0.394802 0.265242 0.676393
1 0.144173 0.393240 0.266139 0.658665
1 0.146926 0.390573 0.277325 0.629010
1 0.676072 0.350505 0.353982 0.463970
1 0.680812 0.348991 0.359387 0.470294
1 0.680531 0.347441 0.359247 0.473647
1 0.679106 0.343117 0.362201 0.477779
1 0.681634 0.342913 0.369151 0.473265
1 0.678624 0.341032 0.369280 0.468816
1 0.681627 0.342594 0.369118 0.470697
1 0.142660 0.389245 0.255697 0.674054
1 0.147337 0.388326 0.261836 0.682660
1 0.144514 0.390789 0.263045 0.665676
1 0.146457 0.393489 0.275366 0.633012
1 0.676883 0.354157 0.355860 0.457216
1 0.678814 0.344932 0.362843 0.464337
1 0.679515 0.348374 0.359317 0.471251
1 0.673840 0.346491 0.361016 0.471815
1 0.676873 0.343855 0.359136 0.474157
1 0.679119 0.341488 0.371767 0.471457
1 0.681862 0.344609 0.363458 0.467507
1 0.146981 0.391844 0.262107 0.673367
1 0.149565 0.393414 0.268458 0.680355
1 0.142702 0.392497 0.264863 0.664122
1 0.146155 0.392801 0.271697 0.618934
1 0.679158 0.348692 0.364178 0.461121
1 0.676951 0.346324 0.360874 0.470091
1 0.677474 0.346510 0.361751 0.462890
1 0.677236 0.348717 0.360448 0.470435
1 0.680674 0.346502 0.365288 0.468766
1 0.146951 0.397406 0.262959 0.665031
1 0.145469 0.395881 0.267260 0.666931
1 0.138656 0.390512 0.265244 0.645450
1 0.147960 0.395985 0.276073 0.604480
1 0.677594 0.352392 0.366619 0.452063
1 0.677689 0.345618 0.358840 0.471730
1 0.676841 0.348540 0.362052 0.463383
1 0.678024 0.346860 0.361612 0.472037
1 0.678861 0.349766 0.360725 0.471793
1 0.148411 0.394843 0.265785 0.670335
1 0.143557 0.387482 0.273168 0.677442
1 0.135299 0.385485 0.266670 0.663302
1 0.147486 0.400281 0.286567 0.614701
1 0.672966 0.357170 0.369782 0.459082
1 0.675209 0.344819 0.366506 0.477264
1 0.679216 0.348809 0.362488 0.476668
1 0.136230 0.395154 0.286082 0.661074