1 0.653705 0.332210 0.283039 0.450948
1 0.659303 0.335050 0.281692 0.443442
1 0.658644 0.332888 0.280153 0.440635
1 0.658221 0.329373 0.276012 0.442704
1 0.653831 0.332802 0.289297 0.459855
1 0.657476 0.330000 0.277112 0.437810
1 0.660946 0.326901 0.275578 0.434030
1 0.659813 0.329946 0.276796 0.437721
1 0.656561 0.329360 0.272723 0.433487
1 0.660437 0.326187 0.277569 0.435484
1 0.654779 0.333950 0.282883 0.445870
1 0.660556 0.330489 0.275404 0.439805
1 0.657019 0.330819 0.274622 0.440624
1 0.655625 0.331565 0.275315 0.432853
1 0.653095 0.331048 0.265953 0.430113
1 0.660991 0.336374 0.275845 0.435603
1 0.657862 0.336271 0.291701 0.445047
1 0.658622 0.331205 0.270258 0.438818
1 0.659246 0.326988 0.275357 0.439053
1 0.653612 0.327587 0.277584 0.435249
1 0.654670 0.325466 0.272319 0.441765
1 0.660316 0.333566 0.278130 0.443035
1 0.658931 0.328560 0.271433 0.439511
1 0.657300 0.325718 0.279021 0.444598
1 0.652962 0.326643 0.278424 0.435380
1 0.650066 0.325691 0.271649 0.432456
1 0.656045 0.325967 0.278813 0.445204
1 0.652089 0.329173 0.285894 0.439806