1 0.507537 0.192930 0.064547 0.091804
1 0.507148 0.193728 0.065625 0.087660
1 0.506883 0.193671 0.063420 0.088692
1 0.507200 0.194244 0.063847 0.087911
1 0.506682 0.193872 0.066406 0.086460
1 0.507146 0.192858 0.064407 0.090929
1 0.507293 0.193222 0.064641 0.088577
1 0.506962 0.194225 0.064586 0.087001
1 0.507020 0.192669 0.065201 0.089310
1 0.507600 0.193919 0.065569 0.087138
1 0.507051 0.194204 0.065942 0.089213
1 0.051474 0.313272 0.050900 0.078639
1 0.052375 0.314372 0.050776 0.078575
1 0.052057 0.314477 0.049396 0.076005
1 0.052657 0.314241 0.050699 0.074122
1 0.053748 0.315186 0.050543 0.072837
1 0.052251 0.314010 0.050629 0.076694
1 0.053288 0.314226 0.049857 0.075122
1 0.053850 0.315898 0.050535 0.070912
1 0.052224 0.314277 0.051482 0.072451
1 0.052562 0.314196 0.049225 0.071856
1 0.506038 0.191796 0.065223 0.093417
1 0.506977 0.192653 0.064143 0.091305
1 0.506193 0.192739 0.064078 0.090539
1 0.506056 0.192707 0.063320 0.091554
1 0.506875 0.192484 0.064608 0.091513
1 0.506560 0.193358 0.064843 0.092892
1 0.052040 0.314724 0.050502 0.076964
1 0.051405 0.314661 0.051294 0.077482