1 0.432230 0.362323 0.232629 0.371976
1 0.436721 0.364046 0.225276 0.372626
1 0.438528 0.360552 0.225761 0.372229
1 0.432242 0.366757 0.233173 0.352348
1 0.432444 0.366428 0.235799 0.356539
1 0.433551 0.365840 0.236434 0.357886
1 0.431141 0.371871 0.238211 0.347411
1 0.432777 0.371694 0.235867 0.355866
1 0.431494 0.370078 0.241409 0.360997
1 0.432273 0.372496 0.239329 0.369313
1 0.429161 0.375167 0.238224 0.351731
1 0.431943 0.372418 0.238112 0.361055
1 0.430919 0.370893 0.239655 0.362389
1 0.431965 0.372834 0.237296 0.362797
1 0.435515 0.373844 0.239049 0.359080
1 0.428688 0.375505 0.242049 0.354098
1 0.432255 0.371671 0.237059 0.357681
1 0.430289 0.370057 0.238466 0.356496
1 0.430208 0.371878 0.237353 0.355880
1 0.427739 0.375536 0.244206 0.352324
1 0.430179 0.373608 0.240751 0.356476
1 0.430192 0.372848 0.243582 0.359588
1 0.430812 0.373087 0.239980 0.360439
1 0.707196 0.498199 0.228870 0.407266
1 0.429763 0.376092 0.245956 0.349563
1 0.428499 0.374135 0.240251 0.350001
1 0.429377 0.372180 0.241961 0.356334
1 0.431162 0.372313 0.236732 0.355215
1 0.707477 0.499302 0.238568 0.403920
1 0.705222 0.501913 0.236283 0.396641
1 0.708732 0.503023 0.237740 0.392058
1 0.429072 0.374391 0.245612 0.350512
1 0.430650 0.373642 0.233454 0.348498
1 0.429456 0.372566 0.237938 0.358131
1 0.430635 0.373827 0.236589 0.360709
1 0.705929 0.500816 0.249797 0.394665
1 0.705363 0.502657 0.243599 0.385476
1 0.705914 0.505032 0.244003 0.383989
1 0.426605 0.378255 0.243129 0.346317
1 0.429670 0.374486 0.235401 0.359031
1 0.429884 0.374793 0.236161 0.362006
1 0.429765 0.377061 0.235511 0.358359
1 0.706112 0.498728 0.253249 0.402576
1 0.707216 0.500704 0.252000 0.399675
1 0.707144 0.503588 0.255618 0.393399
1 0.432197 0.378651 0.222100 0.355431
1 0.708244 0.501088 0.249282 0.401322
1 0.707994 0.499684 0.254123 0.405431
1 0.706677 0.502291 0.257127 0.400345
1 0.708327 0.499074 0.250411 0.400667
1 0.707054 0.499522 0.257054 0.404131
1 0.705869 0.501744 0.255479 0.399862
1 0.709160 0.500650 0.247896 0.400433
1 0.706963 0.501458 0.255630 0.399494
1 0.707523 0.505457 0.253405 0.396586
1 0.711462 0.501682 0.244924 0.399796
1 0.708771 0.501370 0.254060 0.398216
1 0.708929 0.504038 0.247881 0.389288
1 0.712218 0.504993 0.242925 0.400926
1 0.712347 0.502242 0.248666 0.394574
1 0.712299 0.502949 0.248397 0.396141
1 0.433598 0.371236 0.247233 0.370550
1 0.435094 0.369875 0.245413 0.365806
1 0.433966 0.366427 0.240675 0.366337
1 0.433444 0.357129 0.244995 0.377830
1 0.429112 0.374745 0.239881 0.348395
1 0.435787 0.373571 0.238524 0.365560
1 0.436050 0.371889 0.234386 0.362796
1 0.432333 0.366688 0.240084 0.360964
1 0.435595 0.369395 0.241818 0.367195
1 0.432076 0.376289 0.238215 0.358355
1 0.432836 0.375214 0.239300 0.360825
1 0.432016 0.372772 0.237358 0.356311
1 0.431360 0.368519 0.241064 0.351474
1 0.428362 0.371164 0.236067 0.370399
1 0.713848 0.498474 0.255905 0.403094
1 0.717674 0.499849 0.255684 0.398786
1 0.429049 0.378701 0.236226 0.351540
1 0.431842 0.374242 0.238945 0.357149
1 0.429352 0.373390 0.234459 0.350902
1 0.431323 0.370757 0.234049 0.355842
1 0.424235 0.368205 0.230158 0.371772
1 0.717085 0.496704 0.247514 0.405795
1 0.709539 0.497912 0.250749 0.390459
1 0.703805 0.500789 0.244767 0.397507
1 0.709362 0.503068 0.242056 0.401099
1 0.431361 0.376251 0.244617 0.347786
1 0.427885 0.377403 0.243006 0.358116
1 0.425651 0.374571 0.240187 0.363826
1 0.716018 0.503641 0.252120 0.406078
1 0.713369 0.494046 0.244690 0.392721
1 0.702763 0.501060 0.242802 0.392554
1 0.709502 0.504438 0.249926 0.389055
1 0.713704 0.503381 0.249923 0.406146
1 0.719230 0.513256 0.247631 0.390123
1 0.712705 0.498677 0.251577 0.408638
1 0.715793 0.501280 0.239539 0.391053
1 0.708446 0.501552 0.244893 0.393391
1 0.710711 0.506838 0.251954 0.394033
1 0.715574 0.502208 0.252520 0.401919
1 0.712630 0.501801 0.248406 0.400222
1 0.718475 0.500872 0.245119 0.398344
1 0.715668 0.504810 0.248274 0.398537
1 0.712093 0.505162 0.243694 0.395382
1 0.721297 0.502682 0.257616 0.398309
1 0.717233 0.500307 0.255760 0.410260
1 0.720883 0.503115 0.256764 0.413833
1 0.719061 0.498238 0.257158 0.408433