1 0.099837 0.655463 0.209281 0.394822
1 0.101297 0.655687 0.207106 0.394817
1 0.100378 0.654920 0.209157 0.393166
1 0.101399 0.655994 0.206348 0.379820
1 0.099987 0.655257 0.208334 0.383419
1 0.102338 0.652516 0.210159 0.385884
1 0.102069 0.654646 0.204455 0.388053
1 0.101317 0.652950 0.204939 0.379523
1 0.099799 0.654279 0.208411 0.379724
1 0.100642 0.654206 0.204868 0.380176
1 0.102986 0.649118 0.202594 0.378512
1 0.101688 0.646940 0.202593 0.374715
1 0.100510 0.648239 0.203936 0.376624
1 0.099492 0.648114 0.202598 0.385908
1 0.100518 0.649031 0.206698 0.378631
1 0.101258 0.646327 0.205341 0.378936
1 0.101022 0.646205 0.203823 0.384280
1 0.100226 0.647816 0.204554 0.386791
1 0.097600 0.649185 0.209456 0.381850
1 0.100774 0.646761 0.206325 0.386795
1 0.100240 0.645557 0.202789 0.389265
1 0.101189 0.647506 0.203953 0.382558
1 0.097274 0.648607 0.207233 0.380913
1 0.100649 0.645194 0.205465 0.392386
1 0.100877 0.647011 0.201772 0.391407
1 0.101904 0.649325 0.203180 0.382981
1 0.099148 0.648843 0.206112 0.381999
1 0.101493 0.644570 0.206416 0.393272
1 0.100811 0.644133 0.204725 0.399018
1 0.101100 0.648327 0.204611 0.386188
1 0.099862 0.650565 0.210196 0.390358
1 0.101088 0.643671 0.204805 0.395628
1 0.101000 0.644088 0.203650 0.392724
1 0.101740 0.648415 0.202657 0.384903
1 0.101446 0.647577 0.208842 0.402468
1 0.101257 0.648287 0.205620 0.392311
1 0.638640 0.454531 0.349737 0.508012
1 0.641426 0.453700 0.348360 0.509539
1 0.639527 0.454230 0.346410 0.497540
1 0.640918 0.455564 0.341619 0.501746
1 0.639922 0.456660 0.347794 0.501479
1 0.641004 0.449192 0.346253 0.507447
1 0.637908 0.448370 0.346468 0.493086
1 0.641570 0.449271 0.347456 0.484699
1 0.640708 0.446678 0.347600 0.483428
1 0.638592 0.445910 0.343844 0.472567
1 0.639596 0.448054 0.345345 0.482365
1 0.642723 0.441219 0.346438 0.489349
1 0.638652 0.450871 0.352457 0.493960
1 0.641242 0.446905 0.341204 0.487361
1 0.639430 0.447626 0.343037 0.490539
1 0.638695 0.447964 0.352222 0.483237
1 0.637857 0.445830 0.345492 0.480332
1 0.637190 0.446411 0.352898 0.489116
1 0.638471 0.446107 0.353020 0.491179
1 0.637303 0.448224 0.344825 0.485856
1 0.636479 0.450443 0.346829 0.488214
1 0.637371 0.447468 0.352550 0.487583
1 0.640386 0.444782 0.353744 0.489443
1 0.639569 0.444881 0.348973 0.484187
1 0.637012 0.449163 0.357262 0.490033
1 0.636139 0.447643 0.350301 0.497269
1 0.636932 0.444703 0.347445 0.494242
1 0.637641 0.444764 0.350054 0.494278
1 0.637177 0.444052 0.351153 0.487895
1 0.641788 0.447995 0.352387 0.482767
1 0.110124 0.654518 0.205561 0.378454
1 0.105617 0.651518 0.201857 0.380548
1 0.104441 0.650911 0.199302 0.387035
1 0.101298 0.654128 0.205669 0.385047
1 0.637549 0.448527 0.352733 0.494052
1 0.635102 0.446758 0.353460 0.489121
1 0.637254 0.446529 0.347307 0.494865
1 0.639492 0.447848 0.353674 0.496226
1 0.106115 0.657186 0.205697 0.370329
1 0.102547 0.651586 0.202782 0.371647
1 0.102039 0.652303 0.200728 0.372172
1 0.103632 0.651253 0.198845 0.380023
1 0.108163 0.652169 0.209831 0.384551
1 0.633884 0.443548 0.364449 0.505702
1 0.635254 0.446889 0.356505 0.508889
1 0.105855 0.650543 0.203367 0.367408
1 0.099030 0.647291 0.205319 0.375724
1 0.098865 0.649555 0.201025 0.378846
1 0.094913 0.647387 0.195508 0.380659
1 0.107525 0.652916 0.204202 0.383355
1 0.100954 0.649411 0.206834 0.387854
1 0.096428 0.653094 0.207968 0.376963
1 0.102995 0.653956 0.199585 0.375497
1 0.101214 0.647301 0.202965 0.383769