1 0.504964 0.412600 0.238901 0.340468
1 0.505065 0.414849 0.238566 0.338624
1 0.504439 0.414579 0.239233 0.341927
1 0.507039 0.417814 0.241391 0.335587
1 0.505454 0.417773 0.246766 0.333694
1 0.504745 0.418274 0.244402 0.334224
1 0.506484 0.417286 0.243304 0.338896
1 0.505599 0.417779 0.241656 0.334578
1 0.505344 0.418287 0.243846 0.332869
1 0.505060 0.418941 0.244395 0.332852
1 0.506527 0.420629 0.244202 0.329335
1 0.506979 0.416630 0.242302 0.331048
1 0.505414 0.416947 0.242771 0.332472
1 0.504945 0.416936 0.244414 0.334629
1 0.506220 0.418153 0.246954 0.331334
1 0.507601 0.420978 0.243513 0.327773
1 0.506546 0.416309 0.242264 0.328694
1 0.505842 0.418222 0.244426 0.334550
1 0.504653 0.418342 0.245746 0.337236
1 0.505218 0.417925 0.246062 0.334671
1 0.507904 0.419023 0.243623 0.325756
1 0.506159 0.416920 0.244379 0.336015
1 0.507479 0.417660 0.247997 0.336959
1 0.504894 0.418709 0.252152 0.334166
1 0.504908 0.418768 0.247934 0.334843
1 0.507717 0.419826 0.244610 0.325233
1 0.505626 0.415939 0.246550 0.338837
1 0.506571 0.416846 0.247896 0.339660
1 0.506072 0.417492 0.245487 0.336444
1 0.505312 0.418494 0.247918 0.336723
1 0.506840 0.418805 0.243839 0.327034
1 0.506014 0.416584 0.248978 0.340665
1 0.508018 0.416334 0.245946 0.335823
1 0.507317 0.416787 0.246695 0.334733
1 0.506012 0.417642 0.248303 0.338162
1 0.507368 0.423899 0.249645 0.324331
1 0.506957 0.417921 0.247837 0.343178
1 0.506124 0.419383 0.248040 0.337481
1 0.508005 0.422967 0.248597 0.331457
1 0.505594 0.421136 0.240656 0.347291
1 0.507292 0.419043 0.244856 0.338524
1 0.506761 0.420717 0.243314 0.337601
1 0.505965 0.420207 0.242506 0.331417
1 0.507569 0.425283 0.242061 0.334821
1 0.504387 0.422045 0.246437 0.334615
1 0.504527 0.420406 0.240294 0.335591
1 0.506080 0.421191 0.241580 0.328058
1 0.506248 0.418773 0.242784 0.336579
1 0.509007 0.418796 0.249626 0.347371
1 0.506803 0.422602 0.246352 0.334529
1 0.504850 0.418086 0.243167 0.335617
1 0.505955 0.420114 0.240556 0.330992
1 0.506463 0.419920 0.240874 0.326608
1 0.505976 0.421463 0.240641 0.327098
1 0.504837 0.420419 0.243251 0.333232
1 0.504598 0.423183 0.240092 0.335337
1 0.505316 0.424073 0.242429 0.331099
1 0.506517 0.420431 0.244035 0.330213
1 0.507845 0.424642 0.243261 0.325906
1 0.505746 0.425072 0.245326 0.330045
1 0.504744 0.427172 0.247783 0.331209
1 0.509291 0.425797 0.246679 0.326701