1 0.592282 0.309793 0.437248 0.517369
1 0.598663 0.305928 0.433504 0.519365
1 0.594177 0.312056 0.466731 0.538641
1 0.587220 0.308724 0.447527 0.519370
1 0.591750 0.311806 0.445255 0.528536
1 0.586289 0.304328 0.471771 0.531358
1 0.591020 0.308309 0.447861 0.532541
1 0.590253 0.299929 0.473484 0.536693
1 0.594241 0.304428 0.452209 0.526976
1 0.593475 0.306242 0.477501 0.540658
1 0.596835 0.305262 0.474819 0.545343
1 0.588803 0.310414 0.460140 0.519372
1 0.592119 0.316515 0.467390 0.533296
1 0.592993 0.309851 0.465297 0.513364
1 0.590257 0.314852 0.479902 0.524388
1 0.594149 0.309187 0.456047 0.524237
1 0.590325 0.308884 0.480127 0.539856
1 0.589411 0.305647 0.463090 0.533725
1 0.588528 0.301651 0.483385 0.542341
1 0.594719 0.309872 0.459857 0.528547
1 0.595124 0.311272 0.474278 0.533380
1 0.600353 0.306427 0.452470 0.516219
1 0.598785 0.305871 0.461624 0.534368
1 0.608216 0.305150 0.458681 0.545866
1 0.584119 0.318981 0.476618 0.536436
1 0.591510 0.313253 0.455849 0.506526
1 0.590600 0.312239 0.460201 0.525273
1 0.588791 0.311813 0.465420 0.509418
1 0.583989 0.312414 0.481021 0.529383
1 0.592678 0.305302 0.452456 0.514405
1 0.589091 0.301570 0.478925 0.543754
1 0.591434 0.307258 0.461551 0.522324
1 0.591996 0.301172 0.480926 0.539177
1 0.595318 0.307079 0.462887 0.520783
1 0.596926 0.304446 0.472179 0.532179
1 0.598943 0.310114 0.444148 0.519354
1 0.600637 0.308987 0.455510 0.542428
1 0.581349 0.315865 0.459335 0.481076
1 0.588056 0.311977 0.483175 0.531470
1 0.590778 0.310558 0.452965 0.506990
1 0.587961 0.305994 0.456088 0.527068
1 0.589126 0.309398 0.457860 0.515236
1 0.582857 0.305019 0.475543 0.541282
1 0.591035 0.302427 0.456430 0.515811
1 0.590053 0.297426 0.480989 0.538938
1 0.590152 0.303778 0.464942 0.521279
1 0.592830 0.302189 0.477301 0.528609
1 0.592546 0.303295 0.461854 0.525056
1 0.596833 0.302334 0.460066 0.529471
1 0.593695 0.313130 0.462112 0.521441
1 0.591806 0.311850 0.458965 0.526235
1 0.610995 0.308716 0.461332 0.536577
1 0.591184 0.315750 0.483056 0.523083
1 0.588840 0.309036 0.455836 0.514995
1 0.589154 0.306139 0.454203 0.524136
1 0.589416 0.309250 0.466050 0.515262
1 0.588257 0.307283 0.480270 0.534758
1 0.596924 0.309376 0.459661 0.516224
1 0.595561 0.308541 0.483305 0.536928
1 0.598019 0.308781 0.464751 0.521793
1 0.598400 0.308401 0.478223 0.532449
1 0.592677 0.308087 0.473012 0.519046
1 0.595482 0.307797 0.475473 0.531782
1 0.590765 0.308673 0.470156 0.517726
1 0.593187 0.304864 0.470206 0.526539
1 0.612579 0.300496 0.462153 0.531399
1 0.595044 0.301693 0.487456 0.530739
1 0.585947 0.311193 0.465977 0.508663
1 0.593302 0.302155 0.472278 0.527396
1 0.591553 0.306381 0.465002 0.523589
1 0.592351 0.307533 0.477183 0.536745
1 0.597583 0.308886 0.466165 0.509347
1 0.597406 0.313665 0.485989 0.525318
1 0.595241 0.306833 0.468750 0.515324
1 0.595053 0.309737 0.482479 0.522610
1 0.595456 0.303529 0.474795 0.518173
1 0.597815 0.302722 0.480640 0.526939
1 0.590847 0.293847 0.475781 0.541852
1 0.595424 0.299130 0.459591 0.548647
1 0.595843 0.293861 0.463814 0.546916