1 0.402641 0.381642 0.274459 0.385196
1 0.408565 0.382224 0.278081 0.379306
1 0.408533 0.383030 0.276102 0.377636
1 0.408967 0.383146 0.274981 0.370514
1 0.415239 0.383911 0.279266 0.370550
1 0.405486 0.383903 0.281102 0.376466
1 0.408880 0.382311 0.282941 0.376048
1 0.408378 0.382630 0.279480 0.376100
1 0.408404 0.383499 0.279415 0.366758
1 0.411514 0.386620 0.282520 0.356637
1 0.406275 0.385366 0.283018 0.381771
1 0.407369 0.383028 0.280642 0.392357
1 0.410321 0.382653 0.281108 0.386210
1 0.410183 0.382865 0.283982 0.379744
1 0.405301 0.384611 0.288367 0.390004
1 0.407899 0.382764 0.281904 0.393257
1 0.410050 0.381247 0.280282 0.393062
1 0.410368 0.383576 0.283511 0.383794
1 0.406772 0.384978 0.287104 0.385804
1 0.407682 0.384823 0.282629 0.388101
1 0.409626 0.384619 0.279874 0.387382
1 0.410778 0.386417 0.287696 0.384853
1 0.407020 0.384836 0.282153 0.383319
1 0.408052 0.384089 0.282608 0.383262
1 0.408589 0.382957 0.279898 0.385956
1 0.411106 0.385154 0.286420 0.381914
1 0.407435 0.385523 0.287842 0.380997
1 0.406989 0.385128 0.284273 0.380581
1 0.412979 0.375877 0.286062 0.403071
1 0.413916 0.383958 0.286851 0.389501
1 0.411536 0.380711 0.290372 0.383446
1 0.409766 0.382612 0.286606 0.384769
1 0.408106 0.373087 0.282510 0.405468
1 0.410544 0.380721 0.283501 0.392278
1 0.411701 0.383597 0.291481 0.386869
1 0.416313 0.387608 0.291154 0.381445
1 0.414570 0.383595 0.289487 0.377933
1 0.411746 0.383211 0.293041 0.380307
1 0.411386 0.381320 0.292846 0.393319
1 0.408747 0.385282 0.294311 0.388673
1 0.412259 0.382727 0.291130 0.385744
1 0.416430 0.383425 0.294628 0.390041
1 0.412874 0.381624 0.295214 0.387199
1 0.409609 0.388249 0.292085 0.374703
1 0.408072 0.388102 0.296242 0.387033
1 0.406289 0.385815 0.291222 0.385781
1 0.412765 0.382792 0.292936 0.382969
1 0.412287 0.384844 0.293214 0.388798
1 0.410998 0.384948 0.295757 0.383648
1 0.412117 0.386602 0.293516 0.376854
1 0.407985 0.384355 0.294788 0.380622
1 0.409264 0.381397 0.294686 0.387392
1 0.410468 0.384775 0.289480 0.382338
1 0.410822 0.383974 0.297049 0.385449
1 0.414278 0.393467 0.291504 0.376643
1 0.415313 0.387780 0.297668 0.378841
1 0.414627 0.388661 0.297373 0.377842
1 0.414279 0.394517 0.296128 0.378691