1 0.432624 0.327107 0.228900 0.308413
1 0.431507 0.327041 0.229403 0.309824
1 0.433273 0.325378 0.229303 0.310978
1 0.433083 0.325863 0.225754 0.312027
1 0.432792 0.326121 0.226418 0.302951
1 0.433345 0.325974 0.231838 0.303137
1 0.433264 0.326063 0.228625 0.306423
1 0.433556 0.325899 0.229460 0.309492
1 0.430284 0.327572 0.225701 0.304214
1 0.433184 0.327536 0.226355 0.309216
1 0.433020 0.326274 0.226165 0.303308
1 0.433547 0.325056 0.230717 0.305892
1 0.432825 0.326805 0.230656 0.306499
1 0.432372 0.326543 0.229990 0.308369
1 0.429636 0.329182 0.224315 0.300194
1 0.432504 0.325732 0.225201 0.308213
1 0.432371 0.327827 0.229430 0.309663
1 0.433444 0.324965 0.230378 0.312648
1 0.433516 0.325473 0.232886 0.308287
1 0.432930 0.324790 0.230268 0.309530
1 0.429121 0.327644 0.225533 0.301426
1 0.433063 0.326232 0.227493 0.307314
1 0.434663 0.325096 0.230318 0.309062
1 0.433046 0.325311 0.230888 0.312143
1 0.432661 0.326072 0.232741 0.309305
1 0.434290 0.324080 0.230839 0.307837
1 0.432805 0.325056 0.224547 0.313252
1 0.434351 0.325096 0.230571 0.313439
1 0.433264 0.325702 0.232294 0.310591
1 0.434182 0.326139 0.234201 0.312237
1 0.435179 0.325355 0.231304 0.310131
1 0.432518 0.323284 0.230348 0.321380
1 0.434289 0.324338 0.232016 0.318906
1 0.434577 0.326428 0.229001 0.313261
1 0.434303 0.326073 0.232903 0.316227
1 0.435424 0.326386 0.231634 0.311221
1 0.433639 0.322522 0.235658 0.323165
1 0.433417 0.324134 0.232216 0.318446
1 0.435140 0.325364 0.236600 0.323262
1 0.434672 0.330636 0.229220 0.312788
1 0.437164 0.328195 0.230169 0.311527
1 0.435725 0.327429 0.230100 0.303448
1 0.434257 0.331206 0.230176 0.304340
1 0.432881 0.329607 0.226997 0.308119
1 0.434983 0.329213 0.228364 0.304965
1 0.435667 0.325657 0.229324 0.314307
1 0.434923 0.326535 0.229370 0.304413
1 0.434489 0.329155 0.227309 0.306262
1 0.434600 0.326947 0.227981 0.314155
1 0.433188 0.329164 0.230605 0.307502
1 0.432483 0.325077 0.228620 0.310403
1 0.435602 0.326209 0.233623 0.310753
1 0.433197 0.326787 0.226852 0.306240
1 0.435333 0.327557 0.227417 0.308846
1 0.434619 0.328228 0.226830 0.308956
1 0.434450 0.331682 0.239628 0.313409
1 0.434893 0.335032 0.233581 0.309748