1 0.495894 0.251214 0.191855 0.279657
1 0.496278 0.250847 0.193553 0.279084
1 0.496490 0.250590 0.193769 0.277206
1 0.496418 0.249506 0.194999 0.275848
1 0.496184 0.250724 0.196559 0.274681
1 0.495222 0.250401 0.193921 0.275526
1 0.495698 0.250102 0.195458 0.276087
1 0.496495 0.250559 0.199613 0.275870
1 0.497139 0.251150 0.197643 0.277512
1 0.496251 0.250511 0.196239 0.274725
1 0.496374 0.251101 0.199283 0.277464
1 0.496531 0.251943 0.200175 0.275341
1 0.496073 0.250681 0.195466 0.274869
1 0.496394 0.250692 0.198655 0.276038
1 0.496476 0.250807 0.196291 0.277222
1 0.495734 0.250501 0.196881 0.276986
1 0.495330 0.250918 0.200833 0.275801
1 0.495886 0.250659 0.198285 0.276452
1 0.496748 0.249607 0.197322 0.276796
1 0.496722 0.250330 0.201662 0.276102
1 0.496513 0.251086 0.197599 0.275175
1 0.496012 0.250002 0.196329 0.273832
1 0.495800 0.251329 0.198940 0.274198
1 0.497189 0.250294 0.197475 0.277895
1 0.495973 0.251666 0.199567 0.274343
1 0.496004 0.251430 0.199264 0.275308
1 0.495978 0.250887 0.198145 0.276429
1 0.495707 0.251682 0.200442 0.272771
1 0.495137 0.251738 0.198166 0.276143
1 0.497529 0.251911 0.198852 0.277447
1 0.496244 0.253303 0.202914 0.270315
1 0.496641 0.251087 0.200293 0.275491
1 0.496538 0.251390 0.199602 0.277741
1 0.496802 0.250833 0.200969 0.274317
1 0.495587 0.251662 0.199900 0.278306
1 0.495660 0.253408 0.202284 0.273417
1 0.495702 0.252014 0.199462 0.275495
1 0.496746 0.251718 0.199768 0.274837
1 0.496998 0.246328 0.204275 0.284348
1 0.493420 0.247409 0.208987 0.285674
1 0.492944 0.249835 0.209915 0.290500