1 0.293826 0.230678 0.186893 0.268936
1 0.296043 0.228812 0.186508 0.271727
1 0.294325 0.231228 0.185937 0.264591
1 0.293300 0.229391 0.184887 0.264867
1 0.294504 0.229541 0.183654 0.263071
1 0.293625 0.228638 0.181474 0.267092
1 0.293840 0.230688 0.184995 0.265404
1 0.295187 0.229957 0.187485 0.262298
1 0.295423 0.230304 0.182419 0.264927
1 0.294937 0.228822 0.182351 0.262795
1 0.294213 0.230143 0.184251 0.265199
1 0.296130 0.227890 0.184065 0.266276
1 0.293814 0.231515 0.186700 0.267666
1 0.295259 0.230204 0.186124 0.265341
1 0.295154 0.229719 0.182211 0.267604
1 0.294338 0.229511 0.183424 0.265952
1 0.294484 0.228899 0.184732 0.265448
1 0.295186 0.229657 0.184322 0.261403
1 0.293654 0.229716 0.184891 0.269499
1 0.295288 0.229485 0.186660 0.264669
1 0.295086 0.230192 0.184675 0.265122
1 0.294678 0.229644 0.183618 0.263673
1 0.294713 0.230905 0.185452 0.264569
1 0.296268 0.230548 0.182400 0.262307
1 0.293616 0.229898 0.186609 0.267039
1 0.294660 0.229861 0.186635 0.264629
1 0.294445 0.229137 0.185574 0.265738
1 0.294967 0.230830 0.187006 0.261834
1 0.293380 0.230161 0.184453 0.266609
1 0.296043 0.231043 0.183302 0.262921
1 0.293635 0.231590 0.189638 0.268017
1 0.294122 0.228711 0.186482 0.268647
1 0.294589 0.229560 0.188315 0.268279
1 0.295950 0.230377 0.187607 0.266962
1 0.293808 0.230233 0.183459 0.268525
1 0.293822 0.230699 0.191096 0.270665
1 0.294701 0.229685 0.189500 0.270545
1 0.295029 0.229536 0.188894 0.268071