1 0.569149 0.239864 0.184651 0.258382
1 0.567644 0.243823 0.182167 0.248761
1 0.569039 0.242866 0.181956 0.250557
1 0.569195 0.237743 0.188310 0.260018
1 0.569276 0.242832 0.185290 0.249069
1 0.569562 0.241317 0.183686 0.245796
1 0.568674 0.241423 0.183914 0.246671
1 0.567927 0.240139 0.183485 0.250249
1 0.568878 0.241221 0.185740 0.251450
1 0.567931 0.241235 0.186910 0.248676
1 0.568719 0.241853 0.183663 0.247402
1 0.567849 0.241392 0.182606 0.247590
1 0.568066 0.241343 0.184607 0.251075
1 0.569443 0.242347 0.183468 0.248640
1 0.565166 0.245306 0.188961 0.245233
1 0.568368 0.241781 0.185622 0.251407
1 0.568121 0.240286 0.185032 0.244783
1 0.568349 0.240959 0.181833 0.247049
1 0.568968 0.240129 0.182088 0.248176
1 0.567876 0.240353 0.184906 0.251424
1 0.568465 0.242034 0.183611 0.244188
1 0.567671 0.240549 0.183970 0.249079
1 0.568000 0.240508 0.184051 0.246175
1 0.567584 0.239624 0.183489 0.250837
1 0.568006 0.238468 0.183115 0.250535
1 0.567022 0.239832 0.182809 0.247358
1 0.567909 0.240772 0.184162 0.243241
1 0.565806 0.242992 0.188152 0.252223
1 0.567128 0.240465 0.183188 0.249366
1 0.567466 0.239325 0.183811 0.249840
1 0.568268 0.240735 0.185360 0.248056
1 0.566710 0.241128 0.183381 0.249838
1 0.566475 0.241545 0.185355 0.251821
1 0.567983 0.239617 0.185743 0.253952
1 0.568803 0.240737 0.184384 0.253131
1 0.569126 0.244927 0.184004 0.251194
1 0.565837 0.241171 0.189557 0.252589