1 0.507301 0.368881 0.272144 0.382766
1 0.508848 0.368872 0.275125 0.382398
1 0.507862 0.369234 0.273865 0.379935
1 0.505509 0.370434 0.276815 0.375083
1 0.507545 0.369310 0.273615 0.376819
1 0.507652 0.367342 0.276931 0.380947
1 0.506975 0.368926 0.275218 0.378258
1 0.506380 0.372095 0.277536 0.376471
1 0.507188 0.369549 0.274498 0.381124
1 0.508253 0.367655 0.277850 0.385775
1 0.507692 0.367239 0.280236 0.386805
1 0.506609 0.371768 0.276154 0.374571
1 0.507507 0.370356 0.274667 0.383770
1 0.508089 0.366933 0.277354 0.388798
1 0.507147 0.367775 0.277502 0.388714
1 0.506750 0.371063 0.279057 0.376205
1 0.507989 0.369111 0.276869 0.387745
1 0.508508 0.367315 0.277864 0.387841
1 0.507671 0.366876 0.277931 0.389316
1 0.507708 0.369970 0.273828 0.373211
1 0.508226 0.367486 0.274472 0.385301
1 0.506400 0.364964 0.278177 0.391346
1 0.507254 0.364326 0.279272 0.389944
1 0.506518 0.369904 0.267554 0.377966
1 0.508316 0.366428 0.274790 0.385528
1 0.507114 0.365278 0.276127 0.388156
1 0.508926 0.365503 0.278275 0.386961
1 0.508987 0.367863 0.273974 0.388139
1 0.509127 0.367471 0.273891 0.387014
1 0.510115 0.371239 0.278041 0.379546
1 0.509861 0.363978 0.283239 0.400444
1 0.509115 0.365720 0.283971 0.394952
1 0.507861 0.367895 0.281271 0.389438
1 0.510420 0.367396 0.280835 0.382952
1 0.508514 0.367898 0.279175 0.380205
1 0.508241 0.367834 0.279091 0.383689
1 0.508388 0.367412 0.284377 0.393210
1 0.506899 0.370535 0.276728 0.388124
1 0.508403 0.369114 0.281301 0.384496
1 0.507965 0.367694 0.281093 0.383491
1 0.507896 0.366468 0.280396 0.384531
1 0.508515 0.367465 0.283010 0.381154
1 0.509965 0.370469 0.284028 0.387697
1 0.505090 0.364423 0.280918 0.388758
1 0.507907 0.366899 0.279003 0.387222
1 0.509546 0.367360 0.281070 0.388973
1 0.509785 0.364557 0.277998 0.385946
1 0.509486 0.366148 0.279048 0.385424
1 0.509516 0.371441 0.287845 0.383628
1 0.507443 0.366827 0.276375 0.387189
1 0.511334 0.367285 0.278662 0.388049
1 0.509483 0.367756 0.286407 0.391471
1 0.509309 0.367016 0.283934 0.385210
1 0.508957 0.367915 0.281121 0.390462
1 0.504931 0.369198 0.278480 0.387656
1 0.508667 0.369685 0.282588 0.392984
1 0.510016 0.368496 0.278762 0.394645
1 0.510934 0.366902 0.278302 0.392251