1 0.432466 0.463989 0.504811 0.711766
1 0.432526 0.466533 0.494106 0.703359
1 0.428723 0.460320 0.484587 0.708839
1 0.429079 0.465720 0.486867 0.705973
1 0.430397 0.458488 0.486226 0.702097
1 0.431610 0.462703 0.485343 0.700218
1 0.429391 0.457548 0.484245 0.704721
1 0.430107 0.463158 0.484257 0.703197
1 0.437094 0.467579 0.475520 0.700707
1 0.438226 0.465868 0.487681 0.689134
1 0.427085 0.457698 0.490049 0.709424
1 0.430102 0.464209 0.491109 0.696110
1 0.427746 0.460980 0.488123 0.692344
1 0.435386 0.467168 0.488428 0.693973
1 0.432751 0.461382 0.489327 0.704980
1 0.429924 0.463725 0.485864 0.701962
1 0.432126 0.457973 0.487213 0.696977
1 0.431014 0.459097 0.480304 0.695206
1 0.431780 0.458724 0.486265 0.689635
1 0.434284 0.461673 0.484905 0.692649
1 0.435009 0.458100 0.484725 0.688367
1 0.432398 0.464266 0.485878 0.700320
1 0.429949 0.461978 0.492163 0.693597
1 0.435382 0.461065 0.495390 0.696114
1 0.419702 0.458962 0.505258 0.727533
1 0.423647 0.464852 0.490190 0.703868
1 0.432824 0.464355 0.498995 0.702189
1 0.430467 0.461991 0.496851 0.692372
1 0.434788 0.465376 0.494608 0.701898
1 0.433037 0.459043 0.496469 0.693107
1 0.431600 0.460991 0.494227 0.696754
1 0.432862 0.455703 0.492639 0.693772
1 0.435201 0.455814 0.486363 0.695533
1 0.433712 0.455699 0.492410 0.691515
1 0.435768 0.459050 0.488960 0.695993
1 0.436619 0.456645 0.486702 0.694960
1 0.434655 0.458601 0.484324 0.702281
1 0.429356 0.463094 0.495508 0.693966
1 0.435447 0.461434 0.483568 0.689417
1 0.435643 0.459242 0.500840 0.705812
1 0.423167 0.458242 0.500931 0.720709
1 0.425278 0.458098 0.483221 0.691242
1 0.435781 0.463134 0.505035 0.699676
1 0.431765 0.457644 0.499095 0.686036
1 0.435568 0.461269 0.499112 0.697177
1 0.432777 0.456087 0.498137 0.693549
1 0.432903 0.459107 0.493063 0.691967
1 0.433737 0.455401 0.494136 0.694761
1 0.435739 0.456455 0.491143 0.693800
1 0.432107 0.457067 0.497292 0.699642
1 0.432196 0.459962 0.490662 0.697466
1 0.434454 0.455185 0.492216 0.695157
1 0.434391 0.457241 0.484598 0.699550
1 0.431230 0.460013 0.492998 0.694673
1 0.433447 0.459309 0.483390 0.684229
1 0.429285 0.456505 0.499644 0.703614
1 0.426925 0.450596 0.498349 0.724435
1 0.426924 0.449771 0.484834 0.692860
1 0.437049 0.447451 0.508336 0.695625
1 0.433913 0.451463 0.503135 0.684622
1 0.437528 0.448268 0.500222 0.693745
1 0.432094 0.453394 0.497289 0.692413
1 0.430748 0.455140 0.497385 0.696380
1 0.433446 0.454862 0.495057 0.697535
1 0.432497 0.456210 0.491368 0.696836
1 0.434614 0.454536 0.502210 0.695998
1 0.431397 0.455411 0.495180 0.693197
1 0.437463 0.455180 0.494221 0.690888
1 0.435427 0.454534 0.489618 0.698746
1 0.435637 0.453726 0.494450 0.703222
1 0.437978 0.450548 0.489198 0.697223
1 0.430371 0.452384 0.504543 0.706975
1 0.428507 0.447565 0.493628 0.721726
1 0.431065 0.449585 0.484858 0.701352
1 0.436893 0.446546 0.502812 0.692258
1 0.435312 0.455937 0.500185 0.677154
1 0.440658 0.449249 0.499215 0.687925
1 0.433918 0.450754 0.493323 0.687045
1 0.432967 0.451061 0.492903 0.688976
1 0.434858 0.452035 0.495291 0.687442
1 0.435125 0.451564 0.498336 0.687198
1 0.434126 0.452865 0.493814 0.686637
1 0.431897 0.453222 0.493798 0.685593
1 0.437499 0.453126 0.494055 0.694479
1 0.437835 0.451498 0.488320 0.697579
1 0.437911 0.447681 0.494319 0.696997
1 0.437199 0.447095 0.492760 0.696687
1 0.433175 0.449631 0.508189 0.694656
1 0.428825 0.451410 0.479673 0.698906
1 0.431202 0.444457 0.484968 0.694945
1 0.435087 0.449077 0.498579 0.685093
1 0.440407 0.443474 0.499025 0.703590
1 0.438706 0.442148 0.495148 0.707605
1 0.439573 0.441860 0.488902 0.703663
1 0.436044 0.441435 0.491160 0.705898
1 0.435081 0.441709 0.489457 0.701861
1 0.435357 0.441838 0.489019 0.709471
1 0.434393 0.442985 0.482187 0.699023
1 0.441159 0.445687 0.486938 0.701139
1 0.441143 0.442988 0.477682 0.704964
1 0.436819 0.444644 0.487038 0.698214
1 0.433835 0.446413 0.499996 0.698710
1 0.429538 0.443846 0.485482 0.699914
1 0.442525 0.443664 0.498995 0.706472
1 0.438115 0.444788 0.498405 0.696287
1 0.443268 0.440364 0.503513 0.711456
1 0.439410 0.441100 0.490255 0.701934
1 0.441106 0.439763 0.493502 0.710699
1 0.440151 0.439934 0.490023 0.715972
1 0.442108 0.441387 0.486267 0.714936
1 0.442397 0.449800 0.493492 0.700673
1 0.438750 0.436388 0.486679 0.712396
1 0.438024 0.436468 0.498476 0.705803
1 0.441051 0.444913 0.503165 0.714155
1 0.436370 0.445384 0.507341 0.698679
1 0.444585 0.442557 0.509262 0.695633
1 0.445876 0.437785 0.510511 0.699267
1 0.447076 0.438246 0.509015 0.702474
1 0.444516 0.437393 0.513176 0.697759