1 0.603797 0.126210 0.062016 0.087844
1 0.605419 0.127253 0.064985 0.087064
1 0.604333 0.126629 0.064477 0.084490
1 0.605826 0.127072 0.065431 0.086347
1 0.606668 0.128017 0.064285 0.083772
1 0.605345 0.127565 0.066075 0.085947
1 0.606137 0.126902 0.065419 0.086689
1 0.606666 0.127952 0.064227 0.085581
1 0.604745 0.127442 0.063582 0.086352
1 0.606611 0.126200 0.065803 0.087956
1 0.607348 0.127682 0.064628 0.086658
1 0.070399 0.184388 0.012330 0.015996
1 0.138165 0.201627 0.019429 0.026231
1 0.139763 0.201800 0.019308 0.026201
1 0.606676 0.127748 0.066303 0.088455
1 0.606418 0.127833 0.065025 0.089962
1 0.606531 0.127552 0.066053 0.087963
1 0.606518 0.128057 0.065279 0.088269
1 0.606892 0.127745 0.065923 0.088869