1 0.368796 0.437046 0.316544 0.415131
1 0.370940 0.440641 0.308837 0.404126
1 0.370791 0.440793 0.303707 0.411859
1 0.370478 0.438045 0.308870 0.409364
1 0.370448 0.439346 0.312521 0.404599
1 0.370580 0.441127 0.310103 0.402656
1 0.372826 0.439847 0.310330 0.405534
1 0.370314 0.436636 0.308266 0.404538
1 0.370672 0.437497 0.306316 0.400416
1 0.365590 0.441351 0.317318 0.402518
1 0.371393 0.443304 0.318058 0.412371
1 0.370002 0.437595 0.318379 0.409116
1 0.372637 0.436741 0.314371 0.411093
1 0.371673 0.437065 0.311920 0.401074
1 0.368256 0.438369 0.308149 0.400059
1 0.373593 0.436454 0.304175 0.401020
1 0.366129 0.446258 0.313666 0.396794
1 0.371482 0.444728 0.315709 0.405103
1 0.371451 0.443519 0.312406 0.405860
1 0.369813 0.441439 0.311008 0.405575
1 0.371887 0.439872 0.309604 0.403674
1 0.368518 0.436994 0.308053 0.407528
1 0.374420 0.441356 0.307185 0.401311
1 0.370440 0.441100 0.316558 0.407639
1 0.372674 0.438433 0.317559 0.407037
1 0.370606 0.440397 0.312941 0.410038
1 0.367859 0.440518 0.308671 0.407682
1 0.374922 0.436427 0.310132 0.411300
1 0.369674 0.437827 0.314823 0.413812
1 0.372175 0.439009 0.316973 0.409840
1 0.374033 0.442312 0.315258 0.401293