1 0.382672 0.436124 0.332166 0.463083
1 0.381674 0.443622 0.335485 0.463990
1 0.386171 0.443282 0.334597 0.479204
1 0.376535 0.436993 0.327452 0.451444
1 0.380441 0.442005 0.329109 0.454775
1 0.379357 0.440798 0.327187 0.459150
1 0.379919 0.441204 0.329980 0.470605
1 0.382857 0.437374 0.328438 0.467841
1 0.378132 0.447312 0.333597 0.463612
1 0.378750 0.443957 0.338664 0.464402
1 0.380977 0.443002 0.328834 0.464160
1 0.380371 0.442431 0.327150 0.467284
1 0.380213 0.445419 0.335807 0.475403
1 0.385974 0.438472 0.330704 0.465621
1 0.372349 0.445589 0.332162 0.452113
1 0.377400 0.446204 0.332151 0.463557
1 0.378645 0.445824 0.330141 0.459142
1 0.378652 0.443631 0.333992 0.460184
1 0.382794 0.441016 0.332398 0.468402
1 0.379572 0.441301 0.335613 0.472938
1 0.382857 0.439615 0.332929 0.466108
1 0.374438 0.451997 0.332533 0.443233
1 0.377056 0.444944 0.335497 0.458010
1 0.381420 0.448834 0.329464 0.455268
1 0.378245 0.446782 0.331556 0.463276
1 0.380740 0.444517 0.333502 0.463740
1 0.382273 0.440047 0.336288 0.470709
1 0.381755 0.443298 0.339084 0.460587
1 0.378305 0.445411 0.342516 0.462413
1 0.380534 0.446095 0.335113 0.462482
1 0.380616 0.444289 0.334933 0.459875
1 0.379667 0.442781 0.336619 0.462553
1 0.379884 0.440642 0.334418 0.467927
1 0.378706 0.443489 0.337821 0.462943
1 0.378513 0.442156 0.337846 0.457026
1 0.379552 0.443498 0.339270 0.460342
1 0.385849 0.446160 0.337646 0.458096
1 0.376707 0.447708 0.352200 0.450789