1 0.531780 0.294805 0.208579 0.328027
1 0.527337 0.296106 0.213241 0.324292
1 0.528875 0.297357 0.208112 0.309240
1 0.529572 0.295971 0.210413 0.309226
1 0.532534 0.293697 0.214982 0.313557
1 0.529388 0.297147 0.209788 0.306385
1 0.528714 0.295330 0.210136 0.305755
1 0.528477 0.295437 0.215343 0.307397
1 0.529587 0.295036 0.212868 0.307018
1 0.532565 0.293693 0.216863 0.311763
1 0.523985 0.296913 0.214136 0.302473
1 0.527469 0.294952 0.213451 0.302611
1 0.527102 0.293887 0.212666 0.308097
1 0.528049 0.293055 0.218573 0.313337
1 0.527419 0.291960 0.216794 0.311258
1 0.528788 0.294301 0.215670 0.306624
1 0.524432 0.298138 0.215515 0.300631
1 0.527622 0.295216 0.216259 0.301691
1 0.527164 0.294080 0.217292 0.311522
1 0.527432 0.292393 0.215335 0.311239
1 0.526910 0.291608 0.218305 0.315976
1 0.528669 0.292912 0.216392 0.313215
1 0.524024 0.297076 0.215835 0.303231
1 0.526860 0.294259 0.218137 0.305605
1 0.526705 0.293283 0.215505 0.308591
1 0.526716 0.293066 0.214598 0.315726
1 0.526058 0.293574 0.218002 0.313223
1 0.528286 0.292154 0.216665 0.314855
1 0.522785 0.297304 0.215638 0.304586
1 0.525591 0.293804 0.216250 0.310205
1 0.526588 0.292952 0.217643 0.310143
1 0.527509 0.293579 0.217215 0.310200
1 0.527325 0.294238 0.215987 0.310164
1 0.527954 0.293950 0.216162 0.312206
1 0.526189 0.294203 0.218434 0.312140
1 0.526322 0.294713 0.220694 0.310583
1 0.526563 0.293354 0.217537 0.309309
1 0.526637 0.292988 0.216917 0.317508
1 0.523684 0.298160 0.216337 0.309297
1 0.524591 0.295160 0.216245 0.309997
1 0.526106 0.295534 0.212995 0.313659
1 0.529252 0.297598 0.214448 0.315687
1 0.533272 0.293364 0.216718 0.319782
1 0.531979 0.290619 0.217537 0.321986
1 0.528399 0.287100 0.218521 0.326438
1 0.534444 0.281868 0.215795 0.330052
1 0.521961 0.298868 0.211826 0.314266
1 0.529667 0.293414 0.213373 0.307795
1 0.529242 0.294131 0.215770 0.319911
1 0.528537 0.293791 0.215309 0.317158
1 0.532507 0.291574 0.216306 0.323297
1 0.523054 0.294257 0.214012 0.310916
1 0.529949 0.293334 0.214874 0.310120
1 0.527062 0.292350 0.212333 0.312815
1 0.527510 0.295486 0.211917 0.321495
1 0.529808 0.292912 0.214627 0.323060
1 0.529124 0.296855 0.215508 0.311471
1 0.527298 0.296681 0.217281 0.314784
1 0.530023 0.293674 0.217032 0.316617