1 0.463835 0.296234 0.257613 0.381470
1 0.464631 0.297356 0.259180 0.380219
1 0.463380 0.297479 0.259208 0.377056
1 0.461853 0.295276 0.258389 0.372346
1 0.466060 0.296027 0.255248 0.372076
1 0.465473 0.296064 0.264680 0.372414
1 0.464263 0.297760 0.261601 0.370070
1 0.466358 0.298516 0.259364 0.364035
1 0.462848 0.298903 0.261557 0.369263
1 0.464893 0.295496 0.258406 0.378176
1 0.463844 0.294304 0.266246 0.379968
1 0.464531 0.294279 0.266870 0.378816
1 0.466555 0.298201 0.261308 0.369807
1 0.462336 0.300650 0.261437 0.367349
1 0.463711 0.295829 0.260351 0.378107
1 0.464711 0.294084 0.265420 0.380089
1 0.465484 0.294592 0.265109 0.376052
1 0.467531 0.297661 0.262924 0.373307
1 0.463513 0.295788 0.259250 0.376977
1 0.463387 0.297088 0.261821 0.381957
1 0.462482 0.295539 0.263465 0.379722
1 0.465648 0.296729 0.261455 0.372850
1 0.462848 0.296663 0.259415 0.379172
1 0.463007 0.296426 0.263261 0.378798
1 0.462224 0.294288 0.263799 0.375594
1 0.464246 0.297788 0.259440 0.371050
1 0.462048 0.302651 0.258187 0.365656
1 0.463366 0.297780 0.261681 0.374315
1 0.462554 0.296491 0.263497 0.379755
1 0.462566 0.295466 0.264409 0.377842
1 0.463781 0.297499 0.263887 0.368752
1 0.462676 0.297695 0.260036 0.377912
1 0.461551 0.296567 0.259787 0.381757
1 0.462180 0.298552 0.265872 0.377362
1 0.467273 0.292423 0.262773 0.381790
1 0.466445 0.293157 0.265513 0.385918
1 0.464830 0.291534 0.262522 0.378901
1 0.463108 0.298051 0.257971 0.379728
1 0.467489 0.297273 0.265635 0.376959
1 0.467221 0.298280 0.262707 0.380010
1 0.465628 0.298889 0.264052 0.382127
1 0.465265 0.294862 0.260263 0.377997
1 0.466003 0.296534 0.267041 0.380414
1 0.462125 0.299535 0.259067 0.374944
1 0.462746 0.295614 0.265547 0.376169
1 0.464221 0.295047 0.262632 0.375909
1 0.464822 0.296843 0.262580 0.380460
1 0.465408 0.296845 0.266379 0.368977
1 0.464227 0.298484 0.269432 0.376247
1 0.464408 0.294128 0.259677 0.374076
1 0.464864 0.298106 0.261518 0.374658
1 0.465511 0.295049 0.262162 0.374192
1 0.465053 0.296444 0.264224 0.378886
1 0.465134 0.295985 0.265725 0.377629
1 0.462063 0.296418 0.261462 0.373109
1 0.462936 0.295770 0.264607 0.382332
1 0.465266 0.296340 0.262173 0.376931
1 0.464364 0.296133 0.265678 0.380749
1 0.462536 0.299159 0.264321 0.375708
1 0.462866 0.297932 0.270094 0.376955
1 0.463976 0.301171 0.269898 0.371687
1 0.465644 0.302604 0.270941 0.375409