1 0.813895 0.112274 0.043793 0.062688
1 0.814589 0.112433 0.042178 0.061537
1 0.814648 0.113228 0.041355 0.060084
1 0.814228 0.113685 0.041899 0.059829
1 0.815432 0.112330 0.041242 0.058940
1 0.814403 0.113194 0.042336 0.062703
1 0.814213 0.112928 0.041019 0.059715
1 0.814551 0.113537 0.041302 0.059122
1 0.813476 0.114054 0.042502 0.061017
1 0.814280 0.114260 0.041313 0.060059
1 0.442956 0.323272 0.238951 0.333128
1 0.444345 0.327533 0.243026 0.332167
1 0.441467 0.327560 0.241943 0.335666
1 0.442963 0.325977 0.240554 0.341261
1 0.445602 0.328787 0.243853 0.332978
1 0.444139 0.328880 0.247240 0.328108
1 0.442931 0.329315 0.245820 0.326224
1 0.442769 0.329685 0.245874 0.331086
1 0.444471 0.327920 0.243236 0.333413
1 0.445280 0.327350 0.244003 0.334211
1 0.444125 0.326843 0.245261 0.334410
1 0.443291 0.328775 0.246327 0.332932
1 0.443508 0.328948 0.246767 0.332964
1 0.444958 0.327028 0.241549 0.330523
1 0.445278 0.325839 0.241842 0.332791
1 0.444533 0.326140 0.244500 0.335295
1 0.444473 0.326767 0.247363 0.329293
1 0.443707 0.327861 0.247175 0.330073
1 0.444457 0.327723 0.241320 0.330707
1 0.445215 0.326490 0.244222 0.336667
1 0.445187 0.326386 0.249062 0.336674
1 0.443512 0.326732 0.249786 0.333935
1 0.443955 0.326492 0.247681 0.334702
1 0.445697 0.329197 0.242998 0.330009
1 0.444740 0.327639 0.244411 0.335743
1 0.445948 0.327176 0.247446 0.336636
1 0.444451 0.327684 0.252231 0.336644
1 0.445208 0.327310 0.246205 0.333279
1 0.447375 0.330356 0.249500 0.324404
1 0.444624 0.329942 0.241578 0.324823
1 0.445827 0.327551 0.248292 0.330988
1 0.445934 0.327951 0.246793 0.336897
1 0.445539 0.328826 0.248239 0.338072
1 0.445817 0.327987 0.247383 0.332453
1 0.445541 0.327027 0.248088 0.337226
1 0.446125 0.327267 0.245993 0.331531
1 0.446216 0.326480 0.246984 0.334688
1 0.447870 0.328829 0.250764 0.333358
1 0.441397 0.325016 0.248792 0.344146
1 0.444455 0.324741 0.245153 0.343065
1 0.443753 0.326515 0.245402 0.340002
1 0.447698 0.325123 0.248302 0.331015
1 0.444563 0.331623 0.244696 0.330587
1 0.443072 0.329476 0.245580 0.327068
1 0.441715 0.329833 0.241892 0.336404
1 0.446127 0.333418 0.246292 0.327261
1 0.448462 0.325896 0.249636 0.338801
1 0.443431 0.327228 0.245636 0.327574
1 0.443086 0.328048 0.246230 0.332666
1 0.443669 0.328473 0.241912 0.332715
1 0.443861 0.332699 0.242583 0.329220
1 0.447381 0.329763 0.248980 0.340120
1 0.446638 0.326899 0.249705 0.331128
1 0.445173 0.328877 0.246975 0.329754
1 0.444420 0.330181 0.241219 0.325042
1 0.444391 0.331076 0.245223 0.327252
1 0.445114 0.329581 0.245432 0.329539
1 0.444779 0.330360 0.246974 0.329488
1 0.445820 0.334301 0.245188 0.324948
1 0.445866 0.332677 0.248762 0.330328
1 0.445439 0.333163 0.249829 0.332229