1 0.516755 0.410810 0.348229 0.480117
1 0.511974 0.407652 0.346229 0.471327
1 0.516008 0.417312 0.336182 0.462202
1 0.514629 0.416229 0.335963 0.465623
1 0.516487 0.414159 0.340539 0.467816
1 0.514784 0.412020 0.341924 0.467894
1 0.516075 0.411228 0.338068 0.464808
1 0.516176 0.411671 0.339159 0.469529
1 0.516382 0.411492 0.339147 0.468401
1 0.518988 0.410259 0.340448 0.467276
1 0.514179 0.411171 0.341839 0.464548
1 0.511504 0.412881 0.339269 0.468375
1 0.514332 0.412788 0.335319 0.466435
1 0.517083 0.411424 0.339475 0.465768
1 0.516553 0.411309 0.335025 0.458823
1 0.517982 0.409733 0.348191 0.466085
1 0.521380 0.410010 0.346097 0.465288
1 0.514647 0.412430 0.337781 0.458464
1 0.510462 0.408893 0.341952 0.464283
1 0.515694 0.415942 0.337284 0.466537
1 0.515020 0.413818 0.341356 0.471754
1 0.517911 0.412798 0.335160 0.463141
1 0.516877 0.410054 0.347217 0.469389
1 0.520257 0.415437 0.341973 0.455582
1 0.511102 0.414923 0.343162 0.462936
1 0.514094 0.411183 0.344117 0.463997
1 0.518071 0.414212 0.338417 0.464729
1 0.516649 0.412088 0.345007 0.464902
1 0.516861 0.410539 0.342854 0.466622
1 0.516483 0.410017 0.345133 0.471059
1 0.513254 0.407264 0.348890 0.472276
1 0.516800 0.407892 0.342719 0.467612
1 0.516571 0.410441 0.340730 0.462757
1 0.516594 0.408198 0.343869 0.472455
1 0.516416 0.416221 0.343881 0.466218
1 0.513013 0.412630 0.351679 0.467485
1 0.515534 0.409764 0.350424 0.471359
1 0.516797 0.416801 0.342582 0.464838