1 0.445144 0.404551 0.319870 0.422183
1 0.443652 0.409791 0.313897 0.416312
1 0.446102 0.410982 0.315816 0.422770
1 0.449088 0.402379 0.317082 0.420370
1 0.442435 0.403681 0.316548 0.418424
1 0.444245 0.408312 0.319024 0.418797
1 0.445848 0.405998 0.316773 0.416969
1 0.445742 0.405655 0.315925 0.418454
1 0.447777 0.406418 0.316136 0.415608
1 0.451829 0.400207 0.311899 0.419624
1 0.445108 0.410071 0.318243 0.411578
1 0.444187 0.408745 0.315464 0.420394
1 0.444028 0.406013 0.311291 0.419794
1 0.446750 0.405577 0.314473 0.412168
1 0.447818 0.406381 0.312732 0.411754
1 0.446000 0.405770 0.317876 0.414677
1 0.443402 0.408547 0.314014 0.410850
1 0.443719 0.408879 0.319959 0.417302
1 0.446942 0.409200 0.310578 0.415155
1 0.446156 0.406275 0.309439 0.414854
1 0.447024 0.406163 0.310238 0.412937
1 0.446114 0.405235 0.312003 0.418052
1 0.442519 0.410742 0.314446 0.411736
1 0.444958 0.409228 0.314646 0.412206
1 0.448785 0.407882 0.316838 0.415927
1 0.447941 0.408102 0.316851 0.422991
1 0.446603 0.405624 0.316047 0.417924
1 0.449090 0.406061 0.317922 0.413412
1 0.443437 0.406398 0.316217 0.422145
1 0.446147 0.404794 0.317413 0.414145
1 0.447291 0.404654 0.314267 0.421665
1 0.452595 0.405754 0.312382 0.415469
1 0.445257 0.409005 0.323643 0.408704