1 0.339280 0.275035 0.245711 0.348119
1 0.341509 0.276118 0.250692 0.350180
1 0.341345 0.275314 0.248076 0.352262
1 0.335471 0.278173 0.248260 0.342900
1 0.340085 0.278428 0.249657 0.344239
1 0.339829 0.277824 0.252644 0.345788
1 0.340142 0.279055 0.251571 0.350907
1 0.340017 0.276958 0.247965 0.351846
1 0.337579 0.281051 0.253580 0.341401
1 0.339289 0.279108 0.253977 0.345027
1 0.339331 0.277698 0.254071 0.343968
1 0.340233 0.278698 0.250524 0.344240
1 0.340997 0.277725 0.249448 0.342826
1 0.339000 0.280719 0.255019 0.340069
1 0.338448 0.279888 0.251346 0.347793
1 0.339734 0.279650 0.253815 0.343996
1 0.340041 0.278447 0.251175 0.341355
1 0.341434 0.278728 0.251129 0.343405
1 0.339570 0.279789 0.254659 0.343705
1 0.339619 0.277690 0.253047 0.350674
1 0.340519 0.278476 0.253876 0.348222
1 0.338805 0.278108 0.249674 0.345514
1 0.340125 0.279423 0.252278 0.346205
1 0.340105 0.279826 0.255803 0.342274
1 0.339746 0.278267 0.252829 0.346695
1 0.340855 0.279118 0.251114 0.348598
1 0.340144 0.278399 0.250600 0.348146
1 0.340175 0.280208 0.252045 0.342835
1 0.340076 0.279062 0.253815 0.341343
1 0.341347 0.278915 0.254378 0.344929
1 0.341409 0.280815 0.252966 0.345391
1 0.339841 0.279604 0.249176 0.351069
1 0.341469 0.279343 0.253005 0.345763
1 0.340612 0.278047 0.251577 0.342909
1 0.341197 0.279229 0.251752 0.339317
1 0.341037 0.279733 0.251270 0.341960
1 0.344289 0.281675 0.252758 0.340850
1 0.340655 0.279033 0.256646 0.355192
1 0.340491 0.277581 0.251631 0.356135
1 0.340084 0.278520 0.250860 0.353706
1 0.345264 0.277832 0.262188 0.343716
1 0.342884 0.282133 0.254260 0.340269
1 0.338888 0.280336 0.252750 0.343939
1 0.338911 0.280420 0.249016 0.345635
1 0.337951 0.281536 0.253850 0.341145
1 0.345495 0.281156 0.262393 0.347783
1 0.342544 0.280605 0.254484 0.342113
1 0.339734 0.278339 0.249443 0.343595
1 0.340095 0.279716 0.255560 0.341992
1 0.338418 0.276812 0.253207 0.347308
1 0.342415 0.275232 0.259325 0.356765
1 0.346935 0.280788 0.269403 0.343660
1 0.344212 0.281851 0.256419 0.346202
1 0.341100 0.279241 0.257331 0.336455
1 0.341297 0.279756 0.252624 0.338269
1 0.342880 0.278567 0.250853 0.345850
1 0.341557 0.281698 0.258667 0.341426
1 0.342924 0.281577 0.257458 0.344863
1 0.340590 0.281006 0.257701 0.348619
1 0.340147 0.281274 0.257361 0.352559