1 0.500449 0.296321 0.237301 0.338655
1 0.501790 0.297680 0.233161 0.329321
1 0.500700 0.297723 0.236182 0.327736
1 0.503101 0.295567 0.238428 0.328910
1 0.498075 0.295004 0.229287 0.330284
1 0.502426 0.296930 0.232508 0.327429
1 0.500673 0.296626 0.234900 0.325036
1 0.500346 0.297658 0.236002 0.327976
1 0.500519 0.297976 0.238404 0.322364
1 0.502726 0.296811 0.241902 0.321559
1 0.499455 0.297612 0.233116 0.329280
1 0.500914 0.298260 0.235461 0.333428
1 0.501375 0.297425 0.236018 0.336240
1 0.501477 0.297303 0.237697 0.335047
1 0.500274 0.297716 0.238052 0.330628
1 0.501541 0.300066 0.239671 0.321118
1 0.498967 0.299497 0.236878 0.326113
1 0.500050 0.298374 0.234323 0.333020
1 0.502050 0.298062 0.237740 0.330564
1 0.500568 0.297527 0.238743 0.332686
1 0.500499 0.297651 0.241454 0.333642
1 0.502889 0.300401 0.242068 0.326252
1 0.498740 0.298820 0.237508 0.326860
1 0.500290 0.297929 0.238503 0.332319
1 0.501359 0.297982 0.235607 0.330909
1 0.500445 0.299833 0.239774 0.336900
1 0.500407 0.299253 0.242236 0.333912
1 0.503071 0.298712 0.242781 0.325961
1 0.497654 0.300182 0.237041 0.327263
1 0.498930 0.297486 0.238665 0.338541
1 0.501068 0.298043 0.241083 0.329901
1 0.500432 0.299532 0.241367 0.336423
1 0.501444 0.301064 0.241410 0.332456
1 0.502816 0.302121 0.243000 0.324642
1 0.500210 0.297981 0.241265 0.335416
1 0.500217 0.299667 0.241111 0.326747
1 0.500641 0.299868 0.241879 0.334181
1 0.500660 0.299363 0.241528 0.334684
1 0.504068 0.302742 0.246567 0.325353
1 0.499457 0.300210 0.240387 0.337307
1 0.498553 0.299911 0.236924 0.328807
1 0.500691 0.299619 0.242076 0.337665
1 0.501917 0.302267 0.244113 0.334749
1 0.503573 0.303486 0.233305 0.330814
1 0.502445 0.301214 0.238067 0.330761
1 0.503025 0.301559 0.240769 0.327839
1 0.505283 0.300867 0.241915 0.324322
1 0.502696 0.299003 0.236924 0.338276
1 0.501197 0.303502 0.240509 0.324828
1 0.497948 0.304852 0.237508 0.330052
1 0.502478 0.302295 0.232625 0.327222
1 0.500475 0.302397 0.236940 0.325474
1 0.499669 0.302293 0.245118 0.331675
1 0.503781 0.300585 0.243197 0.331276
1 0.503681 0.299973 0.242454 0.329074
1 0.501619 0.301895 0.235313 0.326316
1 0.501594 0.302873 0.238529 0.329529
1 0.501556 0.299779 0.238702 0.327557
1 0.501185 0.302109 0.238770 0.335615
1 0.501785 0.301903 0.242762 0.326720
1 0.500294 0.302505 0.237842 0.327817
1 0.501347 0.301948 0.239888 0.331115
1 0.501604 0.302170 0.240259 0.329736