1 0.362156 0.270518 0.214730 0.330274
1 0.363826 0.272820 0.224306 0.321418
1 0.362479 0.273872 0.221705 0.319389
1 0.363015 0.273534 0.224322 0.319011
1 0.363602 0.271139 0.222112 0.323754
1 0.364889 0.272718 0.220875 0.316936
1 0.362880 0.272914 0.225012 0.315445
1 0.363968 0.273581 0.227899 0.316189
1 0.362858 0.272828 0.223666 0.314718
1 0.364536 0.271493 0.228959 0.320697
1 0.364812 0.271896 0.227618 0.319569
1 0.363945 0.270931 0.227726 0.318184
1 0.364484 0.272451 0.228753 0.315378
1 0.362081 0.272424 0.225199 0.315712
1 0.364559 0.273778 0.230835 0.319447
1 0.365103 0.273462 0.229245 0.324059
1 0.363796 0.271430 0.228386 0.321714
1 0.364000 0.271508 0.228044 0.316849
1 0.362261 0.271905 0.226728 0.318253
1 0.364227 0.271878 0.232852 0.323593
1 0.365255 0.273125 0.231085 0.320346
1 0.363593 0.270989 0.228147 0.320508
1 0.363667 0.273078 0.231058 0.316139
1 0.363275 0.272081 0.230102 0.315590
1 0.363489 0.272090 0.233578 0.326307
1 0.364670 0.272502 0.231516 0.325516
1 0.364182 0.271445 0.231164 0.321475
1 0.363739 0.272197 0.231537 0.318722
1 0.364234 0.273400 0.230313 0.316697
1 0.362794 0.273233 0.231550 0.322732
1 0.362625 0.273238 0.232737 0.323642
1 0.364534 0.272671 0.234156 0.323469
1 0.363921 0.273770 0.233498 0.322713
1 0.364178 0.274763 0.228647 0.319943
1 0.363257 0.274701 0.234710 0.323433
1 0.362797 0.274768 0.231625 0.322462
1 0.363645 0.275975 0.233389 0.325448
1 0.364641 0.279634 0.222203 0.317262
1 0.368426 0.268484 0.231829 0.342394
1 0.362287 0.267124 0.227993 0.332454
1 0.365177 0.274753 0.226349 0.327830
1 0.366096 0.272627 0.228742 0.323062
1 0.364490 0.275061 0.230681 0.326291
1 0.362407 0.272894 0.227076 0.323383
1 0.366775 0.265989 0.233093 0.330084
1 0.364195 0.276529 0.233270 0.323698
1 0.362737 0.275155 0.230909 0.319831
1 0.363591 0.272960 0.226157 0.317681
1 0.363381 0.270323 0.230489 0.323559
1 0.362274 0.270835 0.232740 0.321947
1 0.361549 0.274559 0.230649 0.318660
1 0.364606 0.274094 0.229901 0.317622
1 0.364303 0.273947 0.227528 0.315642
1 0.363828 0.273854 0.231802 0.320372
1 0.361764 0.274670 0.230641 0.324339
1 0.365184 0.275682 0.235070 0.324146
1 0.364071 0.277451 0.236842 0.323158