1 0.730044 0.311759 0.297243 0.455316
1 0.730402 0.312357 0.294422 0.442017
1 0.731514 0.313825 0.301839 0.451045
1 0.727784 0.306677 0.301081 0.453260
1 0.731966 0.308756 0.303245 0.432930
1 0.733754 0.307026 0.300613 0.439765
1 0.732434 0.306016 0.304051 0.438935
1 0.729318 0.305768 0.305015 0.442872
1 0.720355 0.307471 0.312414 0.446464
1 0.729434 0.309376 0.306619 0.435168
1 0.734543 0.308644 0.305400 0.432944
1 0.736801 0.308410 0.300933 0.436856
1 0.731224 0.309666 0.304584 0.432100
1 0.729393 0.307927 0.304913 0.435528
1 0.735331 0.308138 0.298982 0.438960
1 0.722439 0.314585 0.309239 0.438078
1 0.729000 0.305443 0.308406 0.430490
1 0.730192 0.307749 0.308729 0.431521
1 0.731846 0.307139 0.308040 0.434991
1 0.729910 0.307646 0.304321 0.430552
1 0.733309 0.306050 0.309390 0.427809
1 0.733398 0.307985 0.305362 0.432036
1 0.728917 0.308666 0.310812 0.419892
1 0.728190 0.309261 0.307254 0.427187
1 0.734312 0.308827 0.310772 0.435974
1 0.731641 0.306910 0.307395 0.429583
1 0.735437 0.308837 0.316291 0.425109
1 0.727775 0.310694 0.309394 0.422182
1 0.732353 0.311485 0.312816 0.426283
1 0.736184 0.308139 0.307442 0.432089
1 0.737331 0.312806 0.304273 0.426481
1 0.731814 0.314764 0.320352 0.419095
1 0.737360 0.317666 0.310000 0.423090