1 0.493778 0.356657 0.312649 0.424043
1 0.492340 0.359808 0.310118 0.417056
1 0.494687 0.361736 0.314308 0.421619
1 0.488358 0.354294 0.313196 0.420477
1 0.490200 0.360348 0.317395 0.411733
1 0.491169 0.356574 0.318819 0.416542
1 0.491561 0.356219 0.319109 0.406183
1 0.492171 0.358420 0.316822 0.404727
1 0.490544 0.357805 0.314920 0.412366
1 0.490296 0.360063 0.314513 0.411174
1 0.490820 0.361074 0.314728 0.414911
1 0.492349 0.358120 0.316443 0.411444
1 0.491280 0.358287 0.317787 0.413095
1 0.490345 0.358847 0.316411 0.410915
1 0.492696 0.358202 0.318807 0.413601
1 0.488548 0.361135 0.315856 0.411766
1 0.490054 0.361361 0.315393 0.410324
1 0.489699 0.359227 0.315346 0.414884
1 0.493092 0.357600 0.315487 0.418050
1 0.491571 0.358837 0.320175 0.417130
1 0.493060 0.361653 0.316068 0.408974
1 0.488811 0.359786 0.315632 0.411742
1 0.492735 0.360491 0.322330 0.419057
1 0.489685 0.359651 0.320354 0.409968
1 0.492542 0.360130 0.319188 0.413863
1 0.493271 0.362073 0.321430 0.423084
1 0.487520 0.358686 0.316960 0.413344
1 0.488869 0.359502 0.318107 0.415272
1 0.490139 0.360326 0.319378 0.417667
1 0.492741 0.360156 0.316071 0.425832
1 0.488758 0.365368 0.321992 0.409458