1 0.362698 0.284897 0.288877 0.432290
1 0.368173 0.290861 0.286016 0.423822
1 0.366759 0.290386 0.289518 0.427522
1 0.363061 0.287979 0.285088 0.425517
1 0.365246 0.291018 0.285632 0.420889
1 0.366922 0.289764 0.293909 0.422930
1 0.368980 0.289683 0.289445 0.422407
1 0.366631 0.291062 0.288669 0.419789
1 0.365162 0.289609 0.289270 0.420072
1 0.365694 0.291164 0.292029 0.418593
1 0.364162 0.296084 0.284528 0.411974
1 0.365524 0.290769 0.287716 0.419166
1 0.369255 0.289075 0.294051 0.423387
1 0.368558 0.289993 0.286935 0.414323
1 0.368843 0.288548 0.292949 0.415427
1 0.365997 0.297554 0.292865 0.408734
1 0.364530 0.293538 0.285518 0.411935
1 0.368075 0.295461 0.286258 0.417696
1 0.367569 0.292957 0.287354 0.417420
1 0.371048 0.290916 0.289206 0.419433
1 0.369008 0.291564 0.290821 0.422544
1 0.367726 0.290606 0.283774 0.413719
1 0.367865 0.291726 0.288973 0.423649
1 0.367755 0.291495 0.289209 0.422438
1 0.368774 0.291776 0.289981 0.415720
1 0.371743 0.292271 0.290600 0.419253
1 0.366697 0.290455 0.292117 0.419762
1 0.367720 0.292830 0.293066 0.417762
1 0.369663 0.295755 0.295519 0.413857