1 0.497741 0.454293 0.313126 0.451506
1 0.502270 0.457463 0.308797 0.438087
1 0.500223 0.459352 0.314444 0.447289
1 0.497903 0.455132 0.317812 0.456427
1 0.497647 0.445990 0.309962 0.451811
1 0.498961 0.451588 0.309736 0.440359
1 0.501814 0.450673 0.313709 0.435852
1 0.498781 0.451652 0.314604 0.433820
1 0.498860 0.450624 0.314371 0.434429
1 0.500008 0.447829 0.314575 0.450201
1 0.501723 0.450629 0.312613 0.438321
1 0.499254 0.450589 0.312278 0.446479
1 0.500453 0.451554 0.310310 0.441603
1 0.500204 0.451286 0.319003 0.438480
1 0.497892 0.451342 0.314773 0.438786
1 0.498493 0.452322 0.319347 0.442496
1 0.499435 0.451558 0.313067 0.432932
1 0.499092 0.448918 0.316724 0.440559
1 0.497302 0.453738 0.314320 0.442799
1 0.497911 0.450701 0.317681 0.440447
1 0.499598 0.450797 0.317934 0.436515
1 0.501068 0.450994 0.321964 0.444904
1 0.497171 0.453182 0.320336 0.439373
1 0.499532 0.450971 0.315493 0.442063
1 0.501435 0.450921 0.317432 0.442513
1 0.501106 0.449892 0.321183 0.440745
1 0.501137 0.454387 0.324117 0.435393
1 0.504344 0.454412 0.322101 0.441975
1 0.498265 0.450640 0.323292 0.443728
1 0.498182 0.451916 0.320449 0.441555
1 0.501500 0.450221 0.318441 0.442870
1 0.503942 0.451602 0.320726 0.447127
1 0.497293 0.460691 0.326453 0.424352
1 0.498433 0.460977 0.318053 0.434065