1 0.529550 0.460237 0.410218 0.624278
1 0.532166 0.467444 0.416697 0.626226
1 0.534011 0.466391 0.418029 0.636799
1 0.539000 0.465048 0.436052 0.621848
1 0.528980 0.461596 0.411984 0.615525
1 0.531909 0.469278 0.416894 0.615657
1 0.533555 0.471067 0.408729 0.625586
1 0.530949 0.465077 0.414419 0.622234
1 0.531979 0.473421 0.413674 0.624209
1 0.527581 0.465312 0.417096 0.628749
1 0.532471 0.474422 0.416611 0.624742
1 0.532329 0.468672 0.419295 0.626997
1 0.537336 0.471438 0.415223 0.631877
1 0.540458 0.472776 0.418834 0.637838
1 0.532756 0.471431 0.416748 0.610040
1 0.530143 0.470207 0.413047 0.613962
1 0.529845 0.471362 0.406640 0.613858
1 0.535550 0.471329 0.413942 0.606706
1 0.530772 0.468924 0.415138 0.612052
1 0.531998 0.468418 0.415432 0.609839
1 0.531316 0.465595 0.416160 0.620966
1 0.530244 0.462876 0.416059 0.603449
1 0.534677 0.461690 0.417215 0.616848
1 0.532295 0.468725 0.416720 0.618588
1 0.530386 0.467096 0.416093 0.625346
1 0.540197 0.466426 0.416803 0.622476
1 0.532000 0.469209 0.423256 0.629785
1 0.533729 0.464652 0.420330 0.609503
1 0.531533 0.470354 0.417936 0.608085
1 0.530961 0.474287 0.416502 0.613063
1 0.530921 0.474261 0.410568 0.616264
1 0.535340 0.470574 0.417039 0.607203
1 0.532781 0.472449 0.415711 0.611628
1 0.533133 0.470020 0.421095 0.607473
1 0.534546 0.472609 0.422240 0.617507
1 0.534147 0.468827 0.420001 0.613742
1 0.537167 0.471186 0.420622 0.622351
1 0.533384 0.469769 0.417658 0.617794
1 0.535402 0.469871 0.409805 0.617644
1 0.534724 0.471899 0.414870 0.617342
1 0.528614 0.470429 0.414688 0.620431
1 0.532154 0.463174 0.420067 0.605084
1 0.530032 0.465128 0.419219 0.613723
1 0.531662 0.470150 0.418326 0.610750
1 0.531064 0.470059 0.418927 0.623637
1 0.533759 0.469953 0.423211 0.608350
1 0.531452 0.473821 0.417864 0.613161
1 0.532496 0.471310 0.420112 0.606935
1 0.532525 0.477088 0.423676 0.615625
1 0.532880 0.472417 0.421984 0.617394
1 0.533527 0.473739 0.419396 0.620281
1 0.533332 0.466617 0.423130 0.623108
1 0.533013 0.466202 0.419547 0.627566
1 0.531669 0.465720 0.415389 0.624114
1 0.527296 0.468169 0.422217 0.619475
1 0.532048 0.472240 0.420357 0.596540
1 0.531656 0.472285 0.422149 0.607966
1 0.531066 0.475431 0.416748 0.606738
1 0.529095 0.474575 0.416765 0.614792
1 0.533442 0.473805 0.424049 0.606630
1 0.532659 0.475488 0.423460 0.615268
1 0.532085 0.471714 0.417236 0.610158
1 0.533813 0.478750 0.417535 0.614522
1 0.532318 0.472070 0.417321 0.610435
1 0.532596 0.477021 0.417197 0.613462
1 0.532151 0.468158 0.422546 0.617970
1 0.533412 0.468289 0.418235 0.618582
1 0.531402 0.464987 0.416449 0.620207
1 0.529547 0.467788 0.427813 0.630004
1 0.531200 0.470369 0.423004 0.596664
1 0.530426 0.471748 0.419129 0.602061
1 0.530682 0.468546 0.421631 0.608876
1 0.534176 0.471513 0.420464 0.608232
1 0.531169 0.473093 0.428140 0.621267
1 0.535535 0.471625 0.417552 0.615277
1 0.533297 0.476557 0.419504 0.619120
1 0.532553 0.471585 0.416143 0.618634
1 0.531843 0.478511 0.417437 0.619073
1 0.533003 0.470489 0.422646 0.618993
1 0.535929 0.471787 0.415928 0.618825
1 0.531583 0.464846 0.420661 0.618793
1 0.530532 0.467779 0.437149 0.623247
1 0.526930 0.488389 0.408710 0.570018
1 0.535354 0.478850 0.419311 0.589392
1 0.534164 0.476794 0.417040 0.593860
1 0.533611 0.474925 0.415855 0.604224
1 0.536506 0.479486 0.421453 0.601718
1 0.537985 0.476449 0.423807 0.604504
1 0.531229 0.476090 0.430278 0.612571
1 0.533183 0.489180 0.417759 0.573725
1 0.534072 0.479113 0.418685 0.587971
1 0.535285 0.484844 0.419152 0.592847