1 0.565675 0.171153 0.138315 0.215359
1 0.565575 0.174244 0.136743 0.212916
1 0.565243 0.174786 0.137567 0.212552
1 0.565483 0.174477 0.133980 0.212093
1 0.565952 0.178201 0.136502 0.209241
1 0.567278 0.178504 0.135827 0.211441
1 0.565775 0.178011 0.136216 0.210552
1 0.565259 0.179146 0.135932 0.211729
1 0.566181 0.180505 0.133394 0.204541
1 0.564716 0.179927 0.137061 0.207253
1 0.565919 0.183404 0.131656 0.202364
1 0.564568 0.178425 0.135817 0.208541
1 0.565535 0.178537 0.136354 0.206549
1 0.564678 0.180142 0.135731 0.205105
1 0.569487 0.177239 0.138874 0.212290
1 0.565686 0.180843 0.134659 0.205682
1 0.566169 0.181095 0.137183 0.205465
1 0.566310 0.183601 0.129381 0.199659
1 0.565999 0.180268 0.134847 0.207333
1 0.564668 0.180512 0.138444 0.204712
1 0.565145 0.180136 0.135192 0.203350
1 0.569903 0.181570 0.136112 0.207911
1 0.565957 0.179867 0.133089 0.204831
1 0.566020 0.180362 0.137529 0.206819
1 0.565566 0.184600 0.128873 0.196245
1 0.565999 0.180466 0.135770 0.204184
1 0.565619 0.181379 0.134969 0.203812
1 0.566552 0.181919 0.134636 0.205650
1 0.566544 0.181546 0.136420 0.204135
1 0.566846 0.182046 0.136712 0.205914
1 0.565878 0.182080 0.134037 0.201497
1 0.569034 0.185112 0.136530 0.200728