1 0.346963 0.291872 0.223236 0.368571
1 0.349882 0.292445 0.221098 0.368592
1 0.345810 0.294935 0.228601 0.355326
1 0.349035 0.298025 0.226061 0.357868
1 0.349915 0.298254 0.229069 0.357632
1 0.351746 0.297689 0.226482 0.359222
1 0.349057 0.299951 0.224245 0.353120
1 0.348515 0.300212 0.227438 0.355676
1 0.348147 0.299522 0.233685 0.360674
1 0.350655 0.303259 0.224631 0.363543
1 0.732485 0.325859 0.189663 0.304348
1 0.733620 0.327762 0.191844 0.304008
1 0.736186 0.326325 0.193638 0.309167
1 0.350269 0.297795 0.226577 0.349716
1 0.349375 0.296950 0.231047 0.355348
1 0.348849 0.296607 0.232124 0.356878
1 0.349762 0.298591 0.227060 0.354135
1 0.731266 0.324501 0.186762 0.298490
1 0.733423 0.327497 0.190018 0.294219
1 0.734627 0.327996 0.188695 0.295474
1 0.733663 0.328474 0.189170 0.297791
1 0.738942 0.325486 0.193976 0.305175
1 0.349062 0.298177 0.233442 0.356188
1 0.351547 0.297710 0.235850 0.360433
1 0.350924 0.296417 0.230508 0.359802
1 0.351373 0.298286 0.227707 0.352256
1 0.730659 0.326573 0.189500 0.295015
1 0.732414 0.326183 0.191886 0.298039
1 0.734826 0.326946 0.189945 0.294516
1 0.733479 0.326680 0.191197 0.301826
1 0.734825 0.330311 0.193507 0.296448
1 0.348750 0.298563 0.237333 0.351969
1 0.352798 0.296991 0.234832 0.356379
1 0.351745 0.295248 0.230736 0.357049
1 0.351256 0.296634 0.227026 0.353402
1 0.726002 0.324341 0.182905 0.294836
1 0.730902 0.324967 0.189868 0.301419
1 0.732563 0.325282 0.188811 0.306013
1 0.733915 0.326668 0.189852 0.299188
1 0.733648 0.325763 0.189438 0.301466
1 0.735220 0.330278 0.196370 0.295774
1 0.349791 0.298627 0.238954 0.350881
1 0.353704 0.295385 0.233848 0.354079
1 0.353411 0.295319 0.231425 0.356167
1 0.352826 0.296227 0.224951 0.350565
1 0.358254 0.301832 0.223865 0.343675
1 0.725147 0.324772 0.180980 0.292086
1 0.730733 0.324449 0.188266 0.297718
1 0.733621 0.326725 0.188272 0.301612
1 0.734409 0.327962 0.191558 0.298762
1 0.735021 0.327851 0.194076 0.298785
1 0.735011 0.330152 0.194005 0.293211
1 0.350679 0.301295 0.242551 0.354067
1 0.352381 0.298195 0.234240 0.353818
1 0.351934 0.295891 0.233906 0.361833
1 0.354194 0.297697 0.226432 0.353470
1 0.731021 0.326345 0.188834 0.297864
1 0.733177 0.327248 0.187757 0.295785
1 0.734182 0.328269 0.190912 0.296776
1 0.733566 0.328319 0.191710 0.295671
1 0.734983 0.330314 0.190795 0.291332
1 0.350610 0.304158 0.239481 0.352217
1 0.352346 0.299441 0.230727 0.358898
1 0.352835 0.300354 0.229723 0.357688
1 0.355323 0.302796 0.224134 0.348824
1 0.730117 0.326189 0.188650 0.293523
1 0.731955 0.326659 0.188584 0.294992
1 0.733366 0.328824 0.189436 0.292919
1 0.733431 0.329131 0.187760 0.291868
1 0.736988 0.332740 0.189523 0.288972
1 0.352043 0.308812 0.236467 0.350444
1 0.355160 0.308734 0.224756 0.351106
1 0.731596 0.329201 0.188651 0.300062
1 0.732913 0.330843 0.188267 0.299102
1 0.734747 0.333376 0.190816 0.292141
1 0.734497 0.335527 0.187026 0.290418
1 0.355203 0.300293 0.230728 0.356803
1 0.354226 0.299500 0.229863 0.362866
1 0.352375 0.301461 0.230710 0.364751
1 0.343817 0.300804 0.231616 0.361637
1 0.349353 0.297333 0.235769 0.360492
1 0.353639 0.302979 0.234112 0.361760
1 0.354262 0.301672 0.228855 0.356722
1 0.351494 0.299665 0.230068 0.354775
1 0.346665 0.298375 0.224355 0.356254
1 0.354853 0.299928 0.231060 0.359139
1 0.350194 0.304650 0.239028 0.362697
1 0.354053 0.299082 0.239594 0.359209
1 0.350148 0.298390 0.238805 0.353979
1 0.349801 0.303064 0.227481 0.356105
1 0.346172 0.297885 0.230228 0.357842
1 0.355573 0.301213 0.227078 0.361412
1 0.732513 0.324985 0.201213 0.307900
1 0.736998 0.326946 0.201240 0.307310
1 0.350637 0.302491 0.241778 0.360396
1 0.347839 0.302081 0.239487 0.359805
1 0.350961 0.302986 0.225912 0.353179
1 0.351335 0.301487 0.231622 0.353081