1 0.550885 0.313232 0.242523 0.340957
1 0.553174 0.313463 0.243824 0.340065
1 0.549118 0.316255 0.243083 0.341793
1 0.552889 0.317580 0.249578 0.338276
1 0.553496 0.318270 0.252810 0.337715
1 0.553095 0.317040 0.249278 0.338128
1 0.551176 0.317202 0.248983 0.330071
1 0.552234 0.314795 0.252540 0.330792
1 0.551461 0.315540 0.255839 0.332317
1 0.550556 0.316988 0.252459 0.329622
1 0.553867 0.318549 0.249134 0.330053
1 0.549189 0.317654 0.250172 0.324138
1 0.552361 0.316590 0.252641 0.330678
1 0.551279 0.315362 0.255920 0.336448
1 0.550441 0.315553 0.253747 0.328441
1 0.551217 0.318072 0.254840 0.327894
1 0.552917 0.320099 0.251596 0.325758
1 0.550884 0.319221 0.253629 0.328768
1 0.552022 0.315760 0.251333 0.335716
1 0.551289 0.316754 0.253041 0.336442
1 0.550299 0.315880 0.255375 0.330754
1 0.551438 0.316835 0.257477 0.329569
1 0.553210 0.318030 0.252497 0.322760
1 0.551185 0.318383 0.252601 0.330097
1 0.553085 0.313734 0.252430 0.339418
1 0.552048 0.314595 0.255387 0.336309
1 0.549931 0.313852 0.255062 0.334600
1 0.550943 0.316618 0.256651 0.330218
1 0.552747 0.317815 0.249747 0.327041
1 0.552575 0.313825 0.255134 0.336352
1 0.552668 0.315831 0.256087 0.337661
1 0.551390 0.315547 0.251913 0.338073
1 0.551101 0.316449 0.259658 0.334598
1 0.552627 0.317908 0.253338 0.328787
1 0.552691 0.313623 0.256446 0.339186
1 0.552379 0.316078 0.255182 0.333759
1 0.551459 0.315766 0.254654 0.338251
1 0.551177 0.317083 0.257381 0.343292
1 0.554174 0.321970 0.258299 0.330412
1 0.552811 0.316248 0.248930 0.339104
1 0.551175 0.317332 0.251656 0.336574
1 0.554077 0.321573 0.252452 0.337681
1 0.556702 0.318374 0.244527 0.327577
1 0.555417 0.317523 0.252284 0.331834
1 0.553392 0.317742 0.251710 0.328389
1 0.550676 0.317007 0.247880 0.327917
1 0.555442 0.313136 0.250712 0.341248
1 0.556279 0.320889 0.248581 0.328794
1 0.554273 0.320011 0.252544 0.328681
1 0.552568 0.319769 0.250584 0.327011
1 0.550988 0.319501 0.253086 0.325546
1 0.552403 0.315301 0.254582 0.336499
1 0.556720 0.313301 0.259696 0.336461
1 0.554391 0.320683 0.255684 0.328720
1 0.552173 0.319561 0.250362 0.332652
1 0.553400 0.318925 0.254651 0.328582
1 0.553344 0.317638 0.256537 0.330321
1 0.553251 0.320208 0.252877 0.332902
1 0.551679 0.316488 0.254008 0.329805
1 0.554426 0.316078 0.251399 0.330987
1 0.552798 0.318483 0.252905 0.330935
1 0.553638 0.319829 0.252610 0.329462
1 0.552135 0.322766 0.252335 0.334541
1 0.548397 0.319799 0.262208 0.327518
1 0.553841 0.318205 0.258065 0.328835
1 0.553310 0.319304 0.258899 0.325759
1 0.551377 0.321204 0.261036 0.332279