1 0.494816 0.411338 0.297162 0.424697
1 0.493696 0.417390 0.289057 0.416262
1 0.494574 0.420261 0.294379 0.421409
1 0.491012 0.406213 0.286324 0.418017
1 0.494787 0.413056 0.291890 0.408610
1 0.495175 0.410722 0.290559 0.408124
1 0.495225 0.409588 0.290650 0.410035
1 0.495261 0.410700 0.293944 0.410407
1 0.493911 0.408951 0.289871 0.402330
1 0.494099 0.412696 0.293018 0.409865
1 0.494075 0.413248 0.292735 0.408745
1 0.493070 0.409030 0.294038 0.403979
1 0.492181 0.408501 0.294035 0.404789
1 0.493348 0.407954 0.295239 0.410512
1 0.493053 0.408785 0.289192 0.403232
1 0.491599 0.408669 0.295434 0.408768
1 0.492645 0.409113 0.294177 0.409800
1 0.493184 0.406156 0.295097 0.406225
1 0.492307 0.406651 0.294301 0.404314
1 0.492086 0.405683 0.297878 0.410555
1 0.492539 0.410122 0.290170 0.403698
1 0.491105 0.409304 0.291084 0.404314
1 0.494649 0.409303 0.297268 0.409476
1 0.491988 0.407695 0.301735 0.408122
1 0.494588 0.407348 0.298670 0.406419
1 0.488357 0.407950 0.289920 0.408344
1 0.491736 0.408834 0.292934 0.404665
1 0.493846 0.407806 0.294310 0.412239
1 0.495842 0.410380 0.291678 0.410044