1 0.921811 0.737464 0.018344 0.023204
1 0.103106 0.750887 0.036996 0.047146
1 0.103196 0.750440 0.037894 0.050047
1 0.103518 0.749959 0.036944 0.047821
1 0.922063 0.738023 0.017360 0.022234
1 0.103212 0.750407 0.037410 0.047541
1 0.103201 0.750496 0.037627 0.047985
1 0.103783 0.750558 0.037156 0.047792
1 0.102902 0.751408 0.037945 0.048850
1 0.498410 0.514702 0.231204 0.321431
1 0.500394 0.513647 0.229750 0.324374
1 0.499193 0.516415 0.232182 0.320753
1 0.499488 0.517468 0.231406 0.316596
1 0.499601 0.517532 0.235741 0.319283
1 0.499539 0.516004 0.232288 0.323768
1 0.496971 0.516544 0.231268 0.318624
1 0.500670 0.518045 0.232865 0.320397
1 0.499368 0.517006 0.231703 0.312976
1 0.500506 0.516817 0.233719 0.317346
1 0.500219 0.516829 0.233537 0.320525
1 0.501909 0.517859 0.229053 0.315637
1 0.497270 0.520320 0.234322 0.315914
1 0.501267 0.518380 0.233773 0.318335
1 0.501049 0.516710 0.232983 0.310454
1 0.499992 0.516523 0.234246 0.314728
1 0.500961 0.517769 0.235864 0.318347
1 0.501575 0.518368 0.231230 0.316079
1 0.497162 0.520815 0.234805 0.316355
1 0.500029 0.517219 0.234896 0.321007
1 0.500863 0.518523 0.234090 0.315562
1 0.498998 0.515849 0.232317 0.319040
1 0.500201 0.515943 0.234626 0.319526
1 0.503130 0.515613 0.231412 0.316208
1 0.497670 0.519932 0.231525 0.317688
1 0.500250 0.517126 0.238057 0.319279
1 0.501183 0.516218 0.237691 0.316537
1 0.500098 0.516217 0.236093 0.318579
1 0.499808 0.516814 0.237242 0.319234
1 0.503295 0.516963 0.230965 0.316173
1 0.497664 0.518617 0.232296 0.319648
1 0.500466 0.516436 0.234342 0.325406
1 0.501225 0.515769 0.237314 0.323146
1 0.501181 0.516219 0.235552 0.318689
1 0.500893 0.516097 0.236659 0.320133
1 0.503287 0.517185 0.232086 0.317814
1 0.499997 0.514327 0.235369 0.330307
1 0.501837 0.514884 0.237425 0.322271
1 0.501500 0.514474 0.237362 0.322740
1 0.501687 0.515998 0.236232 0.324752
1 0.501683 0.513891 0.238329 0.328464
1 0.500935 0.515735 0.234165 0.324712
1 0.505200 0.519894 0.233164 0.321943
1 0.498324 0.519663 0.236224 0.329087
1 0.500477 0.517363 0.239071 0.323815
1 0.503059 0.517208 0.235267 0.324027
1 0.499191 0.513921 0.239988 0.324145
1 0.501890 0.522222 0.236944 0.323205
1 0.499430 0.519800 0.235792 0.320693
1 0.498393 0.520780 0.231050 0.321589
1 0.501724 0.517740 0.229309 0.320085
1 0.500561 0.517782 0.239216 0.329070
1 0.502997 0.520114 0.235588 0.320543
1 0.499981 0.519328 0.233066 0.324022
1 0.500311 0.519519 0.232739 0.319986
1 0.499364 0.515002 0.231687 0.318208
1 0.503734 0.515721 0.231028 0.321636
1 0.499974 0.519274 0.239166 0.320234
1 0.499142 0.520963 0.234476 0.323443
1 0.500923 0.521423 0.234369 0.318619
1 0.503334 0.516911 0.232879 0.320604