1 0.535818 0.159056 0.134581 0.207202
1 0.536840 0.161262 0.132565 0.203804
1 0.538533 0.161929 0.132176 0.205351
1 0.537686 0.161670 0.132859 0.202426
1 0.537614 0.158542 0.132949 0.204108
1 0.537205 0.161043 0.133621 0.201798
1 0.537589 0.162432 0.132201 0.202842
1 0.538739 0.163234 0.129735 0.198374
1 0.537289 0.161560 0.132417 0.203486
1 0.537821 0.161458 0.133423 0.204676
1 0.538144 0.161030 0.131728 0.200203
1 0.534075 0.160142 0.136881 0.206987
1 0.537230 0.162163 0.136400 0.199639
1 0.537670 0.161585 0.134833 0.203469
1 0.537861 0.163917 0.130601 0.196757
1 0.537513 0.162081 0.133541 0.202456
1 0.536513 0.162158 0.133601 0.202840
1 0.537952 0.162031 0.131482 0.198551
1 0.539666 0.160179 0.136466 0.207308
1 0.536956 0.162470 0.136206 0.204131
1 0.537721 0.161835 0.137533 0.207628
1 0.537801 0.162988 0.129376 0.197644
1 0.536920 0.161612 0.133889 0.205374
1 0.537210 0.160600 0.134983 0.204044
1 0.538110 0.160753 0.135237 0.202245
1 0.538153 0.161042 0.136219 0.206953
1 0.537322 0.161761 0.134411 0.207331
1 0.537245 0.160626 0.135434 0.208045
1 0.539618 0.161388 0.134614 0.204878