1 0.522097 0.384315 0.275454 0.378666
1 0.524918 0.384481 0.275488 0.375803
1 0.522111 0.385162 0.271761 0.373519
1 0.524258 0.386738 0.272846 0.369095
1 0.523535 0.385843 0.276815 0.369789
1 0.522894 0.383919 0.278491 0.373456
1 0.522984 0.386278 0.280031 0.373933
1 0.523029 0.388442 0.275553 0.365601
1 0.522309 0.387205 0.282064 0.378116
1 0.521498 0.385933 0.284476 0.385744
1 0.523413 0.385267 0.287347 0.387194
1 0.524032 0.387599 0.282889 0.379755
1 0.521037 0.386654 0.281539 0.383904
1 0.522126 0.386248 0.283401 0.386884
1 0.522494 0.384990 0.284864 0.385588
1 0.523493 0.387684 0.285853 0.382664
1 0.521024 0.388164 0.280976 0.381967
1 0.520866 0.388560 0.283136 0.385682
1 0.520534 0.386455 0.285289 0.389310
1 0.521937 0.387327 0.288835 0.385979
1 0.520279 0.387754 0.279594 0.378304
1 0.520149 0.387522 0.283639 0.384028
1 0.519111 0.384681 0.284766 0.384077
1 0.521261 0.387433 0.289957 0.385496
1 0.520345 0.387660 0.279546 0.378416
1 0.518976 0.386976 0.283310 0.379310
1 0.518589 0.386752 0.284374 0.379083
1 0.525961 0.385902 0.287207 0.386840
1 0.522751 0.386113 0.282917 0.383487
1 0.521930 0.385811 0.286789 0.381180
1 0.525084 0.385023 0.283725 0.392529
1 0.524710 0.387145 0.287329 0.383142
1 0.525020 0.389605 0.289265 0.385264
1 0.526246 0.388738 0.288948 0.377685
1 0.525551 0.388900 0.289172 0.375933
1 0.522622 0.383661 0.291263 0.392569
1 0.522744 0.387074 0.288738 0.393157
1 0.522362 0.386814 0.290010 0.387606
1 0.525320 0.386996 0.283054 0.386397
1 0.524968 0.387424 0.289200 0.385096
1 0.524285 0.387883 0.286123 0.378261
1 0.527386 0.389969 0.292956 0.384058
1 0.520663 0.385492 0.285773 0.384584
1 0.525036 0.387591 0.285443 0.387202
1 0.525879 0.387701 0.285832 0.384900
1 0.522922 0.387030 0.291702 0.385725
1 0.522869 0.387731 0.286497 0.382803
1 0.522018 0.389070 0.288111 0.378425
1 0.521936 0.387954 0.292026 0.386626
1 0.524429 0.389385 0.286360 0.380430
1 0.522147 0.389289 0.288539 0.385662
1 0.522734 0.390983 0.282494 0.382530
1 0.522464 0.393010 0.292638 0.382019
1 0.526422 0.391072 0.295057 0.378681
1 0.524478 0.392987 0.292987 0.381652