1 0.409360 0.446172 0.344985 0.526598
1 0.406494 0.444357 0.341979 0.524275
1 0.411351 0.441182 0.347091 0.530522
1 0.405283 0.445408 0.346169 0.530694
1 0.405790 0.446538 0.345037 0.523733
1 0.404638 0.445986 0.348066 0.529605
1 0.407509 0.445789 0.345413 0.532346
1 0.417019 0.441010 0.351335 0.541376
1 0.401224 0.443620 0.342945 0.518914
1 0.403846 0.444109 0.348571 0.526773
1 0.406828 0.440995 0.351818 0.529390
1 0.404142 0.441963 0.352856 0.525941
1 0.405782 0.443758 0.347446 0.530606
1 0.411368 0.441571 0.349458 0.533751
1 0.402632 0.443604 0.342172 0.515456
1 0.404806 0.442972 0.343710 0.517484
1 0.408121 0.440437 0.350293 0.523645
1 0.403841 0.442759 0.354842 0.517079
1 0.407151 0.441995 0.352201 0.520324
1 0.407757 0.442550 0.353789 0.529131
1 0.404506 0.437483 0.348424 0.520500
1 0.404309 0.436495 0.351339 0.524212
1 0.405733 0.441644 0.354830 0.527865
1 0.403823 0.443251 0.354697 0.518545
1 0.408022 0.438885 0.356533 0.527084
1 0.410570 0.437630 0.360842 0.535290
1 0.403996 0.439845 0.350190 0.518680
1 0.403884 0.437043 0.358500 0.531404
1 0.409136 0.440809 0.358379 0.530948
1 0.405897 0.441749 0.357961 0.520970
1 0.408839 0.439847 0.357123 0.525213
1 0.414350 0.439751 0.359524 0.531243
1 0.405883 0.442137 0.349905 0.517407
1 0.410082 0.440683 0.359393 0.526076
1 0.407511 0.441328 0.354069 0.518909
1 0.411058 0.443693 0.356550 0.523321
1 0.409197 0.450153 0.360238 0.510719
1 0.412371 0.447147 0.359000 0.513221