1 0.867830 0.628477 0.023064 0.034434
1 0.022773 0.664772 0.036531 0.048993
1 0.022958 0.665258 0.037150 0.051722
1 0.022007 0.666742 0.035170 0.050826
1 0.022789 0.666043 0.035900 0.049978
1 0.022527 0.665948 0.036425 0.048984
1 0.022956 0.666535 0.036448 0.050326
1 0.023863 0.666807 0.035263 0.048736
1 0.525438 0.414612 0.366258 0.493489
1 0.524944 0.423894 0.364610 0.498836
1 0.522229 0.426548 0.360346 0.503026
1 0.526355 0.424151 0.364487 0.507837
1 0.521932 0.419460 0.360571 0.489980
1 0.522886 0.419086 0.362175 0.488249
1 0.522245 0.419721 0.360476 0.494816
1 0.522444 0.417475 0.364172 0.500861
1 0.526253 0.417397 0.359936 0.502305
1 0.518010 0.420408 0.358273 0.478616
1 0.521651 0.422909 0.362010 0.491293
1 0.522481 0.420314 0.358078 0.486195
1 0.523666 0.418938 0.354345 0.486924
1 0.526010 0.418756 0.357041 0.487252
1 0.525559 0.418543 0.357636 0.492200
1 0.525590 0.414788 0.363054 0.491660
1 0.520613 0.420821 0.352656 0.473926
1 0.521641 0.421771 0.358825 0.488739
1 0.522944 0.421443 0.359399 0.488223
1 0.523210 0.420287 0.359887 0.494823
1 0.527254 0.418489 0.356519 0.494275
1 0.525604 0.416661 0.360012 0.496686
1 0.525096 0.418394 0.359526 0.490909
1 0.518635 0.424821 0.352904 0.475315
1 0.522138 0.421615 0.357465 0.483443
1 0.525966 0.422810 0.356324 0.487720
1 0.523991 0.420019 0.357553 0.490052
1 0.526088 0.418257 0.355901 0.494566
1 0.528423 0.415166 0.359144 0.492173
1 0.527878 0.417550 0.361275 0.484253
1 0.522437 0.418752 0.358327 0.489223
1 0.525589 0.416717 0.357278 0.490319
1 0.525338 0.416557 0.354680 0.489942
1 0.525330 0.414946 0.356111 0.495128
1 0.524953 0.416943 0.357206 0.497847
1 0.524106 0.422969 0.360838 0.485560
1 0.522731 0.421025 0.361060 0.490834
1 0.526654 0.419244 0.359353 0.489677