1 0.465454 0.304395 0.226605 0.304186
1 0.466066 0.305831 0.225824 0.296467
1 0.467054 0.303424 0.228019 0.299493
1 0.466067 0.304091 0.228255 0.302756
1 0.467792 0.306840 0.228570 0.298804
1 0.465763 0.306983 0.228149 0.298210
1 0.466939 0.307435 0.231585 0.300222
1 0.467006 0.304725 0.228035 0.304238
1 0.467904 0.306674 0.230986 0.298781
1 0.468160 0.307120 0.231018 0.298911
1 0.466393 0.306288 0.230022 0.295781
1 0.467061 0.307787 0.231052 0.298295
1 0.465980 0.306341 0.230545 0.305409
1 0.469505 0.306980 0.227935 0.297954
1 0.468159 0.308646 0.232119 0.293851
1 0.467524 0.307985 0.230800 0.297353
1 0.465886 0.307551 0.232128 0.292628
1 0.466442 0.307017 0.232297 0.297442
1 0.466249 0.307267 0.232800 0.300904
1 0.469284 0.307561 0.230228 0.298527
1 0.468696 0.307355 0.231832 0.298768
1 0.468546 0.306931 0.232472 0.298346
1 0.466555 0.305721 0.228515 0.295088
1 0.465570 0.306493 0.231846 0.296781
1 0.465877 0.307072 0.233981 0.296420
1 0.470086 0.306148 0.229949 0.297850
1 0.467970 0.307903 0.232512 0.299806
1 0.467766 0.306645 0.230889 0.296686
1 0.468614 0.305741 0.233348 0.299889
1 0.467188 0.305825 0.234032 0.295175
1 0.465969 0.306788 0.232849 0.296221
1 0.469980 0.307255 0.229473 0.297557
1 0.466753 0.307654 0.234065 0.298465
1 0.466706 0.305963 0.232272 0.299681
1 0.468688 0.306465 0.233877 0.297981
1 0.468242 0.306805 0.233464 0.296572
1 0.465845 0.306285 0.232176 0.298787
1 0.466067 0.306924 0.229104 0.299201
1 0.467708 0.307849 0.231726 0.295369
1 0.467958 0.307703 0.231171 0.298824
1 0.469412 0.311153 0.231313 0.296516
1 0.467563 0.309725 0.227055 0.295945
1 0.471028 0.310119 0.236545 0.300713
1 0.465937 0.307923 0.236107 0.306523
1 0.466170 0.305380 0.234813 0.299500
1 0.469221 0.311806 0.234342 0.301425
1 0.465742 0.308933 0.234927 0.297704
1 0.464595 0.308711 0.231064 0.299642
1 0.468455 0.306549 0.230215 0.300831
1 0.466787 0.306164 0.234538 0.308789
1 0.465718 0.310123 0.238026 0.302488
1 0.468184 0.311250 0.233124 0.298471
1 0.466666 0.307627 0.227507 0.296891
1 0.466591 0.307117 0.232620 0.302182
1 0.466120 0.305668 0.232580 0.307226
1 0.466453 0.310303 0.239427 0.298754
1 0.466889 0.308104 0.233964 0.297645
1 0.466489 0.308154 0.234030 0.298438
1 0.466219 0.308654 0.231228 0.301640