1 0.696786 0.257388 0.199190 0.438850
1 0.699847 0.258370 0.190929 0.432319
1 0.695009 0.258420 0.198973 0.404639
1 0.697418 0.260965 0.190605 0.402620
1 0.696635 0.259215 0.190145 0.388787
1 0.699755 0.255680 0.183899 0.386966
1 0.696340 0.259540 0.188441 0.385819
1 0.698794 0.257724 0.190269 0.379747
1 0.696975 0.257536 0.192621 0.375656
1 0.697823 0.259625 0.189096 0.368888
1 0.697197 0.257523 0.188276 0.378811
1 0.698972 0.255211 0.189378 0.382712
1 0.696388 0.255865 0.193314 0.380822
1 0.698200 0.257133 0.187593 0.369584
1 0.697901 0.256128 0.194358 0.378087
1 0.700498 0.254847 0.192635 0.390445
1 0.697878 0.255946 0.196869 0.387473
1 0.700403 0.256812 0.190722 0.375970
1 0.696788 0.255083 0.196076 0.379123
1 0.700992 0.252115 0.200713 0.387116
1 0.699054 0.252648 0.198191 0.385295
1 0.700367 0.257033 0.191575 0.379411
1 0.696517 0.255259 0.197595 0.378713
1 0.699672 0.249332 0.201050 0.386867
1 0.701381 0.249971 0.199634 0.384896
1 0.702074 0.257430 0.193695 0.381150
1 0.696911 0.254850 0.204806 0.379777
1 0.700123 0.251174 0.201696 0.381597
1 0.702893 0.250295 0.200633 0.387607
1 0.704728 0.255950 0.194749 0.381600
1 0.697153 0.258091 0.205736 0.386621
1 0.702465 0.252290 0.200740 0.390728
1 0.704712 0.253253 0.195524 0.390357
1 0.704345 0.257867 0.192309 0.385077
1 0.702134 0.258272 0.202486 0.392064
1 0.704616 0.255391 0.197740 0.396282
1 0.708392 0.262708 0.189293 0.383755
1 0.706874 0.266133 0.197593 0.384201
1 0.705531 0.253546 0.203172 0.378895
1 0.695876 0.247347 0.205548 0.400268
1 0.691935 0.252793 0.198687 0.397061
1 0.704354 0.254676 0.195336 0.388909
1 0.702794 0.250699 0.184469 0.386669
1 0.700280 0.252362 0.196574 0.380597
1 0.692708 0.253802 0.197162 0.393668
1 0.702890 0.259170 0.195664 0.384514
1 0.698782 0.251432 0.196093 0.372787
1 0.697308 0.251481 0.189591 0.379528
1 0.698546 0.253258 0.196999 0.382727
1 0.708408 0.256942 0.197799 0.376277
1 0.699222 0.254516 0.200863 0.384329
1 0.698092 0.261229 0.200856 0.373001
1 0.705554 0.259107 0.193131 0.375259
1 0.701371 0.260278 0.199447 0.382814