1 0.407939 0.261163 0.232551 0.326026
1 0.411151 0.262672 0.233151 0.323189
1 0.413495 0.259896 0.235771 0.331536
1 0.407035 0.262544 0.234373 0.325164
1 0.411164 0.264920 0.234321 0.320554
1 0.410950 0.265116 0.240635 0.323383
1 0.411195 0.265018 0.241705 0.324890
1 0.414237 0.261011 0.237829 0.326917
1 0.409767 0.264492 0.236246 0.317695
1 0.411153 0.263550 0.239819 0.321499
1 0.410760 0.262181 0.239201 0.319248
1 0.411106 0.263994 0.240450 0.319156
1 0.410503 0.263733 0.239124 0.319484
1 0.411308 0.263190 0.240053 0.319040
1 0.411724 0.262851 0.240581 0.326466
1 0.410583 0.262375 0.240316 0.320898
1 0.410882 0.263506 0.238990 0.316510
1 0.411298 0.264486 0.237820 0.319720
1 0.411901 0.261832 0.239465 0.324513
1 0.412335 0.263531 0.236632 0.325565
1 0.410425 0.262440 0.235504 0.321176
1 0.410481 0.261950 0.235939 0.318721
1 0.411977 0.261865 0.235216 0.316383
1 0.411160 0.261902 0.236020 0.328269
1 0.411743 0.260677 0.236985 0.325201
1 0.411340 0.259756 0.236422 0.323691
1 0.411302 0.261709 0.237510 0.318583
1 0.412259 0.263330 0.234826 0.318194
1 0.411488 0.260832 0.238057 0.330817
1 0.411651 0.261312 0.236313 0.331322
1 0.413392 0.261088 0.236878 0.328716
1 0.412978 0.262053 0.236937 0.326531
1 0.413022 0.262617 0.235137 0.324540
1 0.410419 0.261153 0.238687 0.331283
1 0.412597 0.258988 0.234983 0.328770
1 0.413359 0.261125 0.239216 0.327382
1 0.413796 0.261955 0.236104 0.332497
1 0.415812 0.265170 0.235182 0.327099
1 0.412121 0.263451 0.234833 0.327110
1 0.413841 0.261565 0.232679 0.330668
1 0.416460 0.265063 0.234979 0.330318
1 0.409697 0.262910 0.244013 0.324632
1 0.411258 0.263405 0.245312 0.323980
1 0.410184 0.263739 0.244436 0.325289
1 0.408117 0.263272 0.239506 0.318615
1 0.410405 0.266895 0.240428 0.316888
1 0.411511 0.265140 0.244013 0.315485
1 0.408023 0.263799 0.240019 0.317262
1 0.412858 0.264284 0.240103 0.318189
1 0.410813 0.262597 0.243588 0.325710
1 0.412622 0.264417 0.244229 0.319561
1 0.411277 0.266988 0.239976 0.321816
1 0.410867 0.261919 0.241687 0.315866
1 0.411558 0.262734 0.238935 0.322375
1 0.411918 0.264108 0.239034 0.328659
1 0.410689 0.262347 0.240722 0.320249
1 0.413647 0.261010 0.240086 0.319616
1 0.412544 0.261628 0.238328 0.318665
1 0.415025 0.263246 0.235512 0.325099
1 0.412730 0.265981 0.234238 0.323051