1 0.627980 0.169807 0.137327 0.205527
1 0.629996 0.171324 0.137417 0.202221
1 0.630181 0.171883 0.133579 0.202655
1 0.629883 0.171213 0.136799 0.205045
1 0.629120 0.173038 0.135578 0.200826
1 0.628874 0.174563 0.134629 0.200291
1 0.630598 0.173856 0.131587 0.196325
1 0.629010 0.172265 0.134693 0.200882
1 0.629330 0.172985 0.133245 0.200200
1 0.629598 0.170881 0.136190 0.204284
1 0.225390 0.201108 0.088998 0.125304
1 0.226457 0.201175 0.089686 0.124769
1 0.628611 0.171803 0.137114 0.201050
1 0.629201 0.173180 0.136796 0.201095
1 0.628375 0.175513 0.133292 0.195037
1 0.627974 0.172936 0.134342 0.201327
1 0.630191 0.175524 0.130337 0.196958
1 0.629066 0.173545 0.134108 0.204343
1 0.628382 0.172627 0.136921 0.201615
1 0.628541 0.172079 0.135455 0.200013
1 0.225534 0.202795 0.089688 0.123444
1 0.225927 0.202504 0.090453 0.122663
1 0.227453 0.201502 0.091609 0.123338
1 0.626903 0.172905 0.135685 0.203011
1 0.627784 0.172920 0.135501 0.203028
1 0.629077 0.174574 0.131202 0.195577
1 0.627993 0.172894 0.134138 0.205529
1 0.630422 0.174717 0.130633 0.198535
1 0.628795 0.172821 0.134709 0.205967
1 0.629681 0.172017 0.137255 0.205197
1 0.628794 0.172211 0.136706 0.202201
1 0.223908 0.204084 0.089930 0.123386
1 0.225284 0.203297 0.088424 0.125600
1 0.226208 0.202808 0.090157 0.125924
1 0.226289 0.202970 0.089223 0.121468
1 0.629422 0.172434 0.136040 0.205539
1 0.628463 0.171592 0.137466 0.207796
1 0.628131 0.171656 0.136235 0.210818
1 0.629301 0.170168 0.138441 0.206915
1 0.630654 0.175261 0.139140 0.201917
1 0.224665 0.202683 0.091105 0.124065
1 0.225551 0.202687 0.090078 0.125055
1 0.629465 0.172521 0.139688 0.211359
1 0.628578 0.172294 0.137113 0.210137
1 0.630069 0.172722 0.137753 0.211137