1 0.633286 0.341125 0.331108 0.435605
1 0.637898 0.340317 0.325596 0.440189
1 0.637638 0.341529 0.322080 0.421096
1 0.632286 0.342030 0.322299 0.418533
1 0.632232 0.344627 0.324077 0.425049
1 0.635061 0.338069 0.321869 0.425677
1 0.633099 0.342053 0.325275 0.424137
1 0.636374 0.339391 0.326654 0.422975
1 0.636984 0.336774 0.325232 0.423440
1 0.635340 0.339945 0.324984 0.420323
1 0.638372 0.341421 0.327199 0.422235
1 0.637766 0.338088 0.329285 0.422216
1 0.628286 0.342359 0.320989 0.412934
1 0.634696 0.340069 0.326890 0.417204
1 0.634150 0.339982 0.324919 0.421975
1 0.634665 0.343523 0.324887 0.421769
1 0.637731 0.339948 0.326213 0.424008
1 0.636879 0.338750 0.330218 0.420695
1 0.636181 0.336805 0.336031 0.422729
1 0.626056 0.350080 0.326566 0.414642
1 0.633014 0.337611 0.326063 0.419244
1 0.637000 0.341180 0.324725 0.419840
1 0.634431 0.343048 0.327747 0.422850
1 0.636551 0.338208 0.328591 0.420995
1 0.638261 0.338165 0.330297 0.416692
1 0.636384 0.339975 0.338436 0.426030
1 0.634048 0.342391 0.333012 0.414716
1 0.634557 0.340351 0.329788 0.419537
1 0.634322 0.339745 0.327835 0.416938
1 0.639389 0.336315 0.330596 0.417303
1 0.635744 0.337933 0.332274 0.422101
1 0.633281 0.342191 0.334531 0.423899
1 0.635227 0.339669 0.329490 0.428103
1 0.637998 0.338242 0.330657 0.424939