1 0.499180 0.248849 0.209182 0.324440
1 0.501444 0.252138 0.212635 0.321919
1 0.499349 0.252888 0.211957 0.323409
1 0.504795 0.248588 0.216225 0.329232
1 0.499277 0.251374 0.211011 0.314439
1 0.499744 0.251249 0.211360 0.315942
1 0.497371 0.251972 0.212076 0.317413
1 0.497689 0.252166 0.212159 0.317338
1 0.497080 0.251008 0.204659 0.314576
1 0.497519 0.249305 0.210330 0.315739
1 0.500445 0.249867 0.213637 0.318952
1 0.497686 0.249348 0.211201 0.317963
1 0.496048 0.251059 0.212397 0.323005
1 0.500143 0.254880 0.216728 0.316299
1 0.496284 0.250630 0.204453 0.318040
1 0.497737 0.248812 0.211957 0.320846
1 0.500963 0.250562 0.213255 0.321267
1 0.498316 0.249486 0.212250 0.316855
1 0.497602 0.250079 0.213274 0.318236
1 0.500834 0.252849 0.214710 0.314805
1 0.495886 0.251939 0.205689 0.313529
1 0.498230 0.249925 0.209300 0.316285
1 0.500398 0.249749 0.210992 0.315349
1 0.498832 0.250022 0.211503 0.317696
1 0.498274 0.248913 0.211965 0.320108
1 0.501715 0.251049 0.215539 0.315211
1 0.496085 0.252589 0.203380 0.312337
1 0.498037 0.250551 0.210190 0.316444
1 0.499680 0.250531 0.211695 0.312765
1 0.499039 0.248820 0.211555 0.317471
1 0.498521 0.247626 0.210298 0.319216
1 0.503404 0.251382 0.215195 0.316119
1 0.497714 0.249068 0.209254 0.323756
1 0.499107 0.249805 0.210871 0.324693
1 0.498253 0.249167 0.210912 0.324797
1 0.498301 0.248487 0.206581 0.325785
1 0.496591 0.250776 0.206393 0.329943
1 0.499148 0.248553 0.210333 0.332845
1 0.497842 0.245827 0.210875 0.329141
1 0.502412 0.248571 0.210890 0.325851
1 0.494872 0.251333 0.204288 0.326019
1 0.497682 0.246033 0.219165 0.329515
1 0.504583 0.245377 0.215464 0.322753
1 0.498688 0.244447 0.218169 0.325509
1 0.501824 0.244076 0.213695 0.320265
1 0.498497 0.253370 0.211871 0.319557
1 0.502115 0.250852 0.209171 0.324317
1 0.497453 0.248765 0.212642 0.322533
1 0.499551 0.251868 0.217079 0.316958
1 0.499386 0.249996 0.213404 0.321408
1 0.500619 0.248430 0.213756 0.320049
1 0.500043 0.249397 0.211572 0.319012
1 0.500988 0.246677 0.212941 0.324084
1 0.497664 0.255310 0.219367 0.321674
1 0.499016 0.251722 0.210742 0.323804
1 0.500410 0.252123 0.210074 0.318430
1 0.501838 0.249266 0.213822 0.321297