1 0.451680 0.360114 0.263902 0.377652
1 0.448193 0.363568 0.272658 0.369916
1 0.451791 0.362535 0.279522 0.370232
1 0.450222 0.362609 0.272940 0.366081
1 0.452419 0.362056 0.274315 0.366931
1 0.450993 0.362245 0.275638 0.365716
1 0.451207 0.358510 0.281894 0.372985
1 0.451643 0.360343 0.277403 0.369226
1 0.451824 0.362418 0.278704 0.366083
1 0.451117 0.363930 0.281479 0.371765
1 0.451809 0.361863 0.280727 0.376091
1 0.452986 0.361242 0.280664 0.376028
1 0.452583 0.362025 0.284746 0.377763
1 0.450375 0.363877 0.280941 0.373577
1 0.452549 0.361528 0.280299 0.376178
1 0.451929 0.359723 0.280959 0.376817
1 0.452719 0.361301 0.285847 0.378626
1 0.450727 0.362916 0.280792 0.372312
1 0.452688 0.361095 0.280576 0.374360
1 0.452142 0.360893 0.282135 0.376139
1 0.452473 0.362221 0.285654 0.375679
1 0.452180 0.362180 0.278530 0.372649
1 0.453088 0.361916 0.279119 0.372295
1 0.451037 0.360741 0.280353 0.374084
1 0.453376 0.361857 0.284526 0.374463
1 0.451633 0.362599 0.277907 0.370686
1 0.452950 0.361694 0.275661 0.368731
1 0.452100 0.360849 0.277004 0.372086
1 0.453758 0.361315 0.282914 0.372713
1 0.455161 0.358870 0.282625 0.381979
1 0.453056 0.358477 0.282164 0.373900
1 0.452188 0.361552 0.279559 0.369722
1 0.452694 0.362587 0.279705 0.363575
1 0.454951 0.366532 0.279737 0.362727
1 0.455890 0.364235 0.280678 0.362962
1 0.454446 0.360350 0.277430 0.371361
1 0.452896 0.366428 0.278665 0.374076
1 0.451098 0.368314 0.280296 0.363363
1 0.453273 0.366133 0.281148 0.368591
1 0.451955 0.363515 0.281080 0.363427
1 0.452619 0.363252 0.287550 0.366984
1 0.454236 0.364397 0.284891 0.372168
1 0.450186 0.361584 0.284855 0.371416
1 0.450989 0.363071 0.282042 0.366564
1 0.452752 0.363074 0.282776 0.372275
1 0.451117 0.361600 0.281746 0.373294
1 0.452096 0.359998 0.282433 0.370793
1 0.454506 0.366889 0.281942 0.370257
1 0.451340 0.361451 0.282150 0.369365
1 0.453537 0.363121 0.281970 0.368531
1 0.450970 0.363139 0.287447 0.375046
1 0.451462 0.362639 0.288132 0.368319
1 0.452783 0.364972 0.286672 0.368708
1 0.451260 0.366550 0.282062 0.370097
1 0.455966 0.366043 0.279229 0.367804
1 0.453369 0.369107 0.281609 0.370277
1 0.452671 0.368030 0.285100 0.369289