1 0.618661 0.338180 0.312984 0.427026
1 0.623233 0.347250 0.301413 0.419768
1 0.619746 0.349113 0.303554 0.423865
1 0.621107 0.351950 0.302489 0.424351
1 0.619830 0.349144 0.305331 0.423572
1 0.622131 0.347212 0.305640 0.424975
1 0.623903 0.346088 0.303008 0.428160
1 0.621787 0.348282 0.301861 0.429347
1 0.624872 0.348381 0.307075 0.429767
1 0.618127 0.344272 0.309523 0.422484
1 0.622605 0.347569 0.304938 0.419017
1 0.617810 0.347322 0.304339 0.426956
1 0.621910 0.349005 0.302187 0.422213
1 0.622208 0.349215 0.297027 0.422087
1 0.621342 0.347461 0.301112 0.424616
1 0.625965 0.346222 0.298461 0.428690
1 0.616233 0.350473 0.310029 0.425154
1 0.621656 0.346715 0.304135 0.420970
1 0.620490 0.349960 0.298656 0.422999
1 0.623085 0.350631 0.295610 0.417290
1 0.624657 0.348300 0.300644 0.426271
1 0.622519 0.344548 0.310104 0.431421
1 0.626515 0.350415 0.302251 0.422547
1 0.619884 0.348490 0.305336 0.418052
1 0.619836 0.348194 0.303054 0.421160
1 0.624965 0.348272 0.300513 0.418139
1 0.621141 0.347092 0.303416 0.418510
1 0.623403 0.346764 0.311475 0.426730
1 0.618827 0.351353 0.302903 0.413660
1 0.621318 0.350548 0.303138 0.416248
1 0.625044 0.351971 0.304135 0.417494