1 0.158479 0.255047 0.197789 0.288779
1 0.159645 0.257047 0.197515 0.289136
1 0.162657 0.255105 0.200770 0.297686
1 0.159664 0.252899 0.195956 0.284661
1 0.159570 0.256272 0.197834 0.278245
1 0.159729 0.255300 0.197217 0.279279
1 0.158480 0.256218 0.196446 0.280290
1 0.162387 0.255583 0.199441 0.291785
1 0.725596 0.286400 0.252118 0.379096
1 0.725653 0.287771 0.249759 0.375753
1 0.726371 0.285043 0.252451 0.374402
1 0.160352 0.253555 0.198103 0.278560
1 0.158396 0.255267 0.198312 0.281328
1 0.160102 0.253977 0.198043 0.283082
1 0.157739 0.253552 0.199258 0.284073
1 0.158490 0.256774 0.196754 0.284509
1 0.725090 0.287108 0.256308 0.363002
1 0.726208 0.287052 0.257312 0.365005
1 0.724621 0.287062 0.257935 0.363875
1 0.724684 0.286260 0.258716 0.356768
1 0.157743 0.253954 0.200234 0.276133
1 0.160008 0.255580 0.198051 0.277241
1 0.159703 0.254216 0.197677 0.278820
1 0.158528 0.254469 0.199950 0.282629
1 0.158453 0.254023 0.197196 0.282836
1 0.158002 0.253716 0.197821 0.284122
1 0.726775 0.285213 0.256517 0.352700
1 0.724604 0.282166 0.261135 0.362524
1 0.724665 0.282364 0.264147 0.362455
1 0.724580 0.285176 0.260411 0.355082
1 0.156835 0.255384 0.197744 0.273270
1 0.159424 0.254371 0.201006 0.277791
1 0.160697 0.254705 0.196345 0.278241
1 0.158639 0.255832 0.196461 0.283747
1 0.159225 0.254810 0.198751 0.284088
1 0.160515 0.253121 0.200408 0.285812
1 0.726900 0.283399 0.263702 0.359594
1 0.725493 0.280840 0.261567 0.363720
1 0.726313 0.281852 0.260613 0.362168
1 0.724602 0.281809 0.255928 0.356869
1 0.156272 0.257349 0.198800 0.273469
1 0.159618 0.254209 0.200016 0.284029
1 0.160319 0.254316 0.197149 0.281390
1 0.159104 0.255785 0.198342 0.281110
1 0.159664 0.255516 0.197470 0.283622
1 0.160931 0.254229 0.198379 0.283224
1 0.725907 0.283347 0.262966 0.363619
1 0.727957 0.281621 0.258816 0.363751
1 0.727406 0.280422 0.257959 0.365606
1 0.725162 0.281237 0.259857 0.360276
1 0.160029 0.254628 0.202715 0.281788
1 0.159681 0.255451 0.200765 0.281826
1 0.159181 0.255618 0.200230 0.285981
1 0.159893 0.255602 0.198045 0.285617
1 0.160705 0.256527 0.198992 0.282833
1 0.727605 0.282542 0.262837 0.360792
1 0.727424 0.280823 0.261297 0.367741
1 0.726919 0.280294 0.256350 0.368963
1 0.725720 0.282217 0.257712 0.365027
1 0.159455 0.257285 0.201900 0.280728
1 0.159553 0.256510 0.200858 0.287543
1 0.158956 0.257302 0.199237 0.286599
1 0.727526 0.284366 0.262505 0.361222
1 0.726986 0.281484 0.263344 0.366267
1 0.726915 0.279650 0.258939 0.367434
1 0.726897 0.280591 0.260552 0.363120
1 0.159919 0.259486 0.204226 0.285359
1 0.727131 0.285318 0.267736 0.362453
1 0.727016 0.282332 0.266026 0.368760
1 0.725525 0.282537 0.262561 0.367132
1 0.726799 0.282190 0.259183 0.363322
1 0.726809 0.289277 0.263119 0.361472
1 0.726687 0.290176 0.259124 0.356612
1 0.730832 0.285300 0.253888 0.365873
1 0.725191 0.283593 0.256450 0.365424
1 0.720966 0.285470 0.253619 0.371024
1 0.156239 0.253149 0.207265 0.297074
1 0.164702 0.252719 0.208220 0.294037
1 0.161036 0.254434 0.206712 0.296924
1 0.727928 0.286644 0.255059 0.365067
1 0.731249 0.285924 0.253894 0.357237
1 0.729991 0.286120 0.257077 0.360651
1 0.725925 0.285851 0.254450 0.354585
1 0.727167 0.283692 0.260270 0.362470
1 0.160031 0.253441 0.206832 0.295274
1 0.162604 0.255541 0.201855 0.288003
1 0.160809 0.252727 0.205839 0.292691
1 0.161578 0.259174 0.210234 0.294631
1 0.726197 0.285708 0.257165 0.361110
1 0.725613 0.284339 0.259799 0.359466
1 0.727398 0.287783 0.255863 0.357466
1 0.724949 0.286823 0.254383 0.362370
1 0.728426 0.284492 0.253641 0.356699
1 0.725652 0.286990 0.257264 0.355380
1 0.728729 0.285389 0.255434 0.363671
1 0.728989 0.284226 0.262609 0.366875
1 0.724099 0.287769 0.256610 0.364342
1 0.724306 0.285603 0.261716 0.359329
1 0.722304 0.288378 0.262264 0.350080
1 0.725360 0.285798 0.265036 0.359674
1 0.724078 0.284626 0.259207 0.361765
1 0.723342 0.286224 0.258062 0.364181
1 0.728316 0.285659 0.262698 0.357768