1 0.564552 0.395971 0.262336 0.363974
1 0.565016 0.396055 0.261945 0.364762
1 0.565463 0.395250 0.265231 0.361440
1 0.568263 0.391907 0.264418 0.356480
1 0.562406 0.395886 0.261191 0.359217
1 0.565022 0.394755 0.263842 0.360540
1 0.562897 0.393194 0.264822 0.363132
1 0.565894 0.394802 0.266642 0.361054
1 0.565448 0.394897 0.262966 0.353570
1 0.563560 0.395097 0.262060 0.355912
1 0.564709 0.391957 0.263863 0.365337
1 0.563390 0.391129 0.266288 0.364111
1 0.565430 0.393061 0.263070 0.362016
1 0.565587 0.393917 0.261305 0.357795
1 0.563164 0.396135 0.261971 0.356918
1 0.564539 0.393098 0.263719 0.369869
1 0.565681 0.392160 0.261910 0.362691
1 0.564226 0.392581 0.264546 0.364840
1 0.566194 0.393697 0.263685 0.356668
1 0.563237 0.395094 0.265292 0.359335
1 0.565193 0.391192 0.262006 0.372218
1 0.564159 0.391503 0.260959 0.368291
1 0.563593 0.390921 0.259654 0.367711
1 0.566002 0.395226 0.260749 0.362664
1 0.562222 0.394412 0.265971 0.356669
1 0.563729 0.391460 0.264046 0.364621
1 0.563922 0.389574 0.262293 0.368963
1 0.564622 0.390148 0.262710 0.364710
1 0.566226 0.392862 0.263014 0.361555
1 0.560573 0.394024 0.266307 0.362407
1 0.563280 0.389548 0.265301 0.373766
1 0.563390 0.388852 0.262863 0.372047
1 0.564380 0.389665 0.262127 0.369850
1 0.565564 0.392421 0.264964 0.366264
1 0.562058 0.393469 0.261439 0.371105
1 0.563011 0.392626 0.260665 0.372012
1 0.564111 0.395928 0.260137 0.361102
1 0.569692 0.396984 0.267745 0.364670
1 0.565939 0.395825 0.271199 0.367763
1 0.564384 0.395037 0.272542 0.370563
1 0.563666 0.397474 0.261692 0.364739
1 0.568327 0.396569 0.265283 0.361217
1 0.568135 0.398731 0.266385 0.357922
1 0.565730 0.396962 0.264012 0.359597
1 0.569201 0.393002 0.264546 0.361787
1 0.562072 0.396862 0.268755 0.368296
1 0.562497 0.399960 0.264520 0.365029
1 0.562484 0.397281 0.266576 0.364532
1 0.564071 0.395497 0.263506 0.365322
1 0.563065 0.396309 0.258410 0.362154
1 0.566218 0.394027 0.261381 0.354317
1 0.561572 0.397123 0.268150 0.363013
1 0.564596 0.393485 0.261766 0.360674
1 0.564823 0.396815 0.263142 0.366421
1 0.567834 0.396197 0.267503 0.367168
1 0.562984 0.397743 0.264532 0.362647
1 0.564313 0.395578 0.266726 0.359062
1 0.564469 0.395778 0.262702 0.356229
1 0.563056 0.397131 0.267403 0.364216
1 0.562225 0.397264 0.263693 0.361490
1 0.563058 0.396237 0.267234 0.365974
1 0.565615 0.400022 0.263286 0.363511
1 0.563513 0.399942 0.272586 0.363669
1 0.561078 0.403557 0.272952 0.362792