1 0.580736 0.278638 0.289153 0.359413
1 0.583267 0.278134 0.288472 0.362925
1 0.583406 0.277951 0.292606 0.361977
1 0.581784 0.277515 0.291228 0.354702
1 0.582188 0.280763 0.292971 0.358281
1 0.582780 0.278161 0.294480 0.362567
1 0.582898 0.277347 0.296126 0.363939
1 0.583193 0.277376 0.293999 0.361421
1 0.583688 0.278669 0.300116 0.355108
1 0.582066 0.275598 0.295276 0.356854
1 0.582995 0.275224 0.293251 0.360913
1 0.584169 0.275106 0.296137 0.358449
1 0.584023 0.279014 0.300796 0.357963
1 0.581344 0.276548 0.293016 0.360107
1 0.583839 0.275621 0.293362 0.360990
1 0.584721 0.273079 0.297332 0.361268
1 0.584149 0.278545 0.299249 0.358969
1 0.582159 0.276766 0.290266 0.362103
1 0.582817 0.275513 0.294378 0.359179
1 0.582933 0.273628 0.295445 0.357261
1 0.583074 0.277493 0.294963 0.357968
1 0.583527 0.277031 0.288710 0.357401
1 0.583577 0.276709 0.294681 0.356761
1 0.583661 0.276468 0.296025 0.357286
1 0.585032 0.277352 0.301178 0.354806
1 0.578351 0.278088 0.319157 0.390170
1 0.588812 0.277468 0.301664 0.371428
1 0.583793 0.278024 0.296687 0.368092
1 0.582016 0.278544 0.301944 0.369057
1 0.583819 0.273379 0.303815 0.372956
1 0.586731 0.277331 0.301646 0.365972
1 0.585705 0.277249 0.301186 0.364988
1 0.586592 0.279600 0.301657 0.367853
1 0.583578 0.274741 0.300152 0.369097
1 0.584953 0.278823 0.309939 0.361969
1 0.582574 0.274231 0.307146 0.372541
1 0.585853 0.276782 0.307168 0.367643
1 0.581076 0.276412 0.305785 0.368246
1 0.582899 0.276144 0.299205 0.370967
1 0.582744 0.275826 0.295198 0.370595
1 0.582316 0.275870 0.299133 0.364619
1 0.580527 0.275891 0.304672 0.374729
1 0.586264 0.275954 0.298892 0.358613
1 0.583580 0.272444 0.303313 0.367261
1 0.586815 0.277649 0.302618 0.372227
1 0.583791 0.275315 0.303076 0.370949
1 0.586990 0.276317 0.303342 0.365333
1 0.589416 0.278137 0.306217 0.365520
1 0.580310 0.277694 0.297184 0.367792
1 0.582432 0.276107 0.292049 0.368096
1 0.585084 0.276901 0.294671 0.364968
1 0.588289 0.277249 0.304568 0.365614
1 0.579533 0.281065 0.311373 0.364559