1 0.406456 0.396685 0.256075 0.410605
1 0.409703 0.394970 0.260131 0.391739
1 0.407687 0.394367 0.258660 0.392541
1 0.409188 0.394588 0.258740 0.389608
1 0.409546 0.394752 0.258475 0.393336
1 0.408964 0.392986 0.262231 0.393363
1 0.410642 0.394726 0.261620 0.389907
1 0.408179 0.391133 0.257451 0.393928
1 0.409832 0.389815 0.264891 0.398423
1 0.411311 0.390596 0.264078 0.401363
1 0.408824 0.391325 0.256430 0.394127
1 0.410860 0.388761 0.263577 0.401987
1 0.411149 0.390684 0.267071 0.406945
1 0.409591 0.391261 0.257031 0.398443
1 0.411312 0.388900 0.262408 0.404595
1 0.410837 0.388266 0.269300 0.404907
1 0.411665 0.389856 0.258081 0.399821
1 0.410570 0.386800 0.263314 0.399998
1 0.410695 0.387421 0.266233 0.402845
1 0.412360 0.390249 0.261546 0.402579
1 0.409856 0.388071 0.262865 0.404273
1 0.410208 0.387880 0.264568 0.400788
1 0.412273 0.391532 0.262286 0.404163
1 0.411879 0.391884 0.261452 0.399994
1 0.412412 0.392381 0.265454 0.393505
1 0.414481 0.399420 0.269350 0.393862
1 0.412735 0.400477 0.268656 0.396852
1 0.414013 0.398707 0.273073 0.400244
1 0.410097 0.396317 0.257841 0.392815
1 0.413738 0.396695 0.266219 0.394375
1 0.412546 0.399671 0.265709 0.389299
1 0.412772 0.395128 0.264737 0.388404
1 0.413284 0.394494 0.263204 0.396709
1 0.412191 0.391994 0.269070 0.393709
1 0.409109 0.396624 0.265871 0.395115
1 0.411387 0.394811 0.264781 0.395844
1 0.409446 0.395637 0.263498 0.396616
1 0.413011 0.394569 0.264547 0.396083
1 0.411547 0.394688 0.262480 0.390248
1 0.413260 0.396792 0.264786 0.390209
1 0.408810 0.390398 0.263408 0.396294
1 0.410330 0.395161 0.258788 0.393941
1 0.409175 0.392371 0.262727 0.397193
1 0.410930 0.393767 0.267696 0.397732
1 0.414021 0.389494 0.268506 0.399908
1 0.408383 0.394428 0.264791 0.392007
1 0.412017 0.392305 0.264468 0.405989
1 0.411852 0.395306 0.267017 0.399771
1 0.412635 0.393038 0.267635 0.399259
1 0.416356 0.396252 0.271258 0.398450
1 0.414788 0.394294 0.269075 0.404150
1 0.415924 0.395871 0.266578 0.403877
1 0.416805 0.397517 0.272615 0.395692