1 0.531966 0.224429 0.124200 0.184003
1 0.531485 0.223290 0.124997 0.181503
1 0.532080 0.224876 0.125247 0.182731
1 0.532486 0.224746 0.123478 0.183125
1 0.532230 0.224611 0.123257 0.181987
1 0.531382 0.226397 0.123938 0.182433
1 0.533490 0.224002 0.124167 0.187631
1 0.529183 0.222287 0.124563 0.188044
1 0.531626 0.224900 0.124520 0.183379
1 0.531108 0.225746 0.125210 0.180495
1 0.529721 0.225278 0.122975 0.179678
1 0.532001 0.225527 0.125087 0.186102
1 0.531436 0.224048 0.123975 0.182571
1 0.530326 0.225500 0.124411 0.182745
1 0.532429 0.225373 0.124011 0.183065
1 0.528005 0.224698 0.126256 0.189373
1 0.532335 0.224557 0.124300 0.183254
1 0.531212 0.225136 0.124552 0.183714
1 0.530163 0.224800 0.123925 0.184748
1 0.532272 0.224803 0.124786 0.186490
1 0.531368 0.224362 0.124064 0.182706
1 0.531754 0.224296 0.125648 0.183415
1 0.532372 0.225392 0.125603 0.182647
1 0.531818 0.224959 0.125700 0.184830
1 0.530532 0.225365 0.125314 0.181330
1 0.530367 0.224274 0.125629 0.183472
1 0.531458 0.224790 0.124971 0.184111
1 0.530793 0.225570 0.124202 0.183148
1 0.532297 0.224069 0.126217 0.185968
1 0.533275 0.227960 0.126406 0.180245
1 0.531971 0.225269 0.129351 0.188429