1 0.503865 0.436036 0.340325 0.501009
1 0.506541 0.433575 0.340455 0.502249
1 0.508905 0.423060 0.334710 0.513363
1 0.502450 0.438351 0.344263 0.511427
1 0.508126 0.438957 0.340090 0.503519
1 0.507429 0.438503 0.334296 0.508343
1 0.513329 0.433085 0.334094 0.497288
1 0.511118 0.426479 0.325191 0.498502
1 0.500219 0.442820 0.354762 0.510387
1 0.504934 0.440246 0.340370 0.502435
1 0.506688 0.435074 0.339694 0.505352
1 0.507614 0.435754 0.336286 0.510589
1 0.507287 0.432176 0.339123 0.495345
1 0.506754 0.427479 0.336260 0.506082
1 0.500782 0.445011 0.352352 0.496421
1 0.506962 0.435114 0.334941 0.495198
1 0.506910 0.434492 0.331625 0.508522
1 0.505119 0.431323 0.334869 0.507665
1 0.505100 0.435739 0.344411 0.504210
1 0.501977 0.430480 0.333856 0.509580
1 0.500912 0.440806 0.350396 0.498384
1 0.503426 0.430585 0.333339 0.494369
1 0.504883 0.434593 0.332011 0.497921
1 0.499484 0.429398 0.335245 0.500465
1 0.502530 0.425191 0.332027 0.498273
1 0.506826 0.427565 0.337757 0.497030
1 0.500902 0.441985 0.363040 0.488032
1 0.504249 0.431589 0.338759 0.495655
1 0.504936 0.429070 0.334806 0.503631
1 0.501060 0.429833 0.332542 0.492448
1 0.501546 0.425202 0.331261 0.505276
1 0.510422 0.431628 0.323209 0.494217
1 0.500212 0.440730 0.353725 0.485571
1 0.498909 0.427558 0.332927 0.503895
1 0.496726 0.431522 0.335257 0.493465
1 0.504281 0.433142 0.332516 0.498983
1 0.496964 0.443311 0.346875 0.479486
1 0.501598 0.438142 0.349063 0.485244