1 0.481707 0.248652 0.183193 0.257544
1 0.481585 0.250323 0.182264 0.257061
1 0.482866 0.246806 0.181767 0.262037
1 0.481330 0.249556 0.182785 0.258176
1 0.483114 0.251758 0.180721 0.248568
1 0.482268 0.250981 0.183241 0.246461
1 0.481832 0.250581 0.180491 0.249346
1 0.484937 0.248376 0.181478 0.257260
1 0.483247 0.252461 0.181145 0.251483
1 0.482526 0.252256 0.183601 0.249074
1 0.483393 0.252291 0.180431 0.248057
1 0.483484 0.252383 0.182939 0.249140
1 0.481653 0.253807 0.181251 0.250794
1 0.483157 0.252762 0.186445 0.250787
1 0.483032 0.253215 0.182235 0.249552
1 0.481596 0.252410 0.182206 0.244778
1 0.482163 0.252045 0.182798 0.248896
1 0.482817 0.251955 0.181879 0.249804
1 0.481836 0.252930 0.182403 0.248911
1 0.484428 0.253627 0.186755 0.247264
1 0.483080 0.253311 0.184249 0.248650
1 0.483197 0.252778 0.182986 0.249254
1 0.482946 0.252468 0.183199 0.248119
1 0.482460 0.252083 0.182633 0.251128
1 0.482722 0.253430 0.181786 0.249654
1 0.482066 0.251844 0.183513 0.247831
1 0.483572 0.255505 0.186482 0.238522
1 0.481823 0.255352 0.186305 0.249986
1 0.482870 0.253871 0.183735 0.252161
1 0.482959 0.254004 0.186294 0.249540
1 0.482133 0.253441 0.183621 0.243823
1 0.482650 0.253627 0.184010 0.246913
1 0.482362 0.252756 0.187006 0.251501
1 0.483033 0.254153 0.185313 0.249726
1 0.483091 0.253971 0.186188 0.252160
1 0.483679 0.254020 0.184259 0.245707
1 0.482685 0.253824 0.185622 0.249489
1 0.483793 0.257188 0.183980 0.248560
1 0.482258 0.255316 0.183056 0.245899
1 0.483068 0.253198 0.184598 0.250659
1 0.483582 0.256134 0.183060 0.245333