1 0.402481 0.184865 0.121539 0.178521
1 0.404381 0.185031 0.121405 0.178616
1 0.404725 0.186837 0.113945 0.178007
1 0.403212 0.183495 0.120668 0.179666
1 0.403866 0.186337 0.117299 0.177314
1 0.405514 0.187125 0.117463 0.168798
1 0.405353 0.188630 0.118317 0.170929
1 0.403837 0.187607 0.118251 0.171310
1 0.404850 0.189945 0.116432 0.168662
1 0.402959 0.188088 0.118830 0.171985
1 0.403593 0.188119 0.118650 0.171198
1 0.407301 0.187622 0.123302 0.176070
1 0.400783 0.186151 0.121975 0.180236
1 0.405768 0.187474 0.117725 0.170028
1 0.405073 0.189074 0.119340 0.170707
1 0.404003 0.188127 0.119581 0.174075
1 0.406366 0.188328 0.118582 0.171848
1 0.406200 0.186316 0.119361 0.174178
1 0.403452 0.187632 0.118935 0.169261
1 0.405849 0.187912 0.119784 0.176191
1 0.405078 0.186040 0.119438 0.169084
1 0.404065 0.189732 0.119984 0.173036
1 0.404109 0.188445 0.118522 0.172185
1 0.405805 0.188565 0.117911 0.171727
1 0.405877 0.187743 0.118287 0.171984
1 0.405037 0.187223 0.120229 0.170578
1 0.408068 0.188828 0.118709 0.175088
1 0.404658 0.191689 0.119436 0.172065
1 0.405226 0.188626 0.120063 0.172310
1 0.406394 0.190485 0.116358 0.171872
1 0.405777 0.190223 0.118790 0.174784
1 0.405928 0.189560 0.121886 0.172250