1 0.588857 0.344992 0.289968 0.408132
1 0.589169 0.344000 0.283155 0.404130
1 0.588235 0.347607 0.287842 0.416636
1 0.586686 0.339745 0.289556 0.417038
1 0.586497 0.341242 0.287488 0.412495
1 0.589000 0.340875 0.287861 0.405070
1 0.589259 0.339031 0.291084 0.406183
1 0.586224 0.342063 0.287235 0.399964
1 0.587537 0.337578 0.288028 0.402727
1 0.586972 0.339560 0.284887 0.402605
1 0.586738 0.339986 0.291632 0.409203
1 0.589539 0.340054 0.291898 0.413099
1 0.588722 0.340951 0.290524 0.405702
1 0.589137 0.338835 0.285780 0.405323
1 0.587634 0.338434 0.292382 0.404653
1 0.584680 0.341608 0.286008 0.400564
1 0.588783 0.339559 0.287603 0.407145
1 0.587521 0.340985 0.289485 0.407124
1 0.584771 0.339333 0.289243 0.410165
1 0.587620 0.338089 0.297180 0.410246
1 0.588858 0.339273 0.298722 0.412275
1 0.583828 0.342428 0.293225 0.398633
1 0.584286 0.340453 0.290682 0.402255
1 0.586801 0.338918 0.291978 0.407885
1 0.587227 0.340095 0.293551 0.404168
1 0.589542 0.339535 0.298435 0.407403
1 0.580494 0.344220 0.294103 0.403964
1 0.586156 0.340842 0.298698 0.414122
1 0.588647 0.338558 0.293132 0.414475