1 0.488775 0.175718 0.115589 0.156735
1 0.489299 0.175766 0.112084 0.153287
1 0.488946 0.173887 0.113455 0.157383
1 0.490124 0.174686 0.112253 0.156953
1 0.488461 0.175491 0.113665 0.155937
1 0.490202 0.176920 0.114244 0.157488
1 0.489323 0.176666 0.112319 0.154682
1 0.489528 0.176742 0.113310 0.155978
1 0.489737 0.176421 0.113281 0.156120
1 0.488800 0.175809 0.111768 0.153363
1 0.490222 0.176744 0.113296 0.155639
1 0.489968 0.177027 0.111847 0.153929
1 0.488028 0.176078 0.113840 0.157591
1 0.491588 0.175677 0.115352 0.160390
1 0.489470 0.176896 0.113436 0.156763
1 0.489471 0.176576 0.113047 0.156875
1 0.489883 0.176116 0.114731 0.156524
1 0.489907 0.177086 0.113129 0.152891
1 0.490561 0.176383 0.113559 0.156721
1 0.490875 0.177116 0.111772 0.153787
1 0.489606 0.176129 0.113529 0.154559
1 0.488187 0.178334 0.113493 0.154603
1 0.490242 0.175880 0.114170 0.154857
1 0.490121 0.175461 0.113147 0.157848
1 0.489839 0.175882 0.112972 0.154809
1 0.490900 0.176913 0.113904 0.156205
1 0.489848 0.175774 0.113571 0.156154
1 0.490241 0.177724 0.114368 0.156496