1 0.463319 0.256699 0.247441 0.357705
1 0.465919 0.259471 0.246167 0.360110
1 0.465191 0.257586 0.246149 0.358985
1 0.460515 0.259709 0.248321 0.351960
1 0.464647 0.260777 0.246277 0.355616
1 0.466124 0.260706 0.248454 0.355629
1 0.464944 0.261500 0.247445 0.355400
1 0.467574 0.259124 0.244784 0.351188
1 0.462825 0.262737 0.249910 0.352203
1 0.466010 0.260209 0.247732 0.351056
1 0.463326 0.258919 0.247371 0.347163
1 0.463096 0.259406 0.249338 0.345838
1 0.466798 0.259048 0.244236 0.342529
1 0.463866 0.262704 0.249680 0.343397
1 0.465826 0.258974 0.245295 0.345209
1 0.463169 0.259053 0.249690 0.346438
1 0.464125 0.258158 0.249181 0.346211
1 0.466811 0.258100 0.247512 0.348676
1 0.463397 0.263306 0.248893 0.346988
1 0.463901 0.259836 0.248393 0.353491
1 0.462335 0.259975 0.249193 0.355328
1 0.462541 0.258145 0.247800 0.352094
1 0.465650 0.258636 0.245382 0.347074
1 0.463332 0.263622 0.250010 0.349224
1 0.464351 0.259420 0.248772 0.351788
1 0.464610 0.259127 0.250670 0.348913
1 0.463682 0.259207 0.245914 0.347661
1 0.465417 0.259323 0.243115 0.341689
1 0.461249 0.261794 0.251395 0.350113
1 0.464833 0.260172 0.251710 0.352985
1 0.464905 0.258765 0.252342 0.351739
1 0.464394 0.256666 0.245449 0.349224
1 0.464765 0.257901 0.243014 0.341366
1 0.457094 0.264575 0.248968 0.349529
1 0.464082 0.257454 0.248839 0.358647
1 0.464396 0.255241 0.250654 0.355102
1 0.465349 0.254778 0.246590 0.351882
1 0.467838 0.257961 0.245846 0.346612
1 0.462994 0.262583 0.246475 0.357650
1 0.464533 0.258225 0.250108 0.360396
1 0.464791 0.260310 0.245315 0.354388
1 0.459342 0.258897 0.250098 0.348215
1 0.464329 0.260538 0.248486 0.348817
1 0.463492 0.259286 0.247891 0.352295
1 0.463067 0.258895 0.242643 0.344974
1 0.462841 0.261974 0.246248 0.345773
1 0.463279 0.258167 0.248540 0.349595
1 0.462038 0.256455 0.248693 0.348602
1 0.466380 0.256733 0.250559 0.348743
1 0.465773 0.257863 0.251105 0.348669
1 0.463733 0.259599 0.249953 0.346640
1 0.463881 0.261157 0.247619 0.350994
1 0.465112 0.259133 0.244399 0.345503
1 0.465973 0.258227 0.239064 0.350806
1 0.465010 0.258143 0.248943 0.354391
1 0.460652 0.257931 0.246361 0.349090
1 0.462361 0.260332 0.247344 0.351054
1 0.463919 0.257859 0.242897 0.351803
1 0.463750 0.256082 0.246079 0.355069
1 0.464047 0.262893 0.247577 0.354434
1 0.461881 0.258209 0.254725 0.348628
1 0.462952 0.261210 0.253627 0.348468
1 0.464998 0.259985 0.254378 0.354009