1 0.484927 0.284197 0.252713 0.363273
1 0.486174 0.286060 0.251094 0.361124
1 0.485836 0.283630 0.250424 0.364495
1 0.484177 0.285975 0.252782 0.357509
1 0.486110 0.287076 0.253652 0.352711
1 0.484580 0.286108 0.255033 0.352721
1 0.485204 0.286311 0.254653 0.349104
1 0.487095 0.283932 0.252971 0.354215
1 0.485567 0.287474 0.255026 0.349531
1 0.485217 0.284837 0.253883 0.348097
1 0.484254 0.283417 0.255608 0.346285
1 0.484598 0.285244 0.251312 0.343992
1 0.485518 0.285407 0.252980 0.342513
1 0.485003 0.287251 0.254099 0.348904
1 0.484996 0.285870 0.252731 0.352149
1 0.485629 0.283917 0.254993 0.353732
1 0.484084 0.285084 0.251458 0.346703
1 0.486025 0.285619 0.251589 0.346910
1 0.483931 0.286265 0.252921 0.346195
1 0.485222 0.286190 0.256257 0.352459
1 0.485627 0.284563 0.254752 0.350897
1 0.484145 0.284127 0.254808 0.347190
1 0.486188 0.284474 0.254421 0.350819
1 0.483179 0.285511 0.253449 0.343800
1 0.485173 0.284945 0.258842 0.352579
1 0.484042 0.285295 0.253119 0.349320
1 0.483696 0.284323 0.255956 0.349441
1 0.486195 0.283924 0.252492 0.348710
1 0.482360 0.286617 0.253906 0.349529
1 0.484515 0.286219 0.258635 0.354579
1 0.484426 0.285755 0.256186 0.356328
1 0.483591 0.284620 0.258763 0.354454
1 0.485772 0.285543 0.254240 0.347890
1 0.482827 0.289096 0.256911 0.347094
1 0.485780 0.286135 0.258210 0.346769
1 0.484132 0.285705 0.255523 0.352695
1 0.483777 0.283791 0.258882 0.358052
1 0.487127 0.287020 0.257439 0.351863
1 0.484502 0.288820 0.254310 0.355157
1 0.484316 0.287529 0.253497 0.357259
1 0.485466 0.289993 0.255520 0.354744
1 0.488036 0.282560 0.254957 0.360879
1 0.484733 0.281049 0.251343 0.363282
1 0.482043 0.282179 0.249521 0.362538
1 0.485391 0.284457 0.255834 0.358610
1 0.488747 0.286923 0.252483 0.350278
1 0.485840 0.284215 0.251766 0.351563
1 0.483142 0.282675 0.249129 0.354190
1 0.485474 0.285114 0.255273 0.353681
1 0.484874 0.286238 0.255734 0.352721
1 0.481324 0.284823 0.255219 0.350589
1 0.484648 0.285097 0.247268 0.350530
1 0.485035 0.283808 0.249703 0.351875
1 0.484903 0.284747 0.252952 0.350053
1 0.484699 0.279956 0.258400 0.362570
1 0.485136 0.285672 0.259679 0.347786
1 0.485657 0.285278 0.253816 0.352708
1 0.485652 0.286385 0.251986 0.346646
1 0.485726 0.286350 0.253373 0.350275
1 0.484163 0.284704 0.253825 0.349914
1 0.484794 0.285422 0.258196 0.349366
1 0.484480 0.289166 0.254261 0.348487
1 0.483979 0.287378 0.256142 0.352972
1 0.483410 0.286919 0.254248 0.347748