1 0.194302 0.177699 0.069597 0.087943
1 0.193753 0.179039 0.071486 0.082064
1 0.194799 0.179026 0.072848 0.083814
1 0.195106 0.179326 0.073054 0.081177
1 0.194007 0.178192 0.072150 0.083738
1 0.195020 0.178073 0.071123 0.085633
1 0.196305 0.178850 0.071992 0.083195
1 0.193893 0.178517 0.069538 0.082058
1 0.195178 0.178238 0.069476 0.083610
1 0.195899 0.179294 0.069574 0.081383
1 0.338278 0.281348 0.015493 0.020071
1 0.338366 0.281242 0.015317 0.019563
1 0.621505 0.188306 0.135090 0.178836
1 0.621134 0.190586 0.134823 0.180360
1 0.620161 0.189262 0.135693 0.179379
1 0.620723 0.188563 0.136074 0.180729
1 0.193939 0.177380 0.073404 0.093729
1 0.194012 0.178588 0.072488 0.089222
1 0.193872 0.178901 0.072031 0.090285
1 0.620938 0.189893 0.133606 0.179830
1 0.621679 0.191279 0.132869 0.176310
1 0.622402 0.191200 0.132828 0.176599
1 0.621548 0.191253 0.132684 0.175333
1 0.621843 0.191878 0.133639 0.172416
1 0.620696 0.190123 0.133785 0.174300
1 0.620591 0.190837 0.134928 0.175785
1 0.194087 0.178160 0.072909 0.090884
1 0.194091 0.178919 0.071958 0.089405
1 0.195409 0.178833 0.073622 0.088712
1 0.622307 0.189571 0.132353 0.177399
1 0.621565 0.192191 0.132849 0.176106
1 0.621961 0.190931 0.133524 0.177131
1 0.620430 0.189951 0.133775 0.176955
1 0.621825 0.191891 0.133380 0.173118
1 0.621921 0.191130 0.133885 0.174622
1 0.621362 0.191385 0.136301 0.178113
1 0.621325 0.189842 0.138815 0.181471
1 0.194929 0.179584 0.072164 0.090002
1 0.621745 0.189417 0.131018 0.177486
1 0.621285 0.190966 0.131990 0.176531
1 0.622313 0.190870 0.131025 0.178494
1 0.621318 0.190802 0.131182 0.176881
1 0.621838 0.191169 0.135091 0.175572
1 0.621824 0.191380 0.133885 0.175311
1 0.622743 0.190437 0.135625 0.174486
1 0.622460 0.190026 0.138727 0.176823
1 0.621646 0.191299 0.131746 0.176118
1 0.622641 0.192960 0.130566 0.174158
1 0.621991 0.191089 0.133424 0.175874
1 0.622157 0.193251 0.133096 0.173489
1 0.621647 0.191575 0.134699 0.177132
1 0.623366 0.191231 0.135905 0.174157