1 0.122663 0.427876 0.061499 0.098245
1 0.123348 0.427875 0.063190 0.098737
1 0.122691 0.428569 0.061720 0.098276
1 0.123247 0.428782 0.060994 0.094732
1 0.122574 0.428234 0.062044 0.097955
1 0.123304 0.428853 0.060690 0.095282
1 0.122443 0.428100 0.060520 0.096197
1 0.123539 0.428535 0.061059 0.093267
1 0.815555 0.307579 0.094036 0.135974
1 0.815413 0.307620 0.095688 0.133657
1 0.815485 0.306993 0.095616 0.133539
1 0.815810 0.307447 0.095095 0.133448
1 0.814936 0.307410 0.096193 0.133835
1 0.815041 0.307324 0.095790 0.133014
1 0.815691 0.307036 0.097189 0.136020
1 0.813868 0.308641 0.095573 0.129879
1 0.814280 0.307372 0.096855 0.132677
1 0.815133 0.307486 0.097414 0.134536
1 0.123638 0.428068 0.061255 0.094520
1 0.122577 0.428428 0.061347 0.095649
1 0.122885 0.428793 0.062238 0.094459
1 0.123446 0.428939 0.060788 0.094044
1 0.462549 0.319040 0.308330 0.419090
1 0.463271 0.320220 0.305945 0.414625
1 0.465597 0.316525 0.310772 0.419621
1 0.460743 0.316327 0.309716 0.409250
1 0.462199 0.317809 0.310912 0.404164
1 0.461632 0.316852 0.307992 0.403407
1 0.463770 0.316117 0.307337 0.401711
1 0.464046 0.312018 0.301416 0.408716
1 0.461363 0.318274 0.309802 0.414931
1 0.460810 0.317133 0.305838 0.414909
1 0.462316 0.319495 0.307254 0.409970
1 0.465020 0.317980 0.309083 0.409365
1 0.462047 0.317331 0.305933 0.407345
1 0.462715 0.318771 0.311955 0.405922
1 0.463845 0.321297 0.309854 0.402623
1 0.460274 0.314816 0.308612 0.413545
1 0.461474 0.318326 0.305523 0.410816
1 0.462803 0.317433 0.309873 0.414958
1 0.462506 0.315593 0.309727 0.413775
1 0.463227 0.316837 0.312649 0.410991
1 0.462227 0.326671 0.317072 0.403945
1 0.460999 0.317458 0.306853 0.410195
1 0.463508 0.318983 0.308321 0.412875
1 0.461352 0.319411 0.312455 0.414712
1 0.461516 0.319199 0.311998 0.405707
1 0.461979 0.318689 0.308089 0.406294
1 0.462319 0.318621 0.312552 0.408339
1 0.460748 0.317777 0.308613 0.412417
1 0.462704 0.318236 0.310159 0.410378
1 0.461247 0.319017 0.311742 0.411933
1 0.462139 0.323087 0.313320 0.404704
1 0.463980 0.320571 0.313397 0.405683