1 0.202873 0.524411 0.029827 0.035681
1 0.202418 0.524759 0.029023 0.034196
1 0.202732 0.524445 0.029879 0.035604
1 0.202179 0.523937 0.029776 0.036143
1 0.202632 0.524204 0.028615 0.034210
1 0.202412 0.524019 0.030064 0.035988
1 0.768213 0.549403 0.019302 0.026053
1 0.767883 0.550904 0.019566 0.025825
1 0.507142 0.122777 0.079087 0.113357
1 0.507670 0.123187 0.077465 0.113526
1 0.507554 0.123239 0.079066 0.114143
1 0.507706 0.122962 0.079013 0.114147
1 0.507464 0.122535 0.078646 0.113597
1 0.507901 0.122941 0.079174 0.114039
1 0.507847 0.123330 0.079478 0.113267
1 0.508268 0.123250 0.079826 0.115116