1 0.483114 0.329418 0.239931 0.401789
1 0.484686 0.330684 0.245288 0.401972
1 0.488498 0.330735 0.251920 0.398744
1 0.484423 0.332243 0.249749 0.400619
1 0.485168 0.332727 0.256089 0.399394
1 0.488497 0.334066 0.257308 0.394076
1 0.486419 0.332445 0.251042 0.401715
1 0.487595 0.333490 0.256832 0.401361
1 0.488751 0.336031 0.260481 0.392764
1 0.487591 0.333159 0.256759 0.400970
1 0.488889 0.331143 0.261542 0.395936
1 0.488196 0.332126 0.261052 0.390028
1 0.486524 0.333688 0.254115 0.393547
1 0.488784 0.331663 0.261370 0.388851
1 0.485641 0.330932 0.261203 0.387184
1 0.487590 0.332734 0.256412 0.387312
1 0.488660 0.330866 0.263783 0.381459
1 0.487198 0.330227 0.264743 0.381780
1 0.488299 0.329651 0.258239 0.386332
1 0.489303 0.329068 0.261240 0.378303
1 0.488011 0.328300 0.266785 0.381184
1 0.492861 0.332377 0.268458 0.370738
1 0.487748 0.327266 0.252772 0.390636
1 0.489492 0.327384 0.260475 0.381814
1 0.487626 0.328478 0.268513 0.385175
1 0.490312 0.328432 0.261349 0.405983
1 0.489746 0.329009 0.258034 0.394248
1 0.493833 0.325372 0.265391 0.399598
1 0.499541 0.327089 0.264255 0.393435
1 0.491030 0.324260 0.258835 0.396058
1 0.491716 0.330255 0.258563 0.397466
1 0.490512 0.330180 0.258026 0.388508
1 0.490421 0.328135 0.259340 0.390740
1 0.494329 0.329868 0.258436 0.383321
1 0.492489 0.328221 0.266606 0.393219
1 0.491792 0.326598 0.262086 0.392617
1 0.493340 0.326727 0.260455 0.386240
1 0.493692 0.328149 0.255521 0.384094
1 0.495304 0.325416 0.260905 0.384425
1 0.497259 0.323459 0.265666 0.388950
1 0.493490 0.329464 0.259641 0.386141
1 0.495224 0.324433 0.262669 0.384645
1 0.497829 0.329063 0.260468 0.384223
1 0.496154 0.327849 0.260658 0.384186
1 0.496168 0.331381 0.259036 0.380450
1 0.492244 0.325283 0.262979 0.383114
1 0.494951 0.330113 0.265902 0.390677
1 0.496180 0.329839 0.265678 0.384597
1 0.498378 0.332580 0.266810 0.382715