1 0.576149 0.390300 0.259172 0.379151
1 0.577674 0.391341 0.255929 0.376697
1 0.573972 0.390161 0.267864 0.364654
1 0.577381 0.390666 0.266772 0.364812
1 0.575722 0.391820 0.264410 0.366855
1 0.575530 0.390472 0.268227 0.363449
1 0.576799 0.390417 0.268549 0.354630
1 0.576973 0.388333 0.273438 0.366451
1 0.575741 0.389212 0.273108 0.370891
1 0.576223 0.391759 0.271721 0.366579
1 0.578150 0.389378 0.276052 0.362554
1 0.576709 0.386999 0.271568 0.367240
1 0.577057 0.387262 0.268914 0.367705
1 0.576621 0.387147 0.267823 0.365451
1 0.577931 0.389558 0.279276 0.367115
1 0.579647 0.387362 0.271186 0.364537
1 0.578299 0.386556 0.269476 0.368498
1 0.576789 0.386333 0.269866 0.366806
1 0.578478 0.388249 0.277246 0.366520
1 0.578474 0.386354 0.269438 0.368941
1 0.578310 0.385403 0.269148 0.376602
1 0.577159 0.387661 0.269361 0.372148
1 0.578448 0.388586 0.276815 0.366676
1 0.578171 0.385335 0.272694 0.370662
1 0.578092 0.383143 0.269784 0.375212
1 0.578212 0.385185 0.266618 0.370039
1 0.578371 0.389576 0.278144 0.373125
1 0.577123 0.386561 0.271415 0.374144
1 0.578261 0.385577 0.270782 0.374027
1 0.578475 0.387018 0.265095 0.371459
1 0.577041 0.391400 0.267402 0.374533
1 0.578805 0.391720 0.266228 0.367012
1 0.579069 0.396867 0.265590 0.360772
1 0.580127 0.392986 0.274680 0.369355
1 0.575612 0.393236 0.272957 0.365978
1 0.573331 0.392247 0.269894 0.372436
1 0.577019 0.393574 0.273637 0.369216
1 0.581773 0.392997 0.269336 0.362420
1 0.580528 0.392141 0.268261 0.367985
1 0.577086 0.393832 0.262959 0.358339
1 0.578892 0.390553 0.267394 0.363930
1 0.577881 0.392338 0.271530 0.366330
1 0.577410 0.391999 0.273393 0.368113
1 0.579007 0.394228 0.269630 0.369441
1 0.574772 0.392132 0.265872 0.369007
1 0.580441 0.390333 0.262323 0.364695
1 0.581503 0.389948 0.268452 0.372407
1 0.577762 0.392514 0.270897 0.361458
1 0.580087 0.391125 0.268461 0.372062
1 0.579839 0.391137 0.270291 0.370547
1 0.575837 0.394339 0.265862 0.371115
1 0.575582 0.388814 0.270093 0.368739
1 0.575029 0.393312 0.273944 0.359368
1 0.576221 0.391979 0.274236 0.365034
1 0.574846 0.389102 0.268855 0.367690
1 0.574796 0.393700 0.266999 0.361913
1 0.580746 0.390956 0.271732 0.365105
1 0.574464 0.395870 0.281707 0.364512
1 0.574851 0.394302 0.283865 0.364187
1 0.580477 0.396467 0.278867 0.368298