1 0.304644 0.394146 0.227356 0.348465
1 0.308085 0.398157 0.218007 0.351491
1 0.302814 0.397945 0.240258 0.339832
1 0.304179 0.402107 0.232259 0.342541
1 0.305587 0.402503 0.228795 0.344262
1 0.306253 0.400908 0.224749 0.351544
1 0.304076 0.402262 0.232857 0.336558
1 0.302916 0.402941 0.232021 0.342726
1 0.302049 0.400860 0.238180 0.352025
1 0.304509 0.401745 0.230026 0.349228
1 0.307251 0.401136 0.224539 0.341872
1 0.298296 0.403648 0.238717 0.315753
1 0.302838 0.402389 0.233363 0.332880
1 0.302402 0.398283 0.237137 0.336384
1 0.300973 0.397100 0.238120 0.344285
1 0.303041 0.398323 0.232574 0.341227
1 0.306421 0.398404 0.232940 0.336299
1 0.298320 0.407292 0.242232 0.314971
1 0.302422 0.403012 0.237106 0.340128
1 0.304821 0.398922 0.236655 0.339084
1 0.304428 0.397316 0.238434 0.341793
1 0.303431 0.398090 0.232389 0.337288
1 0.305355 0.399859 0.235767 0.338102
1 0.299362 0.407249 0.249184 0.317715
1 0.301950 0.401972 0.239516 0.337470
1 0.303472 0.400362 0.236129 0.341525
1 0.304643 0.397991 0.236207 0.337339
1 0.303354 0.397593 0.232140 0.336431
1 0.305227 0.399119 0.235653 0.333316
1 0.301909 0.401430 0.244277 0.335636
1 0.305253 0.397924 0.238849 0.336857
1 0.304206 0.396118 0.237551 0.335961
1 0.304597 0.394615 0.232541 0.329723
1 0.307828 0.399480 0.235013 0.330684
1 0.302319 0.404319 0.248834 0.335101
1 0.303939 0.400101 0.241896 0.335582
1 0.302681 0.397708 0.239967 0.339612
1 0.304936 0.397531 0.234691 0.333611
1 0.309358 0.400204 0.234132 0.332831
1 0.299998 0.407535 0.247659 0.333681
1 0.303094 0.401048 0.241331 0.341090
1 0.304035 0.401072 0.238803 0.342278
1 0.305394 0.402096 0.236778 0.336297
1 0.303271 0.410722 0.240810 0.331301
1 0.306852 0.406880 0.233266 0.341523
1 0.645299 0.302960 0.334926 0.489655
1 0.644630 0.303774 0.330791 0.462992
1 0.639942 0.304249 0.325825 0.453334
1 0.641115 0.304298 0.325639 0.456649
1 0.646248 0.300953 0.323008 0.470453
1 0.640899 0.301323 0.332084 0.451844
1 0.644038 0.302047 0.331743 0.447069
1 0.643957 0.301978 0.329499 0.446094
1 0.639960 0.299668 0.330875 0.447148
1 0.643049 0.302616 0.325850 0.443545
1 0.647597 0.294416 0.334364 0.471215
1 0.640692 0.303642 0.332768 0.454590
1 0.642409 0.305385 0.329000 0.450273
1 0.645411 0.301911 0.332895 0.451981
1 0.644286 0.301818 0.335845 0.450039
1 0.638281 0.303404 0.334733 0.454210
1 0.644448 0.300154 0.335488 0.457657
1 0.307860 0.406072 0.240367 0.335361
1 0.305801 0.402899 0.235103 0.335709
1 0.302278 0.406661 0.237204 0.333904
1 0.294944 0.399757 0.232481 0.354080
1 0.630747 0.303673 0.305958 0.443999
1 0.639277 0.306537 0.327940 0.445959
1 0.640570 0.305742 0.330624 0.445199
1 0.642604 0.305586 0.332331 0.452986
1 0.639657 0.305368 0.334983 0.450435
1 0.640296 0.304197 0.336172 0.454362
1 0.643023 0.300970 0.344322 0.463087
1 0.301281 0.400027 0.249961 0.340026
1 0.309496 0.407204 0.241206 0.340357
1 0.306342 0.400606 0.234557 0.339304
1 0.299103 0.401615 0.230944 0.330573
1 0.298648 0.398507 0.227980 0.339789
1 0.295354 0.395618 0.222242 0.351997
1 0.634577 0.305590 0.329269 0.438934
1 0.638756 0.301441 0.332073 0.442919
1 0.641008 0.304443 0.331394 0.446466
1 0.639403 0.303724 0.331300 0.442153
1 0.640526 0.305942 0.337851 0.451539
1 0.644622 0.305316 0.346523 0.450584
1 0.298691 0.408918 0.246648 0.339838
1 0.308185 0.402632 0.241615 0.336636
1 0.301516 0.402358 0.239790 0.344762
1 0.299953 0.403522 0.232083 0.331873
1 0.300869 0.398772 0.238353 0.338522
1 0.296770 0.399511 0.227865 0.346766
1 0.641586 0.304785 0.334695 0.441944
1 0.637524 0.307888 0.332588 0.441237
1 0.639145 0.308280 0.331407 0.446097
1 0.640472 0.309319 0.336671 0.451717
1 0.301068 0.405512 0.246494 0.332988
1 0.299108 0.404806 0.239367 0.341911
1 0.300378 0.402142 0.228530 0.332153
1 0.301377 0.398709 0.234552 0.335455
1 0.638673 0.313207 0.346222 0.437194
1 0.638222 0.314187 0.340778 0.441189