1 0.581443 0.355674 0.327928 0.424701
1 0.578028 0.360777 0.324277 0.422599
1 0.579607 0.360613 0.324712 0.429506
1 0.581505 0.352557 0.323590 0.419667
1 0.584159 0.355361 0.329950 0.416494
1 0.584583 0.354450 0.327439 0.420395
1 0.581625 0.353108 0.334645 0.419622
1 0.580559 0.356071 0.329677 0.419659
1 0.575362 0.351695 0.321837 0.414476
1 0.584320 0.352813 0.333784 0.418491
1 0.583449 0.353997 0.331810 0.417778
1 0.581562 0.356643 0.330502 0.418029
1 0.583407 0.356006 0.325562 0.413749
1 0.580372 0.356231 0.331442 0.412882
1 0.580586 0.356621 0.327956 0.423328
1 0.577089 0.357896 0.323705 0.413534
1 0.582023 0.350982 0.333876 0.419089
1 0.584407 0.353183 0.329434 0.415380
1 0.582880 0.356730 0.325337 0.417315
1 0.583573 0.353856 0.324288 0.414351
1 0.582451 0.354373 0.328888 0.416400
1 0.580069 0.355737 0.341404 0.421133
1 0.582404 0.354755 0.334946 0.408078
1 0.582492 0.350837 0.329763 0.418030
1 0.585304 0.353938 0.325257 0.417055
1 0.584343 0.354146 0.325941 0.413829
1 0.585138 0.357030 0.328841 0.414785
1 0.581738 0.356458 0.330195 0.414954
1 0.584445 0.356109 0.320033 0.414947
1 0.585747 0.354038 0.323546 0.416874
1 0.587755 0.356570 0.328982 0.421168
1 0.580767 0.359202 0.336725 0.408660