1 0.941213 0.549261 0.023242 0.034307
1 0.941629 0.549802 0.023832 0.034058
1 0.377283 0.330083 0.259737 0.392678
1 0.377945 0.331632 0.261488 0.396908
1 0.374962 0.331068 0.265832 0.377562
1 0.379018 0.331658 0.267994 0.374259
1 0.377753 0.333299 0.268355 0.372367
1 0.377872 0.332870 0.267630 0.374508
1 0.376883 0.331561 0.271875 0.368950
1 0.377426 0.330585 0.271098 0.367952
1 0.376349 0.331895 0.271432 0.367758
1 0.375924 0.333756 0.268665 0.363223
1 0.376523 0.331735 0.272382 0.370810
1 0.374754 0.329530 0.273601 0.375757
1 0.375769 0.329980 0.274794 0.374057
1 0.376657 0.331743 0.270117 0.368146
1 0.374872 0.330875 0.274680 0.376961
1 0.374319 0.330502 0.274144 0.375924
1 0.376253 0.329059 0.274540 0.372922
1 0.376574 0.331192 0.273369 0.366845
1 0.375216 0.331550 0.269655 0.365878
1 0.373330 0.332776 0.276207 0.374377
1 0.373180 0.330393 0.273361 0.370808
1 0.374820 0.330771 0.274079 0.369062
1 0.374152 0.332506 0.268943 0.368442
1 0.373696 0.333281 0.273093 0.371919
1 0.373288 0.332359 0.272009 0.371633
1 0.373753 0.330704 0.272531 0.367992
1 0.373153 0.334879 0.266454 0.364620
1 0.373151 0.333509 0.269816 0.365292
1 0.373063 0.333454 0.271433 0.365987
1 0.374062 0.333606 0.272093 0.366997
1 0.373603 0.338802 0.264222 0.367500
1 0.375065 0.339582 0.266203 0.364913
1 0.377790 0.325497 0.270615 0.378114
1 0.373569 0.326492 0.277354 0.383764
1 0.372472 0.327288 0.268522 0.377148
1 0.377169 0.329891 0.269606 0.376779
1 0.378311 0.330599 0.274882 0.370922
1 0.377618 0.329269 0.274182 0.374200
1 0.375658 0.328479 0.271233 0.375762
1 0.374368 0.328419 0.275786 0.372972
1 0.373425 0.331337 0.274885 0.372267
1 0.373829 0.330905 0.275759 0.370650
1 0.375594 0.327373 0.268563 0.375288
1 0.376916 0.329062 0.274137 0.370871
1 0.373642 0.329781 0.274240 0.366944
1 0.374985 0.325113 0.282975 0.375005
1 0.372432 0.331283 0.271965 0.365912
1 0.376522 0.329905 0.272342 0.372912
1 0.377146 0.328112 0.272993 0.365255
1 0.376571 0.329498 0.273293 0.366707
1 0.375193 0.330112 0.270900 0.365888
1 0.371386 0.334565 0.279412 0.361165
1 0.374747 0.331980 0.273283 0.368463
1 0.374403 0.332659 0.271519 0.362950
1 0.374872 0.331087 0.273577 0.369564
1 0.375602 0.334597 0.263633 0.362149