1 0.538700 0.438954 0.346499 0.499574
1 0.538502 0.448414 0.347161 0.498275
1 0.541664 0.446511 0.343750 0.509172
1 0.538299 0.450449 0.340148 0.498909
1 0.538228 0.447169 0.339545 0.498334
1 0.540046 0.448680 0.344283 0.502937
1 0.539815 0.442556 0.343150 0.502789
1 0.536495 0.446385 0.349923 0.502352
1 0.540360 0.446785 0.349498 0.497116
1 0.541561 0.444269 0.341125 0.494434
1 0.540759 0.445011 0.345319 0.498937
1 0.539929 0.445956 0.342597 0.495885
1 0.542219 0.440744 0.347702 0.503746
1 0.537666 0.448025 0.354807 0.503364
1 0.539692 0.445921 0.345845 0.495816
1 0.541167 0.445283 0.343341 0.498597
1 0.542624 0.444268 0.349552 0.499367
1 0.540809 0.444136 0.348140 0.496933
1 0.538384 0.442774 0.355315 0.500642
1 0.540479 0.441723 0.356032 0.496746
1 0.541983 0.447179 0.350234 0.498089
1 0.539129 0.448694 0.348409 0.501572
1 0.540671 0.447814 0.353980 0.500948
1 0.543053 0.443273 0.354501 0.501399
1 0.541191 0.445793 0.354396 0.499408
1 0.540565 0.447249 0.358229 0.490653
1 0.540963 0.446193 0.351895 0.498573
1 0.541371 0.445829 0.348474 0.501213
1 0.541739 0.443322 0.352018 0.505331
1 0.540171 0.441469 0.354216 0.501501
1 0.542518 0.445217 0.357718 0.501670
1 0.542240 0.446548 0.356950 0.501867
1 0.541782 0.447940 0.357743 0.495829
1 0.542420 0.445710 0.350134 0.505553
1 0.540228 0.446807 0.357211 0.505721
1 0.540659 0.447126 0.361017 0.500523
1 0.540861 0.448785 0.351731 0.499666