1 0.363563 0.177806 0.123877 0.183488
1 0.364465 0.180236 0.123983 0.178341
1 0.365228 0.179363 0.123180 0.179514
1 0.364937 0.180559 0.123070 0.179545
1 0.366556 0.179887 0.124089 0.184131
1 0.364523 0.180344 0.123022 0.180800
1 0.364784 0.178555 0.123290 0.181749
1 0.365465 0.179718 0.124821 0.178750
1 0.364346 0.182007 0.121469 0.175790
1 0.365178 0.180970 0.121071 0.179232
1 0.365253 0.180351 0.123316 0.181139
1 0.364506 0.179030 0.122388 0.178983
1 0.366282 0.180745 0.124110 0.178869
1 0.364385 0.179336 0.122570 0.179926
1 0.363685 0.179608 0.124456 0.179127
1 0.366054 0.179607 0.124232 0.181183
1 0.364382 0.181815 0.122788 0.175599
1 0.365492 0.179889 0.122915 0.181488
1 0.365769 0.179089 0.123119 0.181043
1 0.364126 0.179892 0.123856 0.179751
1 0.365903 0.179792 0.124741 0.179718
1 0.365094 0.179794 0.123285 0.179134
1 0.364256 0.180147 0.126184 0.181465
1 0.364535 0.178698 0.123224 0.178377
1 0.363681 0.181541 0.122146 0.175773
1 0.365885 0.179645 0.123233 0.180266
1 0.365097 0.178534 0.124161 0.180169
1 0.365353 0.179462 0.124108 0.177306
1 0.366586 0.178682 0.126160 0.180219
1 0.365082 0.178742 0.124731 0.182783
1 0.365774 0.179941 0.124470 0.178721
1 0.366196 0.179192 0.127120 0.184159
1 0.365797 0.180030 0.127522 0.182824
1 0.365630 0.179663 0.126264 0.182077