1 0.132217 0.427421 0.012279 0.015678
1 0.466673 0.289032 0.274532 0.376844
1 0.469132 0.288694 0.279593 0.376634
1 0.467796 0.289421 0.273218 0.373283
1 0.470813 0.289172 0.275321 0.377038
1 0.467565 0.291011 0.276262 0.372506
1 0.468671 0.289398 0.283702 0.371247
1 0.467592 0.289566 0.278614 0.367549
1 0.468598 0.293176 0.278966 0.363272
1 0.466894 0.291702 0.277368 0.382850
1 0.468076 0.290081 0.286156 0.382711
1 0.469847 0.288775 0.287049 0.381074
1 0.470382 0.293761 0.284898 0.371105
1 0.465935 0.290700 0.277960 0.383141
1 0.468909 0.288607 0.280380 0.382169
1 0.469784 0.289124 0.283855 0.378228
1 0.469778 0.293043 0.284792 0.373333
1 0.465192 0.291254 0.277285 0.380334
1 0.468034 0.290911 0.280823 0.382328
1 0.468230 0.289696 0.283018 0.380586
1 0.468390 0.290557 0.286885 0.376721
1 0.464897 0.290739 0.274714 0.374849
1 0.466926 0.289432 0.280106 0.380916
1 0.468548 0.289044 0.281726 0.376110
1 0.468481 0.290471 0.286948 0.374287
1 0.466453 0.290883 0.279625 0.374366
1 0.466156 0.290121 0.279695 0.374083
1 0.467812 0.289677 0.283023 0.370800
1 0.471724 0.288714 0.288144 0.377657
1 0.471173 0.287427 0.284259 0.377749
1 0.471679 0.289564 0.283678 0.373958
1 0.469963 0.290320 0.283337 0.383088
1 0.469945 0.292306 0.285061 0.377314
1 0.474894 0.294114 0.284473 0.381190
1 0.473973 0.290589 0.288680 0.378331
1 0.471555 0.290591 0.290973 0.372888
1 0.468456 0.289007 0.292247 0.388934
1 0.467644 0.293494 0.288619 0.388281
1 0.468671 0.289966 0.289350 0.385913
1 0.471229 0.290790 0.285167 0.384933
1 0.474033 0.289520 0.288869 0.384201
1 0.469152 0.292006 0.289383 0.371152
1 0.468343 0.294599 0.293688 0.379704
1 0.467035 0.289312 0.287708 0.379292
1 0.470646 0.289739 0.286180 0.380679
1 0.469647 0.290218 0.287741 0.381103
1 0.468251 0.292429 0.293451 0.381270
1 0.470111 0.291560 0.289737 0.377692
1 0.468315 0.290867 0.292127 0.377536
1 0.468735 0.288460 0.292473 0.387995
1 0.467701 0.292805 0.289835 0.382435
1 0.466820 0.293787 0.293745 0.387187
1 0.469688 0.295232 0.289973 0.382220
1 0.470335 0.290261 0.292448 0.383331
1 0.472049 0.290986 0.296464 0.382531
1 0.470991 0.294299 0.301340 0.384803