1 0.834920 0.280554 0.014971 0.019507
1 0.494147 0.449200 0.352532 0.468567
1 0.495866 0.452586 0.348449 0.468675
1 0.493984 0.453674 0.343800 0.455340
1 0.492603 0.454496 0.347547 0.454917
1 0.492336 0.458450 0.351910 0.459029
1 0.495377 0.451440 0.347022 0.460194
1 0.491161 0.447708 0.346027 0.453685
1 0.493877 0.447829 0.352033 0.449637
1 0.495476 0.444517 0.352829 0.444988
1 0.493278 0.446267 0.354729 0.446583
1 0.497587 0.449349 0.347557 0.440118
1 0.493541 0.447816 0.342125 0.450151
1 0.492288 0.448073 0.354646 0.454253
1 0.493218 0.448934 0.350261 0.452979
1 0.494213 0.448735 0.351172 0.454103
1 0.496683 0.449338 0.356688 0.450500
1 0.494853 0.448033 0.353714 0.445376
1 0.492519 0.449034 0.356959 0.446376
1 0.493293 0.444955 0.354356 0.451169
1 0.496235 0.450112 0.355629 0.451103
1 0.491636 0.452323 0.358888 0.449846
1 0.494068 0.450674 0.357338 0.450365
1 0.496655 0.450960 0.352286 0.441346
1 0.495842 0.453324 0.357385 0.447369
1 0.494489 0.450600 0.357608 0.439956
1 0.496048 0.450368 0.359213 0.448967
1 0.494625 0.450388 0.354858 0.444947
1 0.497428 0.451079 0.358314 0.447436
1 0.494213 0.454695 0.355352 0.441395
1 0.494855 0.456026 0.360244 0.444927
1 0.497651 0.443222 0.364762 0.458051
1 0.496291 0.446618 0.364064 0.456389
1 0.496871 0.446554 0.360258 0.460772
1 0.496139 0.448142 0.358574 0.456756
1 0.494401 0.453965 0.370064 0.443844
1 0.495224 0.455655 0.361629 0.451625