1 0.168115 0.399493 0.023888 0.036388
1 0.083642 0.405341 0.016089 0.023124
1 0.167923 0.399913 0.023041 0.034754
1 0.460265 0.307825 0.249096 0.354238
1 0.460752 0.308357 0.252646 0.357891
1 0.461321 0.305293 0.253825 0.363069
1 0.457763 0.308732 0.253662 0.352994
1 0.462427 0.309548 0.253459 0.350737
1 0.461776 0.309949 0.259424 0.352042
1 0.460631 0.310274 0.255733 0.352639
1 0.463729 0.307912 0.251613 0.352349
1 0.460756 0.309372 0.255792 0.346768
1 0.460685 0.307083 0.252781 0.350545
1 0.460084 0.307268 0.256280 0.350710
1 0.459972 0.308182 0.252949 0.346135
1 0.461995 0.309780 0.252468 0.343662
1 0.460331 0.307734 0.254561 0.341540
1 0.459291 0.307003 0.253913 0.349359
1 0.459661 0.306555 0.256014 0.346090
1 0.460820 0.306023 0.256622 0.343342
1 0.462563 0.308779 0.252766 0.345079
1 0.459479 0.307821 0.254423 0.340080
1 0.459427 0.307323 0.255815 0.349687
1 0.458447 0.306861 0.257219 0.351816
1 0.459420 0.305725 0.254419 0.349589
1 0.461789 0.305743 0.250406 0.341861
1 0.459102 0.307715 0.254146 0.345426
1 0.459818 0.306439 0.257846 0.351806
1 0.459522 0.306417 0.257505 0.349270
1 0.459752 0.306211 0.256332 0.350025
1 0.460993 0.305238 0.250991 0.340971
1 0.460262 0.306877 0.256099 0.345568
1 0.461460 0.305179 0.259125 0.348710
1 0.460993 0.304507 0.254613 0.347652
1 0.459365 0.305044 0.253439 0.348149
1 0.460913 0.304363 0.252110 0.341719
1 0.457093 0.309440 0.255351 0.350078
1 0.461612 0.304175 0.254847 0.353237
1 0.460503 0.303285 0.254723 0.351754
1 0.460620 0.305055 0.256506 0.352392
1 0.462804 0.308644 0.258727 0.347342
1 0.460706 0.308205 0.252505 0.350509
1 0.460312 0.307524 0.250797 0.351044
1 0.462848 0.307877 0.251711 0.350123
1 0.461698 0.308037 0.250299 0.348686
1 0.461825 0.307893 0.252468 0.342510
1 0.461925 0.312557 0.252658 0.344335
1 0.458702 0.308373 0.256756 0.340895
1 0.458972 0.305474 0.256326 0.346136
1 0.461858 0.307579 0.253857 0.342945
1 0.460845 0.307727 0.255683 0.345840
1 0.462777 0.306926 0.253870 0.351160
1 0.460562 0.308557 0.256630 0.339947
1 0.460934 0.309458 0.253333 0.343161
1 0.463221 0.306739 0.254606 0.345413
1 0.461253 0.305474 0.250460 0.345851
1 0.461518 0.305871 0.253207 0.352661
1 0.460126 0.308256 0.253202 0.339466
1 0.461916 0.307164 0.257180 0.345725
1 0.462524 0.306759 0.255865 0.349045
1 0.462697 0.304386 0.258937 0.351158
1 0.462218 0.311560 0.255078 0.345702
1 0.462271 0.313405 0.264689 0.338082
1 0.463319 0.313663 0.262999 0.341732
1 0.464795 0.312840 0.261369 0.344699