1 0.402533 0.345267 0.263056 0.356523
1 0.405805 0.346621 0.263886 0.351982
1 0.404855 0.345087 0.262684 0.356612
1 0.405237 0.344468 0.267600 0.357108
1 0.405886 0.346954 0.263680 0.349981
1 0.406473 0.346442 0.266792 0.353041
1 0.405042 0.345561 0.267105 0.358224
1 0.404523 0.346525 0.266177 0.354640
1 0.407789 0.345828 0.265759 0.350659
1 0.405908 0.348513 0.267612 0.357552
1 0.405210 0.345720 0.264055 0.361156
1 0.405963 0.344932 0.263163 0.360027
1 0.405052 0.344417 0.263111 0.357030
1 0.407206 0.345330 0.264988 0.353851
1 0.405465 0.348168 0.265385 0.359123
1 0.406710 0.346530 0.263232 0.363193
1 0.406411 0.344837 0.264153 0.359775
1 0.405199 0.344219 0.266610 0.359369
1 0.408703 0.346549 0.266104 0.353391
1 0.404479 0.347418 0.262896 0.355929
1 0.405603 0.347001 0.263970 0.364079
1 0.405837 0.345422 0.261683 0.365463
1 0.405626 0.345394 0.266825 0.361198
1 0.409133 0.346439 0.266481 0.349184
1 0.402826 0.346290 0.261714 0.358697
1 0.406117 0.345109 0.264010 0.363285
1 0.405137 0.344341 0.264215 0.366898
1 0.405749 0.344705 0.265901 0.362822
1 0.408284 0.348437 0.265888 0.350692
1 0.403317 0.347519 0.262775 0.360440
1 0.404316 0.344854 0.265728 0.364605
1 0.404220 0.344536 0.265480 0.370485
1 0.404845 0.344529 0.266036 0.367306
1 0.407571 0.347854 0.267873 0.355039
1 0.401235 0.350758 0.265278 0.356304
1 0.403787 0.346927 0.264172 0.362913
1 0.403477 0.349199 0.264884 0.358421
1 0.405066 0.350390 0.267910 0.358478
1 0.408038 0.349333 0.269474 0.362159
1 0.408734 0.348693 0.268705 0.363698
1 0.407365 0.351098 0.264937 0.358793
1 0.407287 0.349668 0.270019 0.355319
1 0.408887 0.351837 0.268109 0.353046
1 0.406289 0.349319 0.270085 0.357036
1 0.409896 0.345290 0.270210 0.362739
1 0.408513 0.349416 0.265598 0.357219
1 0.404011 0.353300 0.266889 0.357922
1 0.404674 0.350841 0.267555 0.357913
1 0.406042 0.348656 0.265768 0.361654
1 0.406030 0.349416 0.266196 0.356906
1 0.407146 0.348847 0.267304 0.354158
1 0.408799 0.350626 0.266463 0.352489
1 0.405621 0.344993 0.263908 0.357157
1 0.405792 0.350124 0.264660 0.363459
1 0.407917 0.350710 0.268388 0.362661
1 0.404167 0.348865 0.269038 0.357382
1 0.405769 0.345732 0.269661 0.359690
1 0.404324 0.350292 0.265673 0.353375
1 0.404742 0.349081 0.266495 0.361374
1 0.405885 0.351189 0.264983 0.355196
1 0.408369 0.348173 0.269211 0.363534
1 0.406254 0.352910 0.273060 0.357079
1 0.405273 0.352415 0.269548 0.356264