1 0.490666 0.442390 0.318964 0.474658
1 0.492286 0.441908 0.319644 0.475720
1 0.488463 0.447882 0.318759 0.473329
1 0.492379 0.447303 0.315433 0.480817
1 0.494752 0.449644 0.320778 0.479968
1 0.492911 0.443360 0.322947 0.491190
1 0.489782 0.445681 0.315652 0.472599
1 0.490117 0.445266 0.317486 0.477609
1 0.492223 0.446691 0.317469 0.482311
1 0.492878 0.444642 0.319150 0.480828
1 0.492049 0.444997 0.315542 0.483215
1 0.494844 0.440152 0.317774 0.493765
1 0.489526 0.448367 0.316972 0.470825
1 0.489839 0.446630 0.316113 0.476972
1 0.492918 0.444742 0.314969 0.473095
1 0.489844 0.447670 0.321985 0.474554
1 0.491730 0.446581 0.313257 0.478474
1 0.491052 0.445905 0.315523 0.486868
1 0.490188 0.446943 0.312504 0.465427
1 0.488311 0.448723 0.314968 0.476243
1 0.490449 0.449437 0.314160 0.478344
1 0.490039 0.446700 0.317976 0.473948
1 0.492727 0.445213 0.314297 0.479140
1 0.494030 0.446002 0.311649 0.487332
1 0.487730 0.450478 0.320664 0.478334
1 0.489384 0.447125 0.318001 0.481099
1 0.493245 0.448510 0.319112 0.480731
1 0.490763 0.445719 0.317446 0.485438
1 0.490945 0.444440 0.316449 0.481168
1 0.497861 0.447872 0.310458 0.477807
1 0.488007 0.446509 0.318391 0.484353
1 0.487176 0.445987 0.319706 0.482157
1 0.489767 0.445649 0.313555 0.482289
1 0.492373 0.446321 0.317328 0.486542
1 0.489089 0.454430 0.323431 0.472913
1 0.491362 0.456937 0.315966 0.474961