1 0.450263 0.168857 0.070998 0.090973
1 0.449228 0.168207 0.071291 0.089382
1 0.449964 0.168437 0.068910 0.088738
1 0.449657 0.168584 0.070770 0.089624
1 0.450221 0.169726 0.071851 0.087440
1 0.449675 0.169131 0.071906 0.088128
1 0.449297 0.167309 0.073855 0.094548
1 0.449327 0.165926 0.071679 0.094093
1 0.448931 0.166652 0.073709 0.094534
1 0.450050 0.168370 0.073378 0.092396
1 0.449934 0.168149 0.073128 0.092357
1 0.450736 0.167289 0.071404 0.095874
1 0.450059 0.168340 0.073492 0.092665
1 0.449949 0.168328 0.074902 0.093402