1 0.457523 0.380008 0.281888 0.373577
1 0.458033 0.379592 0.287273 0.374854
1 0.456449 0.381286 0.283139 0.368810
1 0.456760 0.382633 0.286931 0.370921
1 0.457806 0.380364 0.283956 0.372408
1 0.457222 0.380503 0.290268 0.373008
1 0.457441 0.381301 0.287574 0.367170
1 0.457718 0.384464 0.290859 0.375721
1 0.456637 0.381656 0.287109 0.383189
1 0.457817 0.380572 0.290311 0.382268
1 0.457168 0.380346 0.291205 0.381779
1 0.457219 0.384614 0.291186 0.375653
1 0.457046 0.381717 0.289642 0.381394
1 0.458438 0.379485 0.290791 0.384000
1 0.457877 0.380703 0.290770 0.381957
1 0.457961 0.382866 0.286429 0.377834
1 0.458486 0.381863 0.289349 0.384334
1 0.456595 0.378823 0.293214 0.382716
1 0.456850 0.379715 0.297027 0.383400
1 0.458900 0.381482 0.289540 0.381912
1 0.456965 0.378602 0.291752 0.380480
1 0.457408 0.379803 0.294439 0.382602
1 0.457562 0.380077 0.290002 0.386466
1 0.461073 0.375232 0.297754 0.386191
1 0.463863 0.380112 0.297496 0.376762
1 0.462227 0.381841 0.293846 0.377707
1 0.460149 0.381123 0.297127 0.379453
1 0.462047 0.376937 0.290333 0.390880
1 0.462699 0.381169 0.291457 0.391901
1 0.461689 0.381547 0.296422 0.382877
1 0.461906 0.383257 0.297269 0.380770
1 0.462655 0.379254 0.298455 0.378555
1 0.459865 0.380291 0.300599 0.383720
1 0.462355 0.380118 0.293821 0.385370
1 0.458872 0.378982 0.296917 0.390993
1 0.458497 0.380021 0.298877 0.383238
1 0.462486 0.381978 0.295474 0.387421
1 0.461822 0.379396 0.300303 0.390123
1 0.459142 0.378700 0.301094 0.384221
1 0.460647 0.383614 0.295950 0.382784
1 0.459739 0.377494 0.293507 0.389004
1 0.462270 0.379609 0.294989 0.386690
1 0.460253 0.382827 0.301395 0.391359
1 0.458997 0.381976 0.303505 0.383888
1 0.458913 0.379432 0.303512 0.384716
1 0.458494 0.381637 0.296629 0.385578
1 0.459650 0.379920 0.297205 0.391375
1 0.460826 0.382299 0.298901 0.389626
1 0.459988 0.383038 0.299282 0.386991
1 0.462204 0.381574 0.303529 0.386336
1 0.460753 0.381731 0.302141 0.391631