1 0.550820 0.451171 0.359146 0.554338
1 0.555461 0.452936 0.361661 0.560710
1 0.553977 0.442836 0.361790 0.577945
1 0.549877 0.448452 0.360830 0.554001
1 0.550284 0.453438 0.359105 0.546978
1 0.551356 0.455556 0.363305 0.564997
1 0.554131 0.454427 0.360367 0.560566
1 0.545528 0.445946 0.357197 0.547562
1 0.552228 0.451361 0.367377 0.544113
1 0.552217 0.452866 0.360454 0.553037
1 0.554280 0.453100 0.363303 0.574046
1 0.554999 0.451848 0.366565 0.560684
1 0.553672 0.453754 0.359611 0.559629
1 0.543168 0.449854 0.354276 0.555180
1 0.552369 0.452321 0.364847 0.550453
1 0.548830 0.451634 0.358370 0.554184
1 0.554058 0.453258 0.364116 0.561495
1 0.556648 0.454366 0.361625 0.558311
1 0.554121 0.453278 0.360994 0.562285
1 0.541014 0.448071 0.352298 0.563819
1 0.550561 0.448525 0.367498 0.550781
1 0.545336 0.457075 0.364096 0.545157
1 0.550034 0.450565 0.367800 0.549583
1 0.552308 0.453740 0.366279 0.550910
1 0.553685 0.452216 0.370379 0.566625
1 0.539003 0.450580 0.351673 0.557590
1 0.546774 0.450441 0.365406 0.565787
1 0.548222 0.452668 0.369803 0.558456
1 0.549746 0.451460 0.366082 0.562472
1 0.551920 0.448914 0.369982 0.561591
1 0.556360 0.454686 0.368758 0.552895
1 0.546613 0.448486 0.375722 0.566973
1 0.550332 0.445744 0.372773 0.571542
1 0.549851 0.445575 0.364443 0.565044
1 0.552432 0.448685 0.374689 0.563891
1 0.547040 0.451746 0.370158 0.555780
1 0.548720 0.450737 0.364028 0.556754
1 0.559360 0.461860 0.354573 0.544624