1 0.645397 0.405588 0.330491 0.471773
1 0.649485 0.403075 0.320320 0.478756
1 0.644088 0.404847 0.319873 0.470450
1 0.652367 0.405732 0.313190 0.457374
1 0.650085 0.404344 0.312239 0.463766
1 0.648155 0.400829 0.313757 0.468036
1 0.638326 0.401859 0.316125 0.473416
1 0.644648 0.403355 0.313877 0.466654
1 0.652104 0.401350 0.312555 0.460397
1 0.654477 0.402912 0.310416 0.461735
1 0.652637 0.403363 0.309278 0.462224
1 0.655915 0.398136 0.308196 0.470169
1 0.646040 0.405877 0.314983 0.465909
1 0.647546 0.399184 0.312965 0.462568
1 0.652271 0.402109 0.317789 0.474908
1 0.656702 0.403949 0.315781 0.462783
1 0.651036 0.402846 0.309973 0.458018
1 0.655244 0.399931 0.313166 0.463116
1 0.644208 0.404325 0.310171 0.470195
1 0.647449 0.400549 0.316712 0.466004
1 0.650241 0.402035 0.311961 0.471984
1 0.652722 0.402229 0.312858 0.464104
1 0.652051 0.400626 0.311676 0.461864
1 0.656444 0.399480 0.310022 0.466632
1 0.643526 0.403754 0.317805 0.469025
1 0.646844 0.403792 0.320900 0.469288
1 0.650131 0.397072 0.315696 0.475169
1 0.652855 0.397568 0.315679 0.469060
1 0.653593 0.395640 0.322868 0.468665
1 0.660813 0.398239 0.318272 0.475126
1 0.646791 0.406103 0.317403 0.461392
1 0.650132 0.403565 0.319724 0.470688
1 0.653728 0.401739 0.319795 0.461245
1 0.656105 0.402295 0.318248 0.471291
1 0.647134 0.403407 0.328475 0.463067
1 0.651109 0.404726 0.322800 0.464958