1 0.599962 0.156972 0.131882 0.194257
1 0.601086 0.155254 0.129859 0.191772
1 0.601255 0.157499 0.131185 0.192876
1 0.601377 0.156383 0.128059 0.192343
1 0.600545 0.156739 0.130110 0.193309
1 0.599775 0.157776 0.131459 0.194164
1 0.600503 0.156531 0.132085 0.194283
1 0.599589 0.157716 0.130809 0.194336
1 0.601445 0.157650 0.130757 0.187863
1 0.600717 0.156656 0.130525 0.189824
1 0.601617 0.159116 0.129199 0.189865
1 0.601133 0.157710 0.132412 0.194952
1 0.599809 0.158299 0.132162 0.196314
1 0.600406 0.155383 0.130730 0.196572
1 0.600286 0.156878 0.133824 0.195312
1 0.600540 0.156924 0.131958 0.192366
1 0.600596 0.157974 0.129461 0.188057
1 0.599264 0.157026 0.131395 0.193297
1 0.601142 0.158257 0.128856 0.190894
1 0.600724 0.157402 0.130395 0.192453
1 0.599212 0.156762 0.134047 0.194336
1 0.601096 0.158048 0.132106 0.196609
1 0.597435 0.159404 0.133109 0.193070
1 0.600127 0.157236 0.131828 0.195402
1 0.600164 0.157615 0.129219 0.190331
1 0.600113 0.156508 0.132101 0.195586
1 0.600799 0.157164 0.128811 0.193911
1 0.599152 0.156752 0.129976 0.196252
1 0.601274 0.156561 0.132848 0.195521
1 0.603386 0.158054 0.131725 0.193500
1 0.600513 0.158153 0.131786 0.197325
1 0.601370 0.156354 0.132010 0.199838
1 0.600813 0.157117 0.132276 0.197967
1 0.602154 0.157955 0.130894 0.195562