1 0.928127 0.229052 0.050528 0.066521
1 0.927196 0.230501 0.049118 0.063324
1 0.927465 0.230445 0.050027 0.063800
1 0.927855 0.229559 0.050415 0.064281
1 0.927505 0.230334 0.050970 0.063245
1 0.927884 0.230103 0.050946 0.064884
1 0.927112 0.230320 0.049741 0.063563
1 0.927360 0.230399 0.049951 0.064153
1 0.927061 0.230165 0.050185 0.064760
1 0.595874 0.184657 0.123539 0.172815
1 0.594605 0.186330 0.117919 0.171368
1 0.594479 0.185633 0.120580 0.170905
1 0.594337 0.188783 0.120149 0.163729
1 0.596102 0.189750 0.120279 0.163940
1 0.595255 0.187543 0.118965 0.162426
1 0.595751 0.190474 0.120920 0.162004
1 0.595184 0.188555 0.120475 0.162026
1 0.594578 0.189781 0.119141 0.163696
1 0.595293 0.188094 0.121509 0.165181
1 0.594019 0.190958 0.120806 0.157772
1 0.594631 0.188560 0.120793 0.161372
1 0.596634 0.189196 0.120917 0.162660
1 0.595317 0.188694 0.120699 0.161024
1 0.595967 0.189461 0.121312 0.161412
1 0.596301 0.188569 0.120163 0.158692
1 0.594614 0.189652 0.119556 0.161919
1 0.122421 0.236516 0.083566 0.109040
1 0.121875 0.236617 0.084337 0.110198
1 0.595086 0.187008 0.122042 0.164172
1 0.594199 0.191539 0.120220 0.158442
1 0.595566 0.187978 0.120444 0.163203
1 0.596253 0.189314 0.121051 0.162757
1 0.595803 0.189446 0.121119 0.160319
1 0.596427 0.189329 0.121009 0.161288
1 0.595830 0.190412 0.120578 0.158840
1 0.594756 0.189359 0.121846 0.162327
1 0.122263 0.236635 0.085113 0.109683
1 0.122135 0.236102 0.085572 0.108274
1 0.122122 0.235970 0.084623 0.108794
1 0.122682 0.236171 0.085482 0.107912
1 0.595885 0.190155 0.124020 0.160407
1 0.595506 0.191293 0.120359 0.158763
1 0.596250 0.190050 0.123009 0.161073
1 0.597269 0.192126 0.121263 0.156348
1 0.595999 0.190629 0.121166 0.158292
1 0.596896 0.191764 0.123810 0.162096
1 0.122070 0.236160 0.085731 0.110784
1 0.122025 0.235787 0.083475 0.109627