1 0.466199 0.170609 0.131671 0.181887
1 0.466171 0.171805 0.128684 0.182860
1 0.466744 0.173669 0.129108 0.176206
1 0.467862 0.172797 0.126802 0.175470
1 0.466622 0.173471 0.127493 0.176006
1 0.468716 0.174264 0.129666 0.175484
1 0.467555 0.174573 0.129123 0.174448
1 0.467682 0.173946 0.130349 0.176385
1 0.467743 0.172701 0.128108 0.174055
1 0.467948 0.173198 0.129160 0.175570
1 0.468409 0.173258 0.128678 0.177012
1 0.467668 0.172468 0.128680 0.177015
1 0.468849 0.174424 0.129487 0.175626
1 0.468600 0.173109 0.128019 0.174647
1 0.467481 0.173386 0.130147 0.177000
1 0.468949 0.173256 0.131327 0.181707
1 0.467477 0.172298 0.128248 0.175949
1 0.468665 0.172647 0.129037 0.175579
1 0.468143 0.172963 0.127663 0.178184
1 0.467580 0.173323 0.127307 0.176296
1 0.468832 0.173935 0.129306 0.176068
1 0.467793 0.173301 0.128335 0.173951
1 0.467832 0.173596 0.130648 0.175919
1 0.471128 0.174429 0.133212 0.178965
1 0.467494 0.172651 0.129415 0.177451
1 0.467640 0.173062 0.128493 0.179156
1 0.467007 0.172968 0.128168 0.176947
1 0.469204 0.174044 0.128904 0.176962
1 0.467367 0.173976 0.127467 0.178321
1 0.469928 0.174806 0.131107 0.176502