1 0.544620 0.395716 0.320160 0.471874
1 0.549824 0.397114 0.317714 0.467385
1 0.546682 0.398096 0.313964 0.459460
1 0.549999 0.400684 0.313575 0.439291
1 0.550413 0.402166 0.318024 0.440978
1 0.547826 0.397584 0.321461 0.441853
1 0.548959 0.394576 0.318688 0.457865
1 0.546906 0.396758 0.312386 0.443719
1 0.550321 0.395836 0.318223 0.438200
1 0.548891 0.396915 0.321531 0.433070
1 0.548302 0.397011 0.319081 0.429369
1 0.548354 0.394660 0.316799 0.443348
1 0.551957 0.397310 0.326036 0.443190
1 0.545733 0.397246 0.319339 0.449016
1 0.547587 0.396812 0.319412 0.445990
1 0.547934 0.399253 0.325488 0.439124
1 0.544354 0.398791 0.319164 0.438496
1 0.546952 0.398179 0.320938 0.436109
1 0.545462 0.396437 0.327533 0.443760
1 0.545820 0.397611 0.322524 0.441588
1 0.544795 0.400556 0.319064 0.443760
1 0.544115 0.398559 0.324223 0.441551
1 0.545634 0.396452 0.322117 0.434536
1 0.546918 0.397712 0.320816 0.436227
1 0.542690 0.400790 0.335845 0.443793
1 0.545068 0.398909 0.323849 0.442666
1 0.546278 0.398081 0.323171 0.446255
1 0.546480 0.398496 0.328971 0.438514
1 0.545049 0.400748 0.327805 0.432162
1 0.549770 0.401306 0.317565 0.432553
1 0.541444 0.399881 0.333583 0.441934
1 0.543678 0.397825 0.329278 0.436875
1 0.546872 0.399101 0.325452 0.438969
1 0.546792 0.399150 0.325787 0.442989
1 0.538523 0.406027 0.337473 0.433049
1 0.544485 0.408411 0.328190 0.437582