1 0.436713 0.389713 0.267164 0.381049
1 0.436496 0.390990 0.269527 0.382415
1 0.435985 0.391099 0.266858 0.378313
1 0.436849 0.388167 0.269258 0.369955
1 0.437892 0.388572 0.270025 0.375506
1 0.437579 0.389851 0.275092 0.378647
1 0.436630 0.391121 0.269331 0.371106
1 0.439224 0.393732 0.270371 0.365810
1 0.436142 0.389604 0.271305 0.368190
1 0.436103 0.387583 0.273800 0.385184
1 0.437831 0.387190 0.281151 0.387143
1 0.439666 0.388732 0.276553 0.380967
1 0.436107 0.390407 0.273589 0.365930
1 0.435507 0.387253 0.274351 0.383873
1 0.439375 0.386666 0.277537 0.386226
1 0.438473 0.387974 0.274502 0.379165
1 0.436503 0.387651 0.272428 0.381008
1 0.437427 0.387130 0.276344 0.383004
1 0.435926 0.385613 0.276521 0.385329
1 0.439255 0.391214 0.278656 0.371883
1 0.435509 0.388683 0.273034 0.381387
1 0.436628 0.387260 0.274788 0.382205
1 0.436254 0.387670 0.275610 0.382313
1 0.438665 0.391174 0.276075 0.369667
1 0.436123 0.388634 0.271262 0.379340
1 0.436891 0.388011 0.272637 0.380399
1 0.436595 0.388467 0.273889 0.378220
1 0.436283 0.391925 0.265665 0.386592
1 0.437351 0.389675 0.269617 0.388151
1 0.437852 0.393697 0.269841 0.381342
1 0.438547 0.388276 0.275818 0.381935
1 0.437410 0.387086 0.274190 0.384845
1 0.435642 0.386580 0.274494 0.383221
1 0.441574 0.382893 0.274482 0.386417
1 0.437711 0.388804 0.270993 0.380340
1 0.440206 0.390850 0.274959 0.375181
1 0.437843 0.391169 0.274921 0.381309
1 0.437851 0.388107 0.273418 0.379565
1 0.438896 0.392605 0.276051 0.374933
1 0.436071 0.388363 0.269959 0.381675
1 0.435535 0.389769 0.274089 0.380941
1 0.436355 0.387754 0.273160 0.380731
1 0.439842 0.388744 0.274466 0.379248
1 0.436839 0.387949 0.276467 0.379160
1 0.440201 0.388194 0.279382 0.381897
1 0.438920 0.389308 0.271279 0.377583
1 0.438811 0.390400 0.272281 0.384062
1 0.435266 0.391723 0.275524 0.380570
1 0.441174 0.389578 0.279923 0.382783
1 0.440065 0.387201 0.280541 0.388352
1 0.439896 0.391560 0.285477 0.386817
1 0.436342 0.389639 0.275349 0.375954
1 0.435935 0.389715 0.276791 0.386106
1 0.438143 0.391745 0.277003 0.382554
1 0.439030 0.389778 0.279058 0.384682
1 0.440678 0.388542 0.279665 0.389476
1 0.434615 0.393404 0.276296 0.386740
1 0.441274 0.391095 0.284878 0.383082
1 0.441607 0.392291 0.285916 0.386749