1 0.457312 0.344126 0.339150 0.464415
1 0.457668 0.346459 0.332632 0.455982
1 0.452665 0.352912 0.330451 0.445544
1 0.452124 0.356416 0.326831 0.435810
1 0.449227 0.356067 0.329270 0.438401
1 0.450638 0.353028 0.325617 0.442609
1 0.452430 0.346368 0.326994 0.437501
1 0.450923 0.354723 0.328776 0.437413
1 0.453118 0.354136 0.323741 0.435146
1 0.452154 0.355372 0.325980 0.440897
1 0.453646 0.355683 0.326571 0.435886
1 0.452544 0.352468 0.334413 0.443032
1 0.454897 0.354189 0.325746 0.430379
1 0.451276 0.357635 0.325483 0.438061
1 0.452358 0.354245 0.323928 0.443236
1 0.453897 0.351724 0.331426 0.435333
1 0.453539 0.354503 0.329604 0.435470
1 0.450140 0.355812 0.338193 0.437721
1 0.455463 0.355885 0.323789 0.423738
1 0.449760 0.354893 0.328453 0.432654
1 0.451972 0.356429 0.324176 0.433745
1 0.452844 0.354728 0.324641 0.438140
1 0.452735 0.356649 0.325429 0.435426
1 0.452902 0.355343 0.331998 0.440863
1 0.452987 0.361133 0.327781 0.424557
1 0.450968 0.355571 0.328727 0.433213
1 0.455422 0.354688 0.328540 0.434421
1 0.453155 0.357213 0.329451 0.438375
1 0.452539 0.355716 0.327661 0.438635
1 0.454111 0.357669 0.331714 0.440535
1 0.451217 0.354159 0.331372 0.438020
1 0.454370 0.355810 0.331053 0.433106
1 0.454728 0.357049 0.326946 0.439467
1 0.453413 0.355489 0.329769 0.440484
1 0.451947 0.359130 0.332944 0.427835
1 0.455126 0.358620 0.337644 0.430994