1 0.264142 0.189576 0.145210 0.187915
1 0.264065 0.190912 0.145762 0.187526
1 0.263380 0.190149 0.147154 0.185497
1 0.264104 0.188481 0.150048 0.192265
1 0.263983 0.189533 0.142134 0.185872
1 0.262745 0.190086 0.144481 0.189417
1 0.264992 0.191478 0.142036 0.180368
1 0.263998 0.188803 0.147060 0.184261
1 0.264242 0.189147 0.146555 0.183211
1 0.263638 0.190524 0.146331 0.180075
1 0.788661 0.210171 0.119838 0.170559
1 0.788581 0.211704 0.114214 0.168295
1 0.787479 0.210367 0.119553 0.167580
1 0.259599 0.189083 0.144544 0.192506
1 0.264357 0.192147 0.143187 0.186363
1 0.265207 0.190941 0.145321 0.185885
1 0.265206 0.192223 0.142533 0.180101
1 0.264568 0.191410 0.148708 0.186132
1 0.265926 0.193397 0.146280 0.177102
1 0.264309 0.191208 0.149483 0.184625
1 0.264585 0.191805 0.147243 0.181371
1 0.264779 0.192075 0.150451 0.184570
1 0.789207 0.212207 0.119310 0.166675
1 0.787610 0.212309 0.118225 0.165111
1 0.787606 0.212300 0.118455 0.165855
1 0.787969 0.214353 0.117178 0.165448
1 0.786946 0.212554 0.116940 0.164800
1 0.788682 0.214016 0.118035 0.163722
1 0.787918 0.212366 0.116390 0.162725
1 0.788582 0.212350 0.118158 0.165863
1 0.265831 0.190204 0.143403 0.185258
1 0.264342 0.188741 0.143996 0.187047
1 0.265662 0.193104 0.141079 0.179192
1 0.264331 0.189215 0.147366 0.185566
1 0.265994 0.194167 0.144374 0.177661
1 0.264943 0.190420 0.144994 0.184301
1 0.265472 0.192652 0.146415 0.179400
1 0.788518 0.212235 0.117326 0.163604
1 0.787221 0.212831 0.117807 0.161904
1 0.786696 0.211923 0.116933 0.162664
1 0.788074 0.212110 0.117411 0.166400
1 0.787952 0.211286 0.115626 0.162747
1 0.788356 0.212335 0.118823 0.164360
1 0.787752 0.211573 0.116064 0.161176
1 0.787972 0.211839 0.117987 0.165245
1 0.264216 0.192372 0.143431 0.183919
1 0.264534 0.191625 0.146312 0.186155
1 0.264778 0.195531 0.141048 0.174312
1 0.265442 0.191940 0.147725 0.181094
1 0.265406 0.191215 0.146188 0.180369
1 0.265871 0.193835 0.147276 0.176236
1 0.788607 0.210379 0.119064 0.162821
1 0.786904 0.212644 0.116728 0.162267
1 0.786755 0.211684 0.116925 0.162817
1 0.788051 0.211308 0.117865 0.165808
1 0.787497 0.211460 0.117008 0.162206
1 0.788582 0.212805 0.118897 0.162587
1 0.787840 0.212353 0.116935 0.162390
1 0.788436 0.211670 0.117669 0.165506
1 0.266354 0.193787 0.151513 0.177448
1 0.788241 0.212752 0.120012 0.162736
1 0.787819 0.213991 0.116509 0.159129
1 0.788775 0.213090 0.119445 0.159523