1 0.518718 0.480554 0.380857 0.565593
1 0.514601 0.486229 0.374885 0.561695
1 0.514822 0.489106 0.377190 0.557867
1 0.518799 0.485442 0.379285 0.566229
1 0.516847 0.483494 0.379879 0.547772
1 0.516165 0.489017 0.378849 0.547800
1 0.515189 0.489797 0.380492 0.545694
1 0.514379 0.485824 0.379266 0.553728
1 0.517231 0.480922 0.377476 0.559951
1 0.510257 0.487585 0.380029 0.534638
1 0.516307 0.486751 0.382615 0.549025
1 0.519003 0.486819 0.378147 0.543100
1 0.515413 0.484654 0.381786 0.548997
1 0.515697 0.482970 0.378574 0.551260
1 0.515870 0.484052 0.383098 0.560545
1 0.512433 0.491295 0.378292 0.536336
1 0.517664 0.488014 0.383087 0.549604
1 0.515554 0.487139 0.379651 0.549817
1 0.512837 0.487545 0.378172 0.547164
1 0.515772 0.486304 0.384834 0.553537
1 0.513398 0.484451 0.381868 0.557947
1 0.513699 0.490462 0.377295 0.535993
1 0.516279 0.484978 0.382255 0.545515
1 0.514721 0.487581 0.380854 0.550407
1 0.511791 0.490005 0.380211 0.547992
1 0.515879 0.485864 0.380407 0.548814
1 0.513862 0.483591 0.383487 0.563286
1 0.515068 0.485242 0.383555 0.549027
1 0.516452 0.487717 0.381775 0.549297
1 0.515569 0.487115 0.382258 0.542958
1 0.514814 0.487288 0.383783 0.546622
1 0.516529 0.484890 0.384846 0.550434
1 0.514897 0.488291 0.378968 0.540104
1 0.516377 0.482463 0.384165 0.545466
1 0.514133 0.485918 0.381484 0.545409
1 0.516038 0.484126 0.383087 0.549171
1 0.514850 0.491837 0.386591 0.540035
1 0.514015 0.486364 0.384853 0.543792