1 0.509376 0.516396 0.500913 0.776454
1 0.503817 0.525990 0.517704 0.806576
1 0.519744 0.516549 0.501324 0.751645
1 0.512763 0.525425 0.485842 0.767306
1 0.511608 0.512410 0.473612 0.766967
1 0.511137 0.526282 0.490457 0.777202
1 0.513553 0.521208 0.478374 0.766699
1 0.508643 0.532403 0.485729 0.762032
1 0.518974 0.516553 0.476747 0.765168
1 0.506580 0.528987 0.490865 0.769720
1 0.508559 0.525339 0.496485 0.796039
1 0.507593 0.518999 0.508864 0.790746
1 0.508783 0.523261 0.506985 0.741973
1 0.521017 0.528810 0.503103 0.749762
1 0.505478 0.521891 0.486512 0.775168
1 0.510948 0.534120 0.480318 0.770498
1 0.510759 0.527551 0.486479 0.782394
1 0.505794 0.534639 0.496926 0.788851
1 0.511635 0.531783 0.483088 0.770452
1 0.505022 0.539563 0.487702 0.763326
1 0.518039 0.532400 0.480287 0.769066
1 0.511756 0.541387 0.486777 0.765190
1 0.511413 0.534184 0.499132 0.786388
1 0.511480 0.531770 0.496516 0.780181
1 0.509829 0.525927 0.500657 0.800530
1 0.509559 0.519652 0.524317 0.752017
1 0.517208 0.532576 0.516439 0.750353
1 0.517986 0.529878 0.509179 0.760338
1 0.504339 0.530787 0.495899 0.771840
1 0.509493 0.535705 0.490309 0.780942
1 0.513105 0.533549 0.491640 0.772664
1 0.511752 0.536832 0.499832 0.783540
1 0.511324 0.534955 0.495282 0.781187
1 0.507250 0.539890 0.504919 0.782876
1 0.514973 0.533674 0.489538 0.789659
1 0.512901 0.539782 0.494750 0.780732
1 0.510959 0.534338 0.504271 0.785293
1 0.509594 0.534379 0.511309 0.775867
1 0.504827 0.528601 0.513637 0.786488
1 0.510374 0.530868 0.527889 0.761808
1 0.520568 0.536720 0.517364 0.764868
1 0.514605 0.529377 0.517305 0.779224
1 0.504166 0.531244 0.492054 0.785740
1 0.507422 0.530459 0.476314 0.780684
1 0.512312 0.531176 0.499920 0.777521
1 0.512185 0.527739 0.499919 0.777334
1 0.511800 0.536060 0.498598 0.777755
1 0.511379 0.533882 0.501950 0.772896
1 0.513873 0.535972 0.496402 0.779388
1 0.513037 0.534940 0.503787 0.776970
1 0.511753 0.531774 0.518906 0.771919
1 0.511260 0.535255 0.519131 0.766501
1 0.504388 0.534182 0.521420 0.775709
1 0.505142 0.529541 0.518946 0.782326
1 0.516569 0.539767 0.527174 0.753975
1 0.521659 0.538243 0.520022 0.760628
1 0.511642 0.533386 0.520711 0.765229
1 0.502662 0.539443 0.492338 0.773654
1 0.503294 0.535289 0.477508 0.770930
1 0.511504 0.533092 0.498306 0.774839
1 0.513922 0.530030 0.493716 0.771001
1 0.510754 0.531791 0.503601 0.783684
1 0.513286 0.529690 0.496195 0.773263
1 0.511472 0.535678 0.501243 0.768605
1 0.511063 0.529920 0.502158 0.770895
1 0.511478 0.532159 0.513085 0.771900
1 0.512192 0.537055 0.515533 0.764935
1 0.502140 0.533941 0.519367 0.775309
1 0.503776 0.529407 0.513476 0.770990
1 0.523216 0.547803 0.524850 0.756719
1 0.524736 0.542013 0.515805 0.759271
1 0.518144 0.536735 0.520888 0.755119
1 0.504950 0.539066 0.489565 0.744336
1 0.504775 0.532287 0.486178 0.756344
1 0.508972 0.533034 0.500554 0.751029
1 0.510712 0.529715 0.495526 0.753200
1 0.511529 0.530826 0.503015 0.766796
1 0.514637 0.526314 0.492450 0.756813
1 0.509153 0.542685 0.501266 0.745196
1 0.506691 0.535829 0.498555 0.747664
1 0.505802 0.535535 0.507748 0.766161
1 0.507814 0.535731 0.507084 0.756295
1 0.494256 0.538775 0.524774 0.759687
1 0.507947 0.542216 0.508838 0.769435
1 0.527640 0.567780 0.532637 0.748385
1 0.525413 0.560629 0.509608 0.728828
1 0.521891 0.553573 0.519525 0.729541
1 0.505377 0.550530 0.485916 0.738288
1 0.503805 0.546824 0.480626 0.734757
1 0.507903 0.540556 0.496829 0.749320
1 0.505668 0.540880 0.490546 0.740917
1 0.506961 0.538690 0.493935 0.755537
1 0.507221 0.535248 0.490711 0.745334
1 0.508964 0.543541 0.492385 0.741608
1 0.506067 0.537817 0.490022 0.736861
1 0.507199 0.537593 0.502783 0.754223
1 0.509159 0.540607 0.506554 0.755783
1 0.493023 0.545365 0.503690 0.763692
1 0.524489 0.559243 0.508844 0.697073
1 0.525781 0.559457 0.512593 0.692097
1 0.507950 0.565049 0.485652 0.707154
1 0.509189 0.560366 0.476885 0.695152
1 0.509097 0.555746 0.487793 0.721390
1 0.504998 0.556859 0.487938 0.716164
1 0.508608 0.553016 0.485277 0.729240
1 0.507717 0.551915 0.487334 0.723149
1 0.512094 0.552724 0.485000 0.728737
1 0.507516 0.550216 0.485241 0.724373
1 0.508012 0.543304 0.481369 0.727099
1 0.510008 0.542751 0.494504 0.726964
1 0.504081 0.550410 0.492372 0.738360
1 0.524321 0.553356 0.510463 0.714051
1 0.525906 0.542333 0.510171 0.710840
1 0.503166 0.569684 0.483375 0.704141
1 0.512781 0.548952 0.486969 0.716844
1 0.511519 0.555439 0.482217 0.724005
1 0.512710 0.546600 0.484847 0.720010
1 0.511807 0.551111 0.478145 0.730095
1 0.510497 0.543924 0.488531 0.726842
1 0.516576 0.552065 0.478640 0.737198
1 0.506289 0.537311 0.484931 0.740540
1 0.508837 0.541287 0.473712 0.734155
1 0.507998 0.544608 0.486751 0.746444
1 0.521827 0.539960 0.498242 0.742084
1 0.519929 0.541586 0.492987 0.748641
1 0.517317 0.564107 0.466569 0.719813
1 0.513736 0.537838 0.500985 0.745823
1 0.509418 0.530964 0.493357 0.753124