1 0.489365 0.327117 0.262072 0.396445
1 0.491443 0.328406 0.259630 0.391939
1 0.491146 0.329541 0.262222 0.388884
1 0.490657 0.330885 0.264380 0.390570
1 0.490455 0.330453 0.265806 0.388268
1 0.490225 0.331422 0.267760 0.385509
1 0.491795 0.330583 0.263665 0.384108
1 0.491065 0.332162 0.267591 0.390479
1 0.490573 0.331279 0.270051 0.389311
1 0.490322 0.331814 0.268092 0.388392
1 0.491915 0.332842 0.265768 0.386879
1 0.491932 0.332281 0.265116 0.387980
1 0.491332 0.331822 0.269955 0.389403
1 0.489808 0.330959 0.266467 0.391839
1 0.492523 0.333517 0.265415 0.387510
1 0.491640 0.331267 0.265266 0.391366
1 0.491267 0.330702 0.267061 0.392652
1 0.491055 0.331169 0.264511 0.395785
1 0.492227 0.335235 0.266232 0.385073
1 0.490451 0.331583 0.265227 0.386933
1 0.491015 0.332174 0.269133 0.395167
1 0.490146 0.331265 0.264162 0.395783
1 0.492006 0.336203 0.268784 0.386666
1 0.489902 0.331973 0.264443 0.389025
1 0.489662 0.331885 0.269152 0.392374
1 0.490109 0.332264 0.266934 0.392135
1 0.492393 0.334845 0.271605 0.382081
1 0.490362 0.333431 0.268264 0.384595
1 0.489986 0.331438 0.269923 0.390201
1 0.489121 0.333049 0.270862 0.390665
1 0.492966 0.335864 0.272537 0.381447
1 0.489500 0.340870 0.270593 0.382061
1 0.490599 0.335348 0.266846 0.389535
1 0.491256 0.337748 0.266219 0.386352
1 0.493367 0.335244 0.265373 0.393826
1 0.491940 0.332051 0.266337 0.394429
1 0.491154 0.333137 0.267874 0.402972
1 0.491094 0.327662 0.267540 0.394901
1 0.497503 0.335067 0.271183 0.398750
1 0.493584 0.333431 0.263363 0.394328
1 0.492130 0.332829 0.265870 0.398648
1 0.489649 0.333278 0.264682 0.390823
1 0.489789 0.333503 0.266140 0.395513
1 0.495701 0.333577 0.266371 0.388385
1 0.491764 0.331738 0.267765 0.397691
1 0.493140 0.331822 0.264407 0.396206
1 0.489471 0.332378 0.266247 0.390901
1 0.489484 0.333042 0.268085 0.392448
1 0.489539 0.331698 0.269563 0.395745
1 0.493079 0.334171 0.269135 0.392069
1 0.491826 0.330226 0.266828 0.395990
1 0.492745 0.332342 0.265324 0.395864
1 0.489113 0.330965 0.271174 0.397348
1 0.489105 0.331167 0.271618 0.397667
1 0.490047 0.335350 0.270931 0.396946
1 0.489968 0.328320 0.266479 0.395514
1 0.488683 0.331339 0.270782 0.392288
1 0.487741 0.330502 0.271674 0.398702
1 0.492530 0.328937 0.272759 0.399462
1 0.486824 0.334599 0.276291 0.388486