1 0.551205 0.413524 0.381828 0.597335
1 0.557865 0.415902 0.375794 0.598331
1 0.552553 0.411029 0.361193 0.586197
1 0.553021 0.418799 0.367112 0.577728
1 0.553702 0.420426 0.373018 0.579966
1 0.556500 0.418274 0.374260 0.567263
1 0.551945 0.410476 0.371657 0.593007
1 0.555873 0.416065 0.368202 0.573733
1 0.558007 0.415235 0.368566 0.554119
1 0.556600 0.416250 0.370181 0.553493
1 0.556708 0.416639 0.375955 0.551106
1 0.558124 0.418236 0.371620 0.555466
1 0.555275 0.411968 0.372891 0.562419
1 0.557856 0.409283 0.379026 0.554595
1 0.559369 0.408255 0.367297 0.547367
1 0.558123 0.408871 0.378121 0.547838
1 0.560811 0.411532 0.375657 0.535583
1 0.560821 0.412774 0.375561 0.546702
1 0.554457 0.410939 0.375769 0.555753
1 0.559009 0.408367 0.382797 0.547766
1 0.557586 0.409344 0.379436 0.554437
1 0.557160 0.411766 0.377384 0.540617
1 0.561054 0.412794 0.381675 0.547665
1 0.558473 0.408784 0.378873 0.551297
1 0.552575 0.412281 0.380897 0.544216
1 0.559900 0.406845 0.385422 0.544206
1 0.557358 0.408505 0.379086 0.551403
1 0.555807 0.408181 0.378677 0.541503
1 0.558949 0.406843 0.381895 0.543042
1 0.562787 0.406028 0.382728 0.542950
1 0.560307 0.410792 0.387938 0.534261
1 0.561559 0.409823 0.383004 0.549984
1 0.560727 0.410847 0.379850 0.534754
1 0.561798 0.408993 0.385717 0.540664
1 0.566426 0.414659 0.387749 0.533189
1 0.562364 0.414021 0.380276 0.531739
1 0.560416 0.414767 0.378591 0.529425
1 0.566406 0.413278 0.379966 0.536420
1 0.563013 0.431060 0.386277 0.504556