1 0.465450 0.363666 0.238106 0.319543
1 0.467514 0.360559 0.235846 0.317054
1 0.463687 0.362452 0.250648 0.323187
1 0.465054 0.364848 0.246576 0.320103
1 0.465061 0.364093 0.245367 0.316455
1 0.464474 0.363393 0.245368 0.315785
1 0.467432 0.361353 0.237954 0.312397
1 0.466287 0.365464 0.248720 0.315651
1 0.466671 0.364090 0.243040 0.316771
1 0.463675 0.363362 0.243311 0.316793
1 0.464559 0.363666 0.243144 0.316972
1 0.465836 0.363438 0.238565 0.315966
1 0.466787 0.367616 0.247077 0.316615
1 0.466491 0.365870 0.244918 0.325621
1 0.464165 0.363504 0.247375 0.322032
1 0.464815 0.364326 0.238929 0.313972
1 0.466166 0.365958 0.241487 0.313637
1 0.465257 0.366381 0.248045 0.315143
1 0.465306 0.364400 0.243995 0.322243
1 0.464112 0.364359 0.240224 0.317149
1 0.463098 0.363856 0.235485 0.316001
1 0.463334 0.364114 0.236827 0.308290
1 0.469283 0.366957 0.236992 0.301072
1 0.464570 0.363886 0.248356 0.318092
1 0.466272 0.363346 0.243934 0.317393
1 0.464398 0.360640 0.239214 0.319246
1 0.462723 0.360584 0.234887 0.317623
1 0.463305 0.362595 0.239671 0.308677
1 0.469141 0.367066 0.236156 0.299838
1 0.464428 0.363298 0.251859 0.319402
1 0.464916 0.361842 0.243582 0.320008
1 0.464617 0.363090 0.240810 0.317652
1 0.463547 0.362764 0.239318 0.310581
1 0.464674 0.362657 0.240294 0.307482
1 0.460429 0.365376 0.254062 0.315673
1 0.463024 0.362406 0.242281 0.319513
1 0.465593 0.364400 0.240600 0.312158
1 0.462517 0.363545 0.238888 0.312440
1 0.466368 0.366024 0.237379 0.314821
1 0.461389 0.368317 0.241035 0.315452
1 0.466287 0.366875 0.234760 0.311998
1 0.466890 0.368783 0.232750 0.309125
1 0.469884 0.366584 0.248014 0.317278
1 0.462805 0.364146 0.249930 0.321556
1 0.463587 0.360562 0.244798 0.315592
1 0.465596 0.366903 0.248408 0.319392
1 0.467929 0.368113 0.244311 0.319699
1 0.464847 0.366205 0.239226 0.309572
1 0.462021 0.366632 0.242378 0.314005
1 0.468861 0.361240 0.241702 0.320714
1 0.465132 0.366910 0.249992 0.319657
1 0.466041 0.369454 0.241013 0.311495
1 0.466068 0.364958 0.235484 0.312033
1 0.463920 0.363311 0.238944 0.312441
1 0.467376 0.363536 0.242542 0.313196
1 0.465424 0.361607 0.246919 0.312684
1 0.468764 0.362734 0.241571 0.320741
1 0.465567 0.361614 0.242069 0.314637
1 0.467755 0.367393 0.243864 0.313235
1 0.467499 0.369314 0.244039 0.311605