1 0.482367 0.210632 0.112463 0.163462
1 0.480832 0.207674 0.116336 0.166245
1 0.481660 0.211610 0.114742 0.160300
1 0.481182 0.211716 0.114791 0.162444
1 0.480681 0.210742 0.114733 0.160809
1 0.481217 0.211833 0.115438 0.164139
1 0.480697 0.209559 0.114434 0.161797
1 0.482743 0.212011 0.113911 0.158495
1 0.480990 0.209998 0.113432 0.161348
1 0.481190 0.208758 0.113889 0.164506
1 0.482559 0.209755 0.114442 0.160276
1 0.480722 0.209863 0.115468 0.161141
1 0.480114 0.210392 0.115396 0.160458
1 0.481785 0.209691 0.116517 0.163260
1 0.481270 0.209322 0.115370 0.160416
1 0.482542 0.211419 0.117129 0.157260
1 0.480963 0.209980 0.115970 0.160840
1 0.481727 0.209096 0.114721 0.164345
1 0.481644 0.210751 0.118017 0.159682
1 0.480598 0.209159 0.117566 0.160834
1 0.479815 0.209593 0.117699 0.160265
1 0.481113 0.209299 0.116714 0.163331
1 0.480506 0.210526 0.116018 0.162245
1 0.482912 0.211538 0.117635 0.158575
1 0.480483 0.209797 0.116734 0.162636
1 0.482212 0.210064 0.116139 0.162996
1 0.481114 0.210943 0.116947 0.161914