1 0.514318 0.350515 0.285348 0.376359
1 0.514959 0.350503 0.286651 0.377796
1 0.514657 0.352051 0.286642 0.381273
1 0.515788 0.350798 0.291223 0.370652
1 0.514242 0.349946 0.286043 0.376807
1 0.514419 0.352279 0.290791 0.379512
1 0.516095 0.353597 0.290163 0.376975
1 0.513793 0.351662 0.288157 0.383207
1 0.512936 0.350433 0.290952 0.383714
1 0.517080 0.350811 0.282766 0.379493
1 0.513619 0.351632 0.282990 0.382890
1 0.513198 0.350662 0.282864 0.387744
1 0.513924 0.350241 0.281882 0.376781
1 0.514642 0.350156 0.287819 0.387063
1 0.514031 0.350111 0.284484 0.387111
1 0.514230 0.352055 0.284747 0.381241
1 0.514764 0.350542 0.287505 0.388046
1 0.515120 0.350963 0.287714 0.382584
1 0.519118 0.352690 0.285043 0.388730
1 0.516506 0.352906 0.286783 0.385215
1 0.515157 0.350359 0.293290 0.393748
1 0.513984 0.353894 0.290943 0.387447
1 0.516099 0.353091 0.294833 0.381532
1 0.519185 0.351897 0.297604 0.381777
1 0.518239 0.351064 0.295086 0.377830
1 0.517467 0.347764 0.296171 0.385238
1 0.516001 0.352144 0.294512 0.391690
1 0.513364 0.354569 0.293406 0.394802
1 0.515522 0.353159 0.293626 0.386186
1 0.517976 0.352127 0.293794 0.389027
1 0.514635 0.351092 0.292559 0.390577
1 0.516572 0.349742 0.297032 0.384517
1 0.515841 0.356955 0.294906 0.384826
1 0.515253 0.350240 0.290880 0.384743
1 0.515888 0.354455 0.291795 0.384310
1 0.517073 0.355079 0.294724 0.381547
1 0.514395 0.352192 0.295210 0.387177
1 0.516815 0.350738 0.293713 0.386296
1 0.514385 0.351134 0.291137 0.379369
1 0.515965 0.353547 0.296785 0.385644
1 0.515769 0.353455 0.294640 0.387952
1 0.515915 0.352868 0.298191 0.383719
1 0.517549 0.350780 0.291804 0.389300
1 0.515696 0.354803 0.298022 0.389211
1 0.518442 0.356039 0.298847 0.389769
1 0.518533 0.352998 0.298172 0.391662