1 0.391768 0.328279 0.288733 0.371965
1 0.392007 0.323041 0.311014 0.404309
1 0.394831 0.323749 0.305358 0.403794
1 0.396007 0.327036 0.298462 0.383373
1 0.393478 0.323348 0.297007 0.383026
1 0.391670 0.325139 0.300330 0.382209
1 0.393113 0.327337 0.298867 0.387494
1 0.397822 0.328014 0.299508 0.385989
1 0.393945 0.325940 0.296989 0.382156
1 0.395184 0.326844 0.300553 0.388826
1 0.394219 0.322760 0.300263 0.386798
1 0.395246 0.326587 0.301367 0.379801
1 0.396779 0.322111 0.306231 0.386463
1 0.398692 0.325606 0.301126 0.387361
1 0.391096 0.326281 0.305397 0.387814
1 0.393322 0.325887 0.298600 0.386473
1 0.394230 0.325426 0.299050 0.390117
1 0.393852 0.326064 0.301623 0.386233
1 0.394043 0.326207 0.304500 0.386609
1 0.399078 0.327067 0.300675 0.383383
1 0.392930 0.324685 0.300021 0.385058
1 0.394971 0.327104 0.303108 0.392523
1 0.393289 0.324209 0.307532 0.388936
1 0.395053 0.326604 0.303974 0.385316
1 0.390272 0.327632 0.312830 0.387556
1 0.394146 0.326175 0.303149 0.384627
1 0.393682 0.325003 0.300737 0.388278
1 0.395330 0.326760 0.304841 0.390044
1 0.394555 0.324877 0.304227 0.397311
1 0.394377 0.324962 0.313615 0.388129
1 0.395195 0.327696 0.311178 0.390224