1 0.593155 0.234897 0.073092 0.083869
1 0.592461 0.234813 0.073738 0.083230
1 0.592593 0.234944 0.075771 0.084191
1 0.593800 0.235294 0.074566 0.082855
1 0.592307 0.236216 0.075698 0.084395
1 0.592128 0.235818 0.072845 0.083367
1 0.593290 0.235319 0.072423 0.083421
1 0.592656 0.236045 0.071560 0.085056
1 0.591700 0.235106 0.074786 0.092341
1 0.591306 0.232766 0.074029 0.092123
1 0.591994 0.233944 0.076946 0.091154
1 0.591231 0.234979 0.077158 0.092425
1 0.592264 0.234389 0.076709 0.092787
1 0.592074 0.234705 0.076456 0.093068
1 0.591922 0.235931 0.075466 0.089195