1 0.483777 0.370753 0.285611 0.372311
1 0.481597 0.372075 0.288006 0.375235
1 0.481354 0.373210 0.284779 0.372506
1 0.483649 0.372740 0.289670 0.376929
1 0.482771 0.373167 0.287048 0.374941
1 0.482473 0.374760 0.285926 0.375293
1 0.483907 0.370594 0.289083 0.372611
1 0.483044 0.370991 0.286595 0.373943
1 0.481664 0.371307 0.285435 0.374109
1 0.484106 0.370195 0.285028 0.373109
1 0.483608 0.369712 0.284559 0.375874
1 0.482779 0.370855 0.286684 0.371603
1 0.482384 0.369598 0.288199 0.370918
1 0.482266 0.368426 0.287924 0.373101
1 0.481723 0.370241 0.289435 0.371312
1 0.482721 0.370922 0.287723 0.367622
1 0.482958 0.369647 0.286166 0.367204
1 0.482809 0.371717 0.286731 0.368273
1 0.479986 0.368368 0.291285 0.397774
1 0.483059 0.373760 0.289555 0.380767
1 0.483126 0.374613 0.288728 0.376203
1 0.481583 0.373951 0.288151 0.380774
1 0.480741 0.369197 0.295422 0.382660
1 0.485369 0.371156 0.288684 0.380929
1 0.485244 0.372486 0.288650 0.378162
1 0.487767 0.373230 0.286367 0.376672
1 0.482043 0.371263 0.289848 0.378512
1 0.483365 0.371730 0.290538 0.371401
1 0.484893 0.369748 0.296093 0.379293
1 0.480862 0.368824 0.293226 0.384663
1 0.482664 0.370031 0.294792 0.383958
1 0.481191 0.369512 0.288990 0.383129
1 0.481102 0.372010 0.289432 0.378805
1 0.481753 0.370124 0.296214 0.383267
1 0.482820 0.369562 0.294569 0.374107
1 0.480741 0.367735 0.293167 0.380656
1 0.485781 0.371169 0.293950 0.384973
1 0.482423 0.370665 0.293901 0.381394
1 0.485095 0.372077 0.297504 0.380528
1 0.476544 0.368047 0.291788 0.380623
1 0.481831 0.368577 0.294583 0.385385
1 0.484333 0.370649 0.292009 0.383255
1 0.487921 0.373442 0.298319 0.377794