1 0.475960 0.376980 0.253301 0.391236
1 0.476508 0.376150 0.255072 0.394394
1 0.475583 0.381186 0.260722 0.390866
1 0.475981 0.380448 0.261360 0.394586
1 0.478417 0.381869 0.261318 0.397490
1 0.476250 0.379630 0.261200 0.393543
1 0.476940 0.379189 0.264456 0.400908
1 0.478293 0.382225 0.265400 0.396617
1 0.477156 0.378101 0.263391 0.402557
1 0.477167 0.377929 0.265701 0.405374
1 0.479177 0.381037 0.268546 0.403749
1 0.474930 0.379397 0.260856 0.400557
1 0.476383 0.378035 0.265517 0.400317
1 0.476381 0.378869 0.264876 0.400240
1 0.477714 0.381453 0.269721 0.400292
1 0.475428 0.378291 0.256810 0.388096
1 0.476356 0.376818 0.265366 0.392111
1 0.477963 0.377532 0.265201 0.394187
1 0.477711 0.378975 0.270794 0.394396
1 0.474933 0.378335 0.254349 0.386808
1 0.476507 0.375648 0.260121 0.390832
1 0.476645 0.377039 0.262262 0.388974
1 0.478123 0.378657 0.267335 0.392184
1 0.476267 0.377124 0.257343 0.394060
1 0.475594 0.377342 0.258040 0.393297
1 0.478148 0.381191 0.264544 0.394352
1 0.481564 0.381732 0.274139 0.405697
1 0.483820 0.381185 0.266283 0.400315
1 0.485776 0.379088 0.272896 0.405063
1 0.491017 0.378825 0.277366 0.412480
1 0.483965 0.375134 0.276607 0.398138
1 0.480839 0.377392 0.273037 0.393011
1 0.485159 0.381776 0.268371 0.395831
1 0.481105 0.378076 0.270485 0.394490
1 0.485282 0.377307 0.265442 0.391683
1 0.483978 0.376057 0.273160 0.397610
1 0.483426 0.375377 0.270023 0.397376
1 0.483780 0.376157 0.262155 0.396700
1 0.481098 0.375884 0.266503 0.400462
1 0.484255 0.378518 0.261896 0.396315
1 0.493540 0.378325 0.272522 0.403683
1 0.484921 0.373504 0.265471 0.395851
1 0.487343 0.374345 0.265654 0.388352
1 0.486329 0.379014 0.268371 0.394301
1 0.485347 0.380472 0.269725 0.394572
1 0.486085 0.378142 0.258629 0.393112
1 0.482322 0.378684 0.269047 0.390113
1 0.486040 0.380124 0.269407 0.400178
1 0.484989 0.381288 0.268059 0.394047
1 0.492679 0.375835 0.272974 0.397261