1 0.532190 0.210425 0.181703 0.265468
1 0.531144 0.214071 0.179207 0.255180
1 0.530691 0.214866 0.180895 0.257157
1 0.530251 0.213107 0.180625 0.258494
1 0.532264 0.214297 0.178723 0.254532
1 0.532228 0.213204 0.181829 0.254312
1 0.532355 0.213716 0.180910 0.256599
1 0.532255 0.214083 0.181188 0.253651
1 0.532018 0.213868 0.178232 0.257574
1 0.531267 0.212765 0.185635 0.255140
1 0.532709 0.214242 0.181195 0.253972
1 0.531740 0.214056 0.181127 0.255227
1 0.530838 0.213912 0.181733 0.256974
1 0.532168 0.214036 0.182025 0.255601
1 0.530528 0.213879 0.180264 0.255697
1 0.532448 0.214200 0.183885 0.253554
1 0.532303 0.213907 0.182546 0.257318
1 0.531735 0.214661 0.183357 0.258908
1 0.530976 0.214823 0.182849 0.259809
1 0.531869 0.215824 0.183464 0.257361
1 0.530816 0.213196 0.182377 0.258171
1 0.532211 0.215322 0.186547 0.256280
1 0.532097 0.215019 0.183391 0.257689
1 0.532183 0.216966 0.183161 0.258711
1 0.531831 0.216065 0.183580 0.257708
1 0.532282 0.214204 0.183999 0.253159
1 0.531478 0.212398 0.184484 0.259640
1 0.532837 0.214469 0.185200 0.261233
1 0.532672 0.215533 0.185409 0.260398
1 0.532035 0.216086 0.183361 0.255790
1 0.531346 0.214315 0.186943 0.257034
1 0.532490 0.214854 0.182902 0.261551
1 0.532797 0.219453 0.184917 0.256919
1 0.532548 0.215654 0.185347 0.260547
1 0.531769 0.214691 0.184300 0.258724
1 0.531591 0.214993 0.183130 0.255679
1 0.532507 0.216701 0.183892 0.256971