1 0.573011 0.343943 0.205332 0.284208
1 0.571661 0.347766 0.202507 0.275703
1 0.572103 0.347439 0.203912 0.280182
1 0.574019 0.342666 0.208151 0.286554
1 0.571340 0.343663 0.206572 0.285990
1 0.573361 0.346418 0.205020 0.278870
1 0.571362 0.346459 0.205721 0.280458
1 0.572689 0.346885 0.208743 0.282242
1 0.571837 0.346804 0.206762 0.282750
1 0.571906 0.348065 0.204805 0.282640
1 0.572361 0.346295 0.206211 0.282840
1 0.572419 0.347274 0.205290 0.282522
1 0.571391 0.347628 0.204715 0.285262
1 0.572010 0.347980 0.208947 0.285609
1 0.572176 0.347715 0.206064 0.280542
1 0.572515 0.346773 0.204787 0.281744
1 0.571889 0.345138 0.206272 0.282901
1 0.571093 0.347370 0.204274 0.283395
1 0.571437 0.347645 0.206363 0.289065
1 0.572229 0.347334 0.210945 0.285824
1 0.571810 0.347142 0.205598 0.281058
1 0.571354 0.345410 0.206949 0.283117
1 0.571565 0.344662 0.207380 0.282626
1 0.571638 0.346211 0.206241 0.286492
1 0.571644 0.346828 0.210590 0.290509
1 0.571885 0.347212 0.211318 0.286488
1 0.571680 0.346036 0.207144 0.281646
1 0.570127 0.345760 0.208946 0.287163
1 0.570852 0.345683 0.209355 0.285189
1 0.570701 0.345797 0.208827 0.283835
1 0.571336 0.347851 0.210559 0.286910
1 0.571737 0.347359 0.211508 0.284908
1 0.572601 0.347375 0.209757 0.282233
1 0.571072 0.343740 0.212181 0.286065
1 0.570496 0.345732 0.212422 0.289437
1 0.571570 0.346105 0.211141 0.286165
1 0.570831 0.348074 0.214146 0.286976
1 0.571050 0.344742 0.212270 0.288697
1 0.572440 0.345942 0.210877 0.286713
1 0.570973 0.349101 0.208881 0.288812
1 0.572726 0.348402 0.212469 0.283472
1 0.571155 0.346828 0.211457 0.284233
1 0.573755 0.343421 0.213135 0.284828
1 0.568961 0.345859 0.211225 0.288807
1 0.572076 0.347360 0.211956 0.283876
1 0.571605 0.346927 0.213047 0.282427
1 0.570956 0.347489 0.213620 0.284507