1 0.382922 0.253685 0.271638 0.376405
1 0.384244 0.253810 0.272370 0.378198
1 0.381295 0.254503 0.269912 0.364378
1 0.383458 0.254808 0.276186 0.364417
1 0.381633 0.253048 0.277736 0.363162
1 0.383105 0.251597 0.279249 0.362674
1 0.382497 0.257474 0.276753 0.371412
1 0.381780 0.254439 0.283199 0.374877
1 0.381955 0.252458 0.285027 0.383310
1 0.382126 0.252785 0.282177 0.372926
1 0.380013 0.256981 0.276980 0.367518
1 0.380275 0.252155 0.284897 0.374724
1 0.383118 0.251529 0.287188 0.381953
1 0.382297 0.254488 0.280872 0.381798
1 0.380559 0.257201 0.279338 0.365540
1 0.378746 0.253880 0.283578 0.376928
1 0.382880 0.252790 0.284041 0.382942
1 0.381448 0.254692 0.286453 0.383125
1 0.381180 0.257775 0.279759 0.370477
1 0.378152 0.255393 0.276972 0.375438
1 0.380712 0.252985 0.279421 0.379731
1 0.381150 0.253817 0.285444 0.378882
1 0.381836 0.259782 0.276643 0.363101
1 0.379987 0.255741 0.271606 0.375435
1 0.379696 0.254814 0.278364 0.377332
1 0.380612 0.256267 0.281405 0.376048
1 0.381518 0.261398 0.276596 0.365201
1 0.380620 0.259337 0.270114 0.369415
1 0.380482 0.259541 0.276661 0.366495
1 0.380571 0.261788 0.280604 0.369184
1 0.382709 0.248263 0.296087 0.388713
1 0.387107 0.249655 0.291703 0.376049
1 0.389897 0.250792 0.284664 0.380799
1 0.384293 0.251267 0.292125 0.389963
1 0.389334 0.253810 0.284865 0.376882
1 0.390001 0.251976 0.284200 0.378115
1 0.386770 0.254443 0.282389 0.374323
1 0.389437 0.254182 0.276908 0.381938
1 0.382230 0.254852 0.289197 0.383533
1 0.386011 0.257087 0.289083 0.379003
1 0.386672 0.252810 0.284837 0.381245
1 0.387891 0.255947 0.283545 0.380184
1 0.384900 0.252000 0.280382 0.377791
1 0.391298 0.246541 0.286806 0.389768
1 0.384133 0.256448 0.286332 0.371013
1 0.386087 0.254846 0.283179 0.373317
1 0.388737 0.254799 0.283371 0.377256
1 0.388246 0.254647 0.282991 0.381349
1 0.386437 0.250997 0.282709 0.385441
1 0.389223 0.248231 0.287717 0.392616
1 0.385312 0.254574 0.285768 0.371809
1 0.386611 0.252202 0.282183 0.380805
1 0.386385 0.255821 0.291492 0.386825
1 0.386461 0.256576 0.283431 0.373644
1 0.388351 0.253488 0.279612 0.379541
1 0.381713 0.250962 0.281166 0.385427
1 0.386037 0.255897 0.285228 0.385125
1 0.390917 0.255820 0.279536 0.378992