1 0.478547 0.330299 0.264418 0.362616
1 0.478435 0.331332 0.262380 0.361795
1 0.479897 0.329795 0.263845 0.366581
1 0.479595 0.330144 0.260928 0.352400
1 0.479694 0.329630 0.260705 0.349902
1 0.478214 0.329269 0.261567 0.353441
1 0.479673 0.329396 0.262671 0.350247
1 0.483448 0.328878 0.262533 0.351202
1 0.480612 0.330556 0.263829 0.349677
1 0.478649 0.327159 0.261752 0.352121
1 0.479648 0.327686 0.265245 0.353094
1 0.479927 0.329274 0.262246 0.352203
1 0.481124 0.331446 0.261569 0.344352
1 0.480013 0.329269 0.261683 0.350372
1 0.479242 0.327850 0.265023 0.356413
1 0.481517 0.327383 0.267646 0.355836
1 0.480276 0.328146 0.266660 0.357009
1 0.481874 0.330695 0.263414 0.348920
1 0.478596 0.329468 0.260476 0.353108
1 0.479393 0.329109 0.267498 0.358418
1 0.481123 0.326915 0.267289 0.355342
1 0.480852 0.327595 0.268091 0.357272
1 0.483670 0.329235 0.262961 0.350145
1 0.479202 0.328816 0.260210 0.352848
1 0.480336 0.328849 0.269576 0.357647
1 0.479747 0.327436 0.266164 0.357828
1 0.480100 0.328345 0.270587 0.359358
1 0.483635 0.328915 0.266656 0.349889
1 0.477803 0.329434 0.260431 0.358124
1 0.480749 0.328656 0.268128 0.359058
1 0.480388 0.326659 0.266761 0.362165
1 0.480202 0.327317 0.268963 0.362047
1 0.482623 0.330692 0.269364 0.352906
1 0.477794 0.331225 0.265135 0.357591
1 0.479332 0.328357 0.268748 0.361451
1 0.478275 0.327544 0.268150 0.363722
1 0.480060 0.328894 0.271785 0.366979
1 0.483187 0.332266 0.267574 0.351625
1 0.480689 0.329448 0.264371 0.354947
1 0.480051 0.330528 0.267160 0.351081
1 0.481010 0.329459 0.261454 0.358835
1 0.483209 0.331171 0.264275 0.351245
1 0.483420 0.332600 0.265154 0.349833
1 0.482433 0.332812 0.268132 0.347505
1 0.483967 0.330971 0.267223 0.348393
1 0.479226 0.332562 0.264466 0.355943
1 0.478125 0.328514 0.268452 0.351230
1 0.480232 0.330771 0.260870 0.348444
1 0.480617 0.331094 0.262868 0.350094
1 0.481505 0.329886 0.266316 0.350569
1 0.480482 0.328599 0.273545 0.362163
1 0.479774 0.330277 0.262561 0.348600
1 0.481908 0.329758 0.262719 0.356434
1 0.483835 0.332971 0.260251 0.350637
1 0.479144 0.331802 0.266956 0.352079
1 0.479862 0.329902 0.264233 0.351451
1 0.480137 0.338263 0.269987 0.343565
1 0.481087 0.332739 0.270067 0.350413
1 0.481481 0.333415 0.261165 0.352700
1 0.479089 0.334569 0.263964 0.353955
1 0.480962 0.333852 0.262615 0.347980