1 0.393051 0.315471 0.276713 0.371036
1 0.396237 0.315992 0.279098 0.371805
1 0.395212 0.317122 0.271356 0.363410
1 0.397960 0.316071 0.276166 0.361976
1 0.395628 0.316631 0.278110 0.367689
1 0.397110 0.315459 0.283339 0.372748
1 0.395836 0.317478 0.274782 0.364121
1 0.396397 0.320383 0.280121 0.358592
1 0.396002 0.319740 0.280827 0.377655
1 0.397356 0.317909 0.283113 0.379636
1 0.398115 0.318030 0.282829 0.372795
1 0.397850 0.321399 0.289458 0.367425
1 0.395602 0.320333 0.281551 0.378623
1 0.398899 0.319040 0.283108 0.381767
1 0.397729 0.317061 0.283394 0.377301
1 0.398226 0.319668 0.290955 0.374974
1 0.396500 0.320251 0.282324 0.376416
1 0.399441 0.319394 0.283120 0.378614
1 0.399024 0.319297 0.285484 0.376594
1 0.398365 0.320406 0.287269 0.371634
1 0.397491 0.318877 0.281026 0.370232
1 0.399492 0.319483 0.282419 0.372552
1 0.399184 0.319422 0.284790 0.369217
1 0.399544 0.320529 0.288807 0.368645
1 0.397403 0.319691 0.281168 0.369990
1 0.399157 0.318411 0.279947 0.369206
1 0.399428 0.318183 0.282149 0.367823
1 0.400483 0.319786 0.287656 0.367675
1 0.399050 0.322828 0.276676 0.366549
1 0.400917 0.309676 0.280827 0.388664
1 0.396374 0.310790 0.279907 0.379081
1 0.399059 0.317012 0.281061 0.371942
1 0.399091 0.315538 0.279273 0.371685
1 0.399127 0.317315 0.280827 0.365190
1 0.399501 0.317910 0.283414 0.366026
1 0.402307 0.314315 0.273504 0.372996
1 0.401242 0.319098 0.277833 0.368648
1 0.397132 0.320688 0.280537 0.369550
1 0.401091 0.318191 0.283907 0.366966
1 0.399374 0.318868 0.283677 0.365738
1 0.400612 0.319489 0.290497 0.370112
1 0.402137 0.319145 0.281839 0.374577
1 0.398423 0.319383 0.286349 0.369920
1 0.399005 0.316822 0.282041 0.374853
1 0.399975 0.316841 0.287135 0.373491
1 0.399583 0.316592 0.284952 0.374173
1 0.400164 0.320973 0.287366 0.371012
1 0.402581 0.321168 0.278852 0.365551
1 0.398177 0.317079 0.281892 0.368771
1 0.402554 0.316214 0.281256 0.367984
1 0.399278 0.318288 0.290277 0.371683
1 0.398475 0.319691 0.287897 0.367343
1 0.400976 0.323523 0.290464 0.371247
1 0.400497 0.319748 0.283432 0.370722
1 0.403582 0.319925 0.280546 0.368442
1 0.402732 0.322448 0.286542 0.373664
1 0.400184 0.321447 0.288487 0.374325