1 0.973037 0.457224 0.014954 0.021020
1 0.451715 0.271715 0.171186 0.222620
1 0.453977 0.273159 0.171079 0.222875
1 0.452592 0.274092 0.169056 0.225706
1 0.452799 0.274955 0.167381 0.218275
1 0.453180 0.274762 0.169616 0.216279
1 0.453796 0.275367 0.165531 0.222667
1 0.451566 0.270777 0.171213 0.226538
1 0.453111 0.275315 0.168959 0.219214
1 0.453658 0.274751 0.167746 0.218367
1 0.453766 0.274000 0.169490 0.219357
1 0.453316 0.274487 0.169461 0.217965
1 0.452863 0.272879 0.169478 0.221921
1 0.453456 0.274066 0.169464 0.222603
1 0.453886 0.273103 0.169744 0.220110
1 0.454029 0.273661 0.169864 0.217093
1 0.453725 0.274081 0.170365 0.218308
1 0.453623 0.273705 0.170017 0.218417
1 0.452825 0.274088 0.169505 0.221617
1 0.454136 0.273998 0.169794 0.218996
1 0.454153 0.273077 0.168696 0.217955
1 0.453491 0.274298 0.169211 0.218680
1 0.453925 0.273259 0.168202 0.217048
1 0.454204 0.274110 0.169738 0.217942
1 0.453807 0.273065 0.167898 0.221677
1 0.452561 0.275297 0.173255 0.214000
1 0.453632 0.274481 0.169702 0.219822
1 0.453423 0.274136 0.171720 0.221746
1 0.453521 0.273527 0.171160 0.221231
1 0.453184 0.274773 0.171183 0.221366
1 0.454180 0.274882 0.172205 0.221171
1 0.453453 0.275800 0.173497 0.220302
1 0.453654 0.274302 0.171105 0.221024
1 0.454053 0.274613 0.170877 0.221649
1 0.453164 0.275033 0.170388 0.219977
1 0.452405 0.278008 0.175833 0.219793
1 0.453731 0.277964 0.176772 0.222931