1 0.483713 0.274486 0.204084 0.268154
1 0.484114 0.274523 0.203905 0.265617
1 0.484672 0.271388 0.204455 0.269070
1 0.483194 0.270966 0.202474 0.271126
1 0.483955 0.272298 0.199228 0.266130
1 0.484897 0.272305 0.203359 0.266409
1 0.484672 0.272977 0.202322 0.267346
1 0.484729 0.270995 0.199795 0.269317
1 0.483805 0.270717 0.207177 0.270606
1 0.484448 0.273285 0.202856 0.271044
1 0.484240 0.274038 0.203665 0.269713
1 0.485540 0.272876 0.201794 0.269990
1 0.484596 0.273740 0.204143 0.271325
1 0.483590 0.273461 0.201802 0.270561
1 0.484491 0.273984 0.206171 0.266019
1 0.484809 0.273847 0.202667 0.270965
1 0.484595 0.274333 0.203457 0.269004
1 0.484186 0.273909 0.203775 0.271831
1 0.483798 0.273911 0.203552 0.268881
1 0.482947 0.273426 0.202869 0.271196
1 0.486618 0.275597 0.208688 0.268665
1 0.483920 0.274457 0.203743 0.271629
1 0.484735 0.273595 0.200181 0.273267
1 0.485748 0.273204 0.203032 0.270826
1 0.484984 0.273037 0.201942 0.269448
1 0.483770 0.274838 0.204714 0.267373
1 0.483442 0.274350 0.202488 0.270718
1 0.486536 0.277074 0.204586 0.261881
1 0.482674 0.274919 0.204331 0.267295
1 0.484905 0.272111 0.200193 0.274066
1 0.485130 0.273098 0.201177 0.272150
1 0.485063 0.273510 0.204590 0.267546
1 0.484502 0.276048 0.204430 0.270250
1 0.483672 0.275504 0.201121 0.270897
1 0.484750 0.273141 0.202987 0.272053
1 0.484967 0.273069 0.203579 0.270830
1 0.485197 0.274046 0.204643 0.268218
1 0.484064 0.275012 0.205453 0.270544
1 0.485262 0.277358 0.202473 0.269366
1 0.483904 0.275925 0.206648 0.273085
1 0.484490 0.276036 0.206897 0.269551
1 0.484992 0.278145 0.204773 0.267975