1 0.025688 0.136681 0.049131 0.096396
1 0.025350 0.136162 0.051508 0.096886
1 0.618976 0.139262 0.063885 0.089632
1 0.025707 0.134118 0.049026 0.093717
1 0.026068 0.134381 0.049607 0.097293
1 0.617911 0.140312 0.064837 0.087790
1 0.619338 0.139449 0.065023 0.087605
1 0.619415 0.139910 0.065970 0.088908
1 0.026036 0.134995 0.049776 0.094120
1 0.027037 0.134609 0.049172 0.096162
1 0.618635 0.139651 0.064731 0.088044
1 0.619308 0.139022 0.063447 0.089401
1 0.619536 0.138845 0.065190 0.088929
1 0.832848 0.163493 0.066409 0.092969
1 0.833705 0.163222 0.066935 0.094675
1 0.026468 0.134583 0.050319 0.093413
1 0.026739 0.134563 0.050501 0.097636
1 0.619185 0.139147 0.064212 0.086869
1 0.619229 0.138187 0.065169 0.089099
1 0.620109 0.139276 0.065478 0.089878
1 0.831714 0.163862 0.065131 0.089486
1 0.833013 0.162358 0.065726 0.089461
1 0.833339 0.163281 0.063479 0.088963
1 0.833439 0.162654 0.064685 0.090931
1 0.833912 0.162835 0.063697 0.091691
1 0.833039 0.162307 0.065191 0.089773
1 0.834857 0.163180 0.063631 0.091775
1 0.372792 0.119858 0.075620 0.107744
1 0.372943 0.118477 0.076271 0.107366
1 0.025906 0.133661 0.053314 0.095697
1 0.026127 0.134520 0.050861 0.093580
1 0.372221 0.119309 0.077522 0.106554
1 0.372815 0.119587 0.075332 0.104300
1 0.372439 0.119550 0.074482 0.104244
1 0.619577 0.138644 0.064048 0.087524
1 0.619927 0.138596 0.064716 0.090729
1 0.025976 0.136123 0.050439 0.089940
1 0.028042 0.134719 0.050269 0.089970
1 0.371896 0.119390 0.074782 0.106086
1 0.372290 0.118906 0.075570 0.104538
1 0.618542 0.138456 0.066792 0.086864
1 0.620057 0.137674 0.064078 0.086337
1 0.620358 0.138460 0.064167 0.085934
1 0.833683 0.162643 0.065909 0.095196
1 0.834216 0.163669 0.066313 0.093560
1 0.619317 0.139720 0.064922 0.087066
1 0.619377 0.138317 0.065721 0.086066
1 0.833890 0.164220 0.066813 0.093867
1 0.833128 0.163342 0.065739 0.094047
1 0.834216 0.163155 0.066283 0.093704
1 0.833170 0.164108 0.066981 0.092028
1 0.833491 0.164298 0.066328 0.094397