1 0.494514 0.281253 0.193602 0.277053
1 0.497140 0.279857 0.196600 0.281811
1 0.496823 0.281108 0.192563 0.270592
1 0.495165 0.280477 0.192750 0.268968
1 0.494438 0.281025 0.193691 0.264268
1 0.497550 0.280169 0.193134 0.270114
1 0.491973 0.279298 0.192652 0.270841
1 0.495141 0.278601 0.192537 0.267347
1 0.494383 0.278919 0.192036 0.270733
1 0.494433 0.278267 0.193868 0.271331
1 0.494511 0.279115 0.191936 0.270634
1 0.498138 0.281025 0.199006 0.276730
1 0.492559 0.280361 0.191966 0.268822
1 0.493302 0.279941 0.192612 0.270957
1 0.493249 0.279875 0.192577 0.278618
1 0.492926 0.280406 0.190714 0.270647
1 0.493247 0.279071 0.194729 0.275478
1 0.496035 0.281965 0.199362 0.273990
1 0.492849 0.280812 0.192056 0.270845
1 0.494093 0.279712 0.191122 0.272157
1 0.493856 0.280185 0.190221 0.276760
1 0.492857 0.279314 0.189271 0.272766
1 0.492778 0.279239 0.194240 0.274606
1 0.496470 0.281876 0.194705 0.275139
1 0.491918 0.281270 0.190916 0.274698
1 0.492987 0.279640 0.190364 0.273919
1 0.492727 0.279158 0.193237 0.272400
1 0.493544 0.280901 0.191933 0.271048
1 0.492137 0.281296 0.193269 0.272788
1 0.495717 0.283371 0.195093 0.276193
1 0.491701 0.283823 0.194022 0.271646
1 0.493158 0.279841 0.189779 0.273008
1 0.494032 0.279691 0.195131 0.273111
1 0.493511 0.280408 0.194380 0.275440
1 0.492318 0.281885 0.194153 0.275719
1 0.491630 0.283866 0.193731 0.277952
1 0.493777 0.282949 0.195054 0.274029
1 0.493262 0.283589 0.195245 0.278653
1 0.492038 0.286537 0.193990 0.274575
1 0.525015 0.731706 0.075137 0.108926
1 0.524606 0.730598 0.076867 0.108056
1 0.523892 0.731946 0.077713 0.106424
1 0.523551 0.731283 0.075737 0.106956
1 0.524677 0.730950 0.076423 0.107160
1 0.525811 0.731593 0.077627 0.107839
1 0.524329 0.731278 0.075782 0.105559
1 0.524409 0.730918 0.075765 0.106034