1 0.486219 0.366399 0.303788 0.477186
1 0.488545 0.369048 0.299909 0.474521
1 0.491962 0.372504 0.307061 0.477787
1 0.493158 0.357848 0.309752 0.482319
1 0.485254 0.363039 0.298171 0.484192
1 0.488760 0.371019 0.303217 0.478043
1 0.493536 0.369844 0.300928 0.477737
1 0.492753 0.369184 0.306936 0.476949
1 0.493429 0.370936 0.305371 0.478985
1 0.489336 0.366083 0.300720 0.465355
1 0.490215 0.364966 0.303641 0.476035
1 0.495046 0.366528 0.300664 0.475491
1 0.494450 0.366936 0.307150 0.468367
1 0.492181 0.367735 0.303415 0.469213
1 0.491734 0.368747 0.306165 0.468476
1 0.491834 0.365539 0.297603 0.458051
1 0.489414 0.366183 0.303644 0.469083
1 0.493740 0.364776 0.303661 0.474081
1 0.489923 0.366808 0.305714 0.464973
1 0.492171 0.365823 0.306986 0.469591
1 0.491098 0.366839 0.306989 0.465171
1 0.488957 0.366103 0.302427 0.464366
1 0.488381 0.366406 0.305953 0.470774
1 0.493365 0.368220 0.307014 0.466549
1 0.490171 0.366775 0.306775 0.465417
1 0.491830 0.367607 0.312605 0.468323
1 0.494031 0.367155 0.314324 0.469497
1 0.486924 0.364962 0.309169 0.466080
1 0.492144 0.369340 0.313953 0.465241
1 0.489430 0.365979 0.309907 0.467527
1 0.493085 0.366404 0.311275 0.466817
1 0.487893 0.377097 0.309558 0.444238
1 0.493332 0.370887 0.311561 0.457032
1 0.492778 0.368593 0.309626 0.459235