1 0.850724 0.574718 0.236617 0.341108
1 0.852216 0.577909 0.238372 0.331900
1 0.850610 0.578304 0.240597 0.334853
1 0.852348 0.576206 0.241144 0.338183
1 0.852518 0.576466 0.236728 0.333685
1 0.851683 0.575668 0.237167 0.328643
1 0.851569 0.576032 0.244130 0.328475
1 0.851025 0.576711 0.238852 0.326827
1 0.855419 0.575970 0.238654 0.325525
1 0.853155 0.576137 0.237532 0.333309
1 0.852595 0.574872 0.236293 0.326693
1 0.851946 0.574847 0.239453 0.328175
1 0.851605 0.576887 0.239141 0.327453
1 0.853416 0.577917 0.238288 0.322671
1 0.848534 0.578171 0.240266 0.322978
1 0.851950 0.575034 0.237525 0.335660
1 0.852797 0.574968 0.237488 0.334954
1 0.851823 0.573842 0.239318 0.333726
1 0.851314 0.573635 0.241892 0.331834
1 0.853446 0.576384 0.236780 0.321524
1 0.849658 0.577979 0.238169 0.323037
1 0.852044 0.574261 0.239823 0.331485
1 0.852920 0.574517 0.241351 0.332033
1 0.850710 0.574918 0.240533 0.334544
1 0.851607 0.574669 0.240920 0.329368
1 0.853592 0.574730 0.237542 0.318754
1 0.850945 0.577848 0.239415 0.323205
1 0.852091 0.574697 0.237803 0.336507
1 0.853056 0.573501 0.238840 0.335540
1 0.851311 0.574117 0.241116 0.333657
1 0.852414 0.573344 0.240332 0.332127
1 0.853815 0.575722 0.237751 0.322377
1 0.850858 0.572457 0.239509 0.341726
1 0.852071 0.572138 0.241461 0.338099
1 0.851799 0.573503 0.239712 0.336449
1 0.852879 0.574430 0.240778 0.337295
1 0.854337 0.577980 0.239454 0.326579
1 0.849857 0.575490 0.243430 0.341742
1 0.852083 0.569989 0.242289 0.342987
1 0.851652 0.571038 0.240412 0.340657
1 0.853596 0.574744 0.244239 0.340002
1 0.450902 0.477882 0.372526 0.600903
1 0.455166 0.480507 0.375556 0.606134
1 0.449435 0.474032 0.377512 0.584924
1 0.456614 0.485741 0.372210 0.576706
1 0.456877 0.491122 0.375720 0.595046
1 0.458246 0.484342 0.370167 0.606527
1 0.456160 0.479207 0.376906 0.568168
1 0.458001 0.482035 0.371375 0.567613
1 0.459365 0.482282 0.375147 0.576220
1 0.460168 0.480518 0.379299 0.578276
1 0.459968 0.478948 0.366177 0.573623
1 0.451192 0.479554 0.384038 0.569168
1 0.455831 0.487008 0.380507 0.574430
1 0.457034 0.486602 0.377592 0.584712
1 0.460299 0.488283 0.378487 0.591106
1 0.461916 0.487162 0.384702 0.586346
1 0.462697 0.487775 0.378052 0.580261
1 0.456771 0.477781 0.393404 0.612753
1 0.455810 0.481647 0.394730 0.610480
1 0.453052 0.485262 0.381645 0.580886
1 0.455375 0.488760 0.382035 0.586157
1 0.450955 0.481967 0.387954 0.601434
1 0.455049 0.490529 0.377675 0.590011
1 0.454875 0.487234 0.398829 0.620103
1 0.457176 0.490630 0.379176 0.587016
1 0.460783 0.490813 0.383850 0.590573
1 0.461236 0.486414 0.395832 0.601468
1 0.458603 0.486644 0.377659 0.585761
1 0.449920 0.481759 0.379687 0.606958
1 0.851170 0.572891 0.242790 0.342453
1 0.853918 0.577949 0.248370 0.332798
1 0.854662 0.576772 0.240417 0.334222
1 0.853709 0.574646 0.244420 0.327493
1 0.464408 0.478257 0.394465 0.607189
1 0.455582 0.488732 0.385421 0.586833
1 0.456715 0.481054 0.381390 0.593225
1 0.454516 0.486325 0.379625 0.589696
1 0.445680 0.482752 0.386613 0.593003
1 0.455657 0.491088 0.378071 0.583667
1 0.455179 0.487886 0.398727 0.607082
1 0.453068 0.487906 0.377567 0.583617
1 0.461801 0.485554 0.388620 0.590972
1 0.456367 0.484986 0.381294 0.582710
1 0.456771 0.486789 0.375733 0.584936
1 0.452525 0.483712 0.391643 0.602716
1 0.447345 0.483900 0.385514 0.629812
1 0.856417 0.584105 0.246174 0.336687
1 0.853796 0.576164 0.241288 0.330288
1 0.852169 0.579423 0.233778 0.329008
1 0.852947 0.578648 0.237991 0.325116
1 0.459275 0.475728 0.387932 0.588954
1 0.453601 0.480964 0.380827 0.606252
1 0.453956 0.484062 0.377359 0.602884
1 0.451461 0.482595 0.374228 0.592678
1 0.455558 0.479684 0.382995 0.597135
1 0.453493 0.479383 0.395371 0.609561
1 0.461153 0.481931 0.378347 0.589724
1 0.457555 0.476932 0.397418 0.617025
1 0.862290 0.577594 0.239251 0.366897
1 0.857161 0.576772 0.241197 0.333906
1 0.852139 0.575741 0.238781 0.333959
1 0.850263 0.577013 0.236426 0.327817
1 0.852875 0.575412 0.236189 0.327322
1 0.850773 0.578188 0.230089 0.332253
1 0.450074 0.479133 0.395180 0.615314
1 0.452876 0.472369 0.381549 0.624602
1 0.451992 0.471139 0.380701 0.623845
1 0.456516 0.479171 0.377031 0.609877
1 0.855764 0.575104 0.242377 0.332381
1 0.852446 0.576900 0.233531 0.331036
1 0.851908 0.579023 0.233067 0.323638
1 0.851620 0.575845 0.240314 0.329171
1 0.449280 0.483312 0.388564 0.601564
1 0.454757 0.476475 0.384927 0.611000
1 0.852685 0.582767 0.241055 0.326590
1 0.853967 0.580797 0.241985 0.337032
1 0.851420 0.583444 0.240129 0.332313
1 0.851259 0.581717 0.245844 0.330414