1 0.696270 0.354049 0.283425 0.413279
1 0.699635 0.362211 0.285766 0.403356
1 0.700220 0.364818 0.286017 0.406038
1 0.698180 0.361678 0.283694 0.404911
1 0.698757 0.357852 0.291679 0.406719
1 0.700042 0.360719 0.288892 0.398113
1 0.699715 0.362835 0.288705 0.400902
1 0.703298 0.358936 0.282206 0.403984
1 0.700059 0.360845 0.285449 0.405171
1 0.701647 0.361003 0.288865 0.407096
1 0.701132 0.361412 0.291342 0.403033
1 0.701517 0.360963 0.286666 0.403461
1 0.700476 0.362589 0.292835 0.399516
1 0.702178 0.362473 0.282468 0.394867
1 0.699769 0.357011 0.288945 0.403293
1 0.700270 0.359921 0.288859 0.403239
1 0.701826 0.362212 0.287202 0.403161
1 0.700631 0.361258 0.293114 0.409167
1 0.701117 0.360401 0.295222 0.401508
1 0.698553 0.361819 0.283225 0.397173
1 0.698466 0.362310 0.288318 0.401090
1 0.703468 0.360913 0.288853 0.408375
1 0.703889 0.361157 0.292893 0.401712
1 0.704608 0.362615 0.296991 0.403557
1 0.701689 0.363527 0.297767 0.409409
1 0.697707 0.361307 0.290757 0.401098
1 0.700605 0.361080 0.290785 0.411328
1 0.704133 0.359079 0.289702 0.408614
1 0.705260 0.360891 0.293380 0.410536