1 0.493197 0.497750 0.610045 0.922952
1 0.499874 0.496297 0.634944 0.927685
1 0.508790 0.496495 0.622749 0.919390
1 0.512358 0.493624 0.611588 0.900064
1 0.499038 0.488048 0.610959 0.916553
1 0.497464 0.490935 0.615733 0.907372
1 0.507847 0.487790 0.628711 0.906411
1 0.506524 0.490390 0.608847 0.900777
1 0.505556 0.490217 0.600545 0.890568
1 0.509322 0.486734 0.602782 0.887164
1 0.493542 0.486596 0.621747 0.904356
1 0.494523 0.488924 0.615928 0.907460
1 0.500044 0.487884 0.622038 0.897491
1 0.506122 0.492565 0.623492 0.886408
1 0.508922 0.487798 0.612396 0.885350
1 0.502390 0.491532 0.600033 0.868791
1 0.508820 0.490753 0.604228 0.877366
1 0.512596 0.485230 0.626589 0.880532
1 0.487850 0.478429 0.624976 0.914904
1 0.490974 0.490846 0.627093 0.909972
1 0.493210 0.492716 0.631875 0.918225
1 0.500649 0.489575 0.629505 0.910095
1 0.505839 0.493584 0.628955 0.905237
1 0.506603 0.489048 0.620715 0.911304
1 0.502777 0.486545 0.624432 0.901220
1 0.509613 0.484317 0.618038 0.888933
1 0.507772 0.482462 0.621961 0.871180
1 0.514942 0.480948 0.618318 0.854813
1 0.476136 0.476139 0.633443 0.905762
1 0.484862 0.486122 0.639309 0.907123
1 0.484415 0.479969 0.623494 0.899650
1 0.491037 0.483983 0.636288 0.896928
1 0.498129 0.480871 0.639080 0.884782
1 0.505871 0.482891 0.637741 0.891962
1 0.503297 0.485214 0.632579 0.894990
1 0.502603 0.481903 0.639024 0.892970
1 0.506399 0.481196 0.626605 0.870242
1 0.508619 0.480240 0.613502 0.851062
1 0.510671 0.485172 0.622393 0.849989
1 0.521409 0.488649 0.618212 0.845467
1 0.483318 0.478572 0.629444 0.898792
1 0.487400 0.481215 0.639772 0.903447
1 0.490389 0.476371 0.641063 0.907572
1 0.497897 0.477501 0.647907 0.902365
1 0.499987 0.473071 0.642813 0.894035
1 0.503525 0.474106 0.648710 0.895526
1 0.496657 0.474351 0.639792 0.902650
1 0.497821 0.483668 0.633886 0.902879
1 0.500733 0.478045 0.640241 0.887129
1 0.512843 0.477910 0.617048 0.870327
1 0.512627 0.479054 0.626981 0.862278
1 0.516463 0.483239 0.619921 0.853620
1 0.472349 0.490520 0.634976 0.884526
1 0.484594 0.484189 0.628595 0.886238
1 0.490904 0.478721 0.634372 0.894840
1 0.495009 0.472820 0.631534 0.903023
1 0.499771 0.476142 0.644146 0.896608
1 0.499085 0.477921 0.634536 0.898392
1 0.497604 0.475221 0.640862 0.898624
1 0.492364 0.475636 0.635626 0.900557
1 0.497317 0.475487 0.636123 0.898173
1 0.499563 0.477670 0.640839 0.886572
1 0.509766 0.479682 0.621342 0.871137
1 0.508060 0.476667 0.629725 0.869460
1 0.511618 0.477505 0.625121 0.856178
1 0.481097 0.486445 0.633112 0.892887
1 0.489808 0.487187 0.636638 0.898578
1 0.493074 0.480689 0.639482 0.892260
1 0.500861 0.478424 0.651758 0.899452
1 0.496804 0.478212 0.638915 0.899261
1 0.496857 0.480041 0.653628 0.912730
1 0.493373 0.478484 0.647222 0.911690
1 0.498703 0.480289 0.636904 0.904642
1 0.497980 0.481955 0.642567 0.894693
1 0.509340 0.487628 0.623872 0.887047
1 0.510988 0.487566 0.629528 0.885324
1 0.507965 0.489163 0.625923 0.870541
1 0.478232 0.490743 0.635419 0.893542
1 0.486620 0.483072 0.639956 0.916607
1 0.488422 0.484194 0.637394 0.898534
1 0.494272 0.482251 0.656591 0.897699
1 0.494444 0.476271 0.650120 0.899998
1 0.497242 0.471811 0.663715 0.910700
1 0.496404 0.475079 0.650446 0.911545
1 0.497916 0.480893 0.636980 0.900749
1 0.498108 0.482201 0.642334 0.908038
1 0.504821 0.487668 0.633352 0.890755
1 0.510709 0.484984 0.635780 0.885368
1 0.507351 0.490618 0.632261 0.874430
1 0.476122 0.502016 0.632745 0.872931
1 0.483563 0.489805 0.643536 0.910393
1 0.487976 0.488167 0.644889 0.894235
1 0.493148 0.489163 0.662070 0.883720
1 0.492211 0.484219 0.659768 0.895054
1 0.497031 0.489025 0.671123 0.890446
1 0.499448 0.491414 0.659315 0.897128
1 0.500501 0.495798 0.645123 0.891918
1 0.498902 0.490627 0.640274 0.903045
1 0.506470 0.489644 0.629895 0.893489
1 0.510215 0.484676 0.630326 0.911468
1 0.473780 0.492515 0.638923 0.898417
1 0.485341 0.481721 0.648416 0.916472
1 0.489925 0.483381 0.653147 0.896634
1 0.487978 0.477030 0.652452 0.902339
1 0.496831 0.480224 0.668980 0.914359
1 0.498251 0.478424 0.659165 0.907497
1 0.498467 0.481974 0.650716 0.899584
1 0.498074 0.479281 0.655085 0.903184
1 0.503757 0.479597 0.636548 0.907079
1 0.510683 0.488545 0.632373 0.912502
1 0.479705 0.481630 0.640180 0.888159
1 0.486797 0.478579 0.651328 0.891038
1 0.487850 0.472616 0.660980 0.907418
1 0.496646 0.475542 0.672992 0.919095
1 0.497214 0.479213 0.668205 0.909998
1 0.500171 0.481535 0.653912 0.905789
1 0.499055 0.479357 0.648180 0.910893
1 0.505035 0.483877 0.631310 0.913806
1 0.487148 0.486661 0.649322 0.903283
1 0.488553 0.478984 0.670876 0.909513
1 0.495467 0.480329 0.677039 0.913925
1 0.497961 0.479848 0.665677 0.918500
1 0.500847 0.482693 0.655931 0.915052
1 0.503995 0.485582 0.654644 0.914555
1 0.485490 0.501306 0.650424 0.888045
1 0.494874 0.493183 0.653779 0.886571
1 0.498317 0.494212 0.650787 0.891615
1 0.508092 0.495346 0.637975 0.881215