1 0.682781 0.405022 0.359574 0.442396
1 0.683900 0.412825 0.351606 0.425370
1 0.683623 0.419704 0.353751 0.426097
1 0.684634 0.416262 0.353400 0.436232
1 0.683145 0.406147 0.359206 0.448609
1 0.683545 0.408695 0.344472 0.422721
1 0.687836 0.408996 0.352738 0.414898
1 0.688458 0.406600 0.355742 0.425143
1 0.682981 0.404960 0.362139 0.423930
1 0.687857 0.405979 0.358093 0.425836
1 0.672825 0.409777 0.345169 0.425266
1 0.684767 0.406963 0.348412 0.424769
1 0.688517 0.404929 0.353806 0.422439
1 0.684971 0.408165 0.352726 0.422341
1 0.686363 0.407533 0.353499 0.419540
1 0.685287 0.406782 0.354606 0.421154
1 0.684107 0.406067 0.353741 0.425067
1 0.675751 0.415028 0.343289 0.418755
1 0.683511 0.404796 0.349126 0.423566
1 0.687115 0.404963 0.353423 0.421675
1 0.686258 0.408272 0.354339 0.424032
1 0.685538 0.406084 0.350576 0.417700
1 0.685618 0.405421 0.351782 0.419783
1 0.681793 0.406196 0.364591 0.421348
1 0.682828 0.404811 0.351567 0.419550
1 0.687901 0.404400 0.356280 0.420575
1 0.690475 0.406274 0.350889 0.425455
1 0.688144 0.403412 0.347448 0.419107
1 0.688803 0.406680 0.351863 0.422615
1 0.685261 0.408949 0.366471 0.420347
1 0.684119 0.405965 0.358810 0.425640
1 0.688200 0.405620 0.351735 0.423390
1 0.688405 0.402606 0.349569 0.430801
1 0.689314 0.403055 0.348711 0.432278
1 0.680915 0.407078 0.366402 0.434427
1 0.687129 0.407657 0.349470 0.429515