1 0.518685 0.245333 0.213696 0.288906
1 0.517051 0.247426 0.210101 0.281339
1 0.518156 0.246339 0.212988 0.280193
1 0.520276 0.244039 0.213964 0.289016
1 0.520002 0.246371 0.210676 0.280387
1 0.517441 0.246393 0.215310 0.283186
1 0.517714 0.247153 0.216417 0.281032
1 0.517380 0.247553 0.211494 0.280824
1 0.520456 0.245287 0.214130 0.283121
1 0.517458 0.245461 0.214837 0.285719
1 0.518835 0.246597 0.215266 0.283713
1 0.517507 0.246115 0.217809 0.281035
1 0.515855 0.246609 0.214392 0.281481
1 0.518824 0.249172 0.217723 0.278609
1 0.519090 0.246772 0.213963 0.283943
1 0.519142 0.246432 0.211955 0.282213
1 0.518869 0.246266 0.216711 0.281933
1 0.518293 0.246329 0.217590 0.278150
1 0.515981 0.247799 0.217348 0.281801
1 0.518425 0.249546 0.218651 0.274454
1 0.518331 0.246036 0.214352 0.287725
1 0.519165 0.246620 0.212642 0.282796
1 0.518117 0.246819 0.213435 0.282796
1 0.517426 0.247705 0.216981 0.280525
1 0.517634 0.248547 0.217166 0.280553
1 0.519586 0.250426 0.219475 0.276054
1 0.517484 0.246194 0.212646 0.289447
1 0.517941 0.246827 0.213672 0.284194
1 0.518934 0.246619 0.216115 0.283795
1 0.517918 0.249113 0.213041 0.280142
1 0.518143 0.250323 0.213164 0.281010
1 0.520151 0.251613 0.217523 0.276046
1 0.516865 0.249932 0.216086 0.284765
1 0.517944 0.247596 0.213974 0.283584
1 0.518996 0.249326 0.217394 0.286116
1 0.517833 0.249629 0.216276 0.284041
1 0.518458 0.250748 0.214793 0.283243
1 0.516673 0.251466 0.214151 0.282533
1 0.518199 0.252397 0.214787 0.279810
1 0.518775 0.252250 0.213147 0.283136
1 0.524898 0.242115 0.222084 0.291679
1 0.519208 0.242374 0.222738 0.289561
1 0.518351 0.243049 0.219935 0.292111
1 0.520788 0.243724 0.218742 0.278460
1 0.519222 0.247339 0.216545 0.283070
1 0.517234 0.247920 0.216628 0.288109
1 0.516052 0.242091 0.218473 0.290367
1 0.521511 0.244885 0.217143 0.286658
1 0.520468 0.246582 0.219108 0.285130
1 0.517994 0.246197 0.221497 0.287413