1 0.502628 0.306468 0.245879 0.384301
1 0.504823 0.308000 0.244637 0.384099
1 0.501333 0.310275 0.239209 0.371294
1 0.505415 0.313140 0.245608 0.378964
1 0.505861 0.314155 0.246412 0.373389
1 0.507972 0.313773 0.249820 0.376003
1 0.502436 0.313054 0.242314 0.370413
1 0.504631 0.313052 0.245753 0.379260
1 0.505577 0.313530 0.249259 0.372441
1 0.507906 0.314638 0.249817 0.370985
1 0.503022 0.311242 0.247293 0.367535
1 0.504520 0.308909 0.246207 0.376798
1 0.505038 0.310699 0.251417 0.372955
1 0.505798 0.312518 0.252318 0.373486
1 0.503566 0.312491 0.250909 0.372387
1 0.505584 0.311202 0.246494 0.379272
1 0.506683 0.310901 0.245741 0.375968
1 0.504944 0.311820 0.249691 0.376754
1 0.503492 0.310979 0.250619 0.377031
1 0.505644 0.310912 0.246982 0.379884
1 0.507143 0.312558 0.250614 0.382831
1 0.505493 0.312766 0.248194 0.375221
1 0.504685 0.311090 0.251043 0.364611
1 0.506413 0.311750 0.250341 0.373034
1 0.507433 0.312344 0.252207 0.376846
1 0.506323 0.312674 0.252038 0.371436
1 0.509438 0.313769 0.253776 0.357208
1 0.504221 0.312411 0.244812 0.369283
1 0.506438 0.309909 0.246150 0.373680
1 0.508400 0.309967 0.251570 0.375082
1 0.507319 0.311645 0.249751 0.367661
1 0.504216 0.308562 0.241058 0.374055
1 0.507754 0.309484 0.243547 0.372177
1 0.507464 0.312427 0.246929 0.362563
1 0.500770 0.306980 0.246906 0.359733
1 0.508503 0.309637 0.244174 0.364335
1 0.510318 0.309250 0.243425 0.370739
1 0.510117 0.309887 0.245293 0.360956
1 0.501270 0.304963 0.249264 0.367770
1 0.506304 0.312234 0.248178 0.357979
1 0.505881 0.311692 0.245784 0.361856
1 0.507899 0.308843 0.243813 0.361182
1 0.507073 0.312377 0.246866 0.359689
1 0.504479 0.312799 0.250149 0.357348
1 0.505999 0.312682 0.254834 0.365614
1 0.507126 0.309933 0.248924 0.360766
1 0.506337 0.308260 0.251263 0.367966
1 0.508283 0.313040 0.243974 0.362976
1 0.506351 0.310309 0.249297 0.368301
1 0.506543 0.311564 0.249421 0.370579
1 0.507349 0.310522 0.241070 0.358638
1 0.508614 0.312313 0.246396 0.361968
1 0.507898 0.312831 0.243831 0.365344
1 0.508465 0.310642 0.250730 0.368289
1 0.510018 0.315931 0.255849 0.365970
1 0.508738 0.314971 0.254404 0.365719
1 0.509120 0.314019 0.249317 0.366265
1 0.509422 0.315936 0.255706 0.364411