1 0.557248 0.193061 0.118041 0.177411
1 0.555379 0.194909 0.116142 0.178126
1 0.555424 0.194130 0.118446 0.176865
1 0.555601 0.195167 0.116474 0.176905
1 0.555557 0.194549 0.119461 0.180710
1 0.555675 0.194073 0.118284 0.179246
1 0.557741 0.191570 0.124122 0.183076
1 0.550661 0.192986 0.116917 0.183743
1 0.556684 0.194477 0.117232 0.176348
1 0.554124 0.195343 0.115679 0.176680
1 0.555068 0.194978 0.117233 0.176299
1 0.555678 0.194544 0.118892 0.180469
1 0.555029 0.194353 0.118816 0.178086
1 0.554933 0.194652 0.117436 0.176346
1 0.555086 0.194210 0.120330 0.180742
1 0.555980 0.193275 0.117829 0.176061
1 0.554357 0.194642 0.116451 0.178251
1 0.555531 0.193612 0.117463 0.176477
1 0.555732 0.195061 0.117095 0.178491
1 0.555332 0.192764 0.117603 0.176017
1 0.554570 0.193804 0.119458 0.178163
1 0.555518 0.192191 0.120361 0.178485
1 0.556097 0.194844 0.121042 0.177448
1 0.552861 0.195473 0.115671 0.177922
1 0.557015 0.193149 0.121928 0.180886
1 0.554673 0.195452 0.117690 0.179565
1 0.555429 0.194898 0.119523 0.176702
1 0.554049 0.193307 0.119909 0.177101