1 0.356843 0.354746 0.249607 0.374055
1 0.357667 0.354892 0.249971 0.375906
1 0.361650 0.351770 0.256205 0.385023
1 0.356789 0.355082 0.250594 0.361059
1 0.360809 0.354914 0.261041 0.362365
1 0.357977 0.354783 0.258083 0.360537
1 0.359960 0.355326 0.259635 0.364911
1 0.358227 0.355874 0.255612 0.364129
1 0.361297 0.353388 0.261658 0.369335
1 0.360786 0.352869 0.260518 0.367605
1 0.360190 0.355348 0.262089 0.366767
1 0.363215 0.359858 0.269432 0.352454
1 0.358096 0.356659 0.257419 0.369827
1 0.361469 0.352965 0.259479 0.373890
1 0.359791 0.352872 0.259002 0.374492
1 0.361232 0.355282 0.263539 0.372272
1 0.362941 0.361694 0.274708 0.354439
1 0.358949 0.357645 0.255175 0.371969
1 0.361727 0.355044 0.260719 0.375860
1 0.360168 0.354967 0.258563 0.366631
1 0.359803 0.354797 0.262140 0.367477
1 0.362157 0.359194 0.269196 0.358005
1 0.358382 0.356688 0.256708 0.370626
1 0.360385 0.355681 0.258076 0.371927
1 0.360893 0.355715 0.260626 0.369531
1 0.361538 0.355370 0.261898 0.369290
1 0.363095 0.358943 0.267168 0.358688
1 0.358086 0.357667 0.256023 0.367885
1 0.360536 0.356344 0.256678 0.370635
1 0.360491 0.357002 0.259765 0.370250
1 0.361734 0.355851 0.264134 0.369369
1 0.364310 0.357726 0.272224 0.359182
1 0.355490 0.359002 0.251482 0.366522
1 0.360846 0.356261 0.254714 0.367445
1 0.360123 0.356684 0.259182 0.365913
1 0.360392 0.357437 0.265001 0.364982
1 0.359157 0.359412 0.254697 0.372938
1 0.360872 0.350320 0.257819 0.366644
1 0.361793 0.353827 0.253919 0.359929
1 0.364026 0.356252 0.261999 0.364241
1 0.364198 0.354479 0.258712 0.362139
1 0.370318 0.349932 0.263056 0.383008
1 0.356968 0.352442 0.256265 0.372737
1 0.362560 0.357799 0.257924 0.365030
1 0.361200 0.356272 0.257512 0.362648
1 0.362406 0.354183 0.260907 0.364216
1 0.358428 0.353685 0.255798 0.361444
1 0.361155 0.357825 0.259595 0.370125
1 0.357959 0.361610 0.265583 0.367995
1 0.360223 0.355317 0.258740 0.363861
1 0.362894 0.355361 0.258230 0.366713
1 0.363832 0.356891 0.257482 0.365847
1 0.361032 0.352994 0.260516 0.367971
1 0.361882 0.353550 0.258407 0.368497
1 0.362998 0.354220 0.261159 0.358384
1 0.364873 0.353650 0.260008 0.368355
1 0.364511 0.353810 0.264690 0.367393
1 0.363011 0.355298 0.261942 0.368545
1 0.367663 0.359295 0.269629 0.373332
1 0.364358 0.357930 0.266727 0.372532
1 0.366624 0.357346 0.267357 0.368822
1 0.365329 0.359826 0.268830 0.373538