1 0.513855 0.381346 0.555182 0.738979
1 0.512433 0.385281 0.544831 0.742088
1 0.511640 0.384203 0.549976 0.744711
1 0.505988 0.384037 0.555934 0.747555
1 0.513388 0.383954 0.566772 0.740134
1 0.520581 0.372370 0.546796 0.735448
1 0.518262 0.375416 0.546131 0.743037
1 0.512285 0.366212 0.523044 0.727562
1 0.515955 0.381511 0.534941 0.739242
1 0.513858 0.368366 0.529354 0.737629
1 0.515814 0.382319 0.536433 0.742078
1 0.511003 0.380004 0.539997 0.748881
1 0.516293 0.382307 0.540146 0.741811
1 0.514507 0.381282 0.555451 0.744813
1 0.525406 0.371300 0.537120 0.718362
1 0.516397 0.379061 0.524425 0.730506
1 0.515490 0.370009 0.536894 0.727228
1 0.521370 0.378718 0.539951 0.735280
1 0.516012 0.369783 0.520785 0.720351
1 0.516880 0.375249 0.525470 0.731848
1 0.514040 0.370506 0.521585 0.720431
1 0.516165 0.374141 0.528523 0.730412
1 0.517054 0.369943 0.523488 0.705029
1 0.518601 0.373709 0.544412 0.735589
1 0.522104 0.365170 0.525840 0.695078
1 0.515311 0.373582 0.538360 0.723299
1 0.513158 0.373242 0.540835 0.717165
1 0.510192 0.376360 0.545637 0.729285
1 0.520356 0.371795 0.531515 0.722963
1 0.524285 0.377549 0.533996 0.720694
1 0.518051 0.380095 0.522697 0.718086
1 0.514670 0.365661 0.531403 0.699436
1 0.514895 0.370154 0.535524 0.714326
1 0.513118 0.367773 0.530166 0.704708
1 0.511692 0.372250 0.523920 0.714588
1 0.510622 0.363905 0.532653 0.701610
1 0.511902 0.364966 0.533106 0.714699
1 0.518906 0.366692 0.533102 0.694724
1 0.519073 0.370801 0.532861 0.707768
1 0.524349 0.363688 0.521908 0.689411
1 0.520042 0.363629 0.528603 0.710944
1 0.515170 0.369453 0.547052 0.711602
1 0.507684 0.371415 0.560847 0.720907
1 0.527365 0.372608 0.549258 0.722631
1 0.525269 0.376414 0.539548 0.732623
1 0.523871 0.370282 0.539296 0.726952
1 0.518754 0.371318 0.534156 0.727062
1 0.514904 0.365888 0.529165 0.699982
1 0.515817 0.364285 0.531522 0.715939
1 0.515892 0.364226 0.528954 0.701713
1 0.518755 0.366113 0.531868 0.712642
1 0.514102 0.366392 0.536097 0.701740
1 0.515248 0.368081 0.544657 0.717140
1 0.520892 0.362388 0.541662 0.706105
1 0.519198 0.369833 0.538248 0.712373
1 0.525333 0.361897 0.525840 0.698330
1 0.519391 0.362237 0.532821 0.718869
1 0.514722 0.370882 0.556855 0.705696
1 0.504428 0.371132 0.566898 0.704440
1 0.509245 0.367094 0.563824 0.726391
1 0.503478 0.371193 0.525500 0.740398
1 0.529342 0.369431 0.545263 0.711640
1 0.525094 0.359323 0.554861 0.702810
1 0.524474 0.355472 0.545162 0.699798
1 0.518067 0.358830 0.538498 0.683778
1 0.520777 0.355925 0.541570 0.702678
1 0.516119 0.356795 0.525573 0.690256
1 0.516103 0.357100 0.529765 0.706637
1 0.516702 0.355708 0.536794 0.682983
1 0.514458 0.354620 0.538240 0.690249
1 0.520115 0.357331 0.552428 0.681304
1 0.514955 0.360716 0.546315 0.687782
1 0.524798 0.362734 0.520726 0.669440
1 0.518174 0.366950 0.522744 0.695403
1 0.516758 0.371713 0.551890 0.694412
1 0.504427 0.363341 0.577224 0.711296
1 0.505765 0.358377 0.579917 0.731878
1 0.530838 0.362828 0.538470 0.718823
1 0.536551 0.346212 0.549129 0.714099
1 0.525410 0.341506 0.543981 0.718813
1 0.523048 0.350167 0.549747 0.698394
1 0.526211 0.339853 0.547739 0.715722
1 0.520045 0.346859 0.535712 0.718020
1 0.520481 0.343592 0.529856 0.716802
1 0.518530 0.348263 0.550320 0.711458
1 0.517400 0.344907 0.541823 0.706002
1 0.519044 0.347253 0.550638 0.710713
1 0.515911 0.344305 0.537999 0.701607
1 0.525449 0.354591 0.526378 0.702233
1 0.521511 0.348248 0.524777 0.715672
1 0.518805 0.349178 0.556689 0.723960
1 0.501132 0.349365 0.575425 0.746036
1 0.501499 0.353680 0.579596 0.742852
1 0.528590 0.364995 0.534193 0.702509
1 0.534410 0.353677 0.542735 0.707831
1 0.523979 0.344300 0.548635 0.728719
1 0.523136 0.350136 0.544460 0.708729
1 0.527430 0.339668 0.544690 0.728552
1 0.521015 0.343695 0.538975 0.730667
1 0.521545 0.338620 0.538965 0.735424
1 0.523385 0.343505 0.550837 0.732001
1 0.523353 0.337989 0.547554 0.729321
1 0.522021 0.344586 0.547514 0.725719
1 0.519150 0.337406 0.542538 0.725035
1 0.529968 0.351171 0.524787 0.702537
1 0.527594 0.339490 0.527725 0.723347
1 0.521893 0.342211 0.555730 0.727162
1 0.500569 0.347629 0.578761 0.745753
1 0.529332 0.373070 0.533399 0.672393
1 0.523455 0.362181 0.549938 0.700105
1 0.527132 0.352786 0.547149 0.697774
1 0.525572 0.357896 0.531085 0.695045
1 0.525089 0.350968 0.535853 0.709533
1 0.523775 0.356710 0.538511 0.696535
1 0.522401 0.352007 0.543524 0.706275
1 0.524947 0.355162 0.538118 0.705559
1 0.524078 0.347297 0.541306 0.719061
1 0.523590 0.348022 0.540791 0.717870
1 0.516662 0.345696 0.569431 0.721356
1 0.509897 0.357995 0.573193 0.718727
1 0.524781 0.368116 0.542766 0.694243
1 0.526920 0.359174 0.546522 0.700137
1 0.527603 0.356463 0.551256 0.704538
1 0.525512 0.360468 0.542684 0.705169
1 0.526948 0.359364 0.544164 0.700967
1 0.524087 0.363522 0.550584 0.696872
1 0.517627 0.359634 0.573373 0.705009