1 0.446639 0.370231 0.249436 0.379733
1 0.449973 0.369372 0.238899 0.380265
1 0.442783 0.371681 0.254827 0.372670
1 0.446005 0.372032 0.250673 0.367178
1 0.447157 0.372747 0.250301 0.369691
1 0.449413 0.368991 0.248759 0.366810
1 0.444698 0.374283 0.256063 0.372820
1 0.446137 0.372624 0.254085 0.375393
1 0.445316 0.373166 0.255674 0.382196
1 0.447964 0.372472 0.250924 0.376831
1 0.444579 0.373532 0.256443 0.376652
1 0.446638 0.370311 0.252695 0.375190
1 0.444701 0.371678 0.253724 0.379575
1 0.445625 0.372654 0.247324 0.375245
1 0.444243 0.371806 0.251389 0.370427
1 0.448060 0.369146 0.251304 0.371467
1 0.443444 0.369471 0.253624 0.373168
1 0.445151 0.371188 0.246455 0.370755
1 0.444764 0.370664 0.251323 0.371818
1 0.446728 0.367919 0.252655 0.377291
1 0.445922 0.367528 0.252025 0.374000
1 0.446053 0.369739 0.245324 0.367283
1 0.444626 0.369494 0.252756 0.367756
1 0.446120 0.367826 0.255845 0.373000
1 0.446541 0.368303 0.251725 0.373686
1 0.448282 0.371218 0.244852 0.366668
1 0.444178 0.369379 0.254540 0.363081
1 0.446152 0.368950 0.253406 0.365881
1 0.446894 0.369272 0.252206 0.369140
1 0.447838 0.371045 0.246221 0.363989
1 0.442620 0.373608 0.259135 0.364207
1 0.446521 0.369994 0.254022 0.370447
1 0.447674 0.370784 0.250719 0.378258
1 0.449541 0.372950 0.247537 0.368585
1 0.450280 0.376505 0.259782 0.379274
1 0.449663 0.375068 0.253294 0.370184
1 0.443911 0.376068 0.255452 0.373342
1 0.443620 0.369625 0.256405 0.376080
1 0.443259 0.372972 0.259710 0.379983
1 0.450005 0.373953 0.251759 0.374194
1 0.447671 0.372349 0.248397 0.368851
1 0.444524 0.375324 0.248770 0.360947
1 0.443594 0.372396 0.248416 0.368776
1 0.451394 0.367713 0.247411 0.370392
1 0.442256 0.376603 0.254658 0.378208
1 0.448631 0.372258 0.253135 0.372325
1 0.442948 0.371481 0.253195 0.369856
1 0.438901 0.368442 0.249437 0.370291
1 0.441701 0.368753 0.249548 0.368450
1 0.445450 0.372109 0.249254 0.366796
1 0.438911 0.370443 0.259325 0.365569
1 0.446009 0.367661 0.251629 0.369331
1 0.443192 0.371323 0.252206 0.373389
1 0.443726 0.366926 0.250637 0.371447
1 0.446301 0.375211 0.257189 0.365348
1 0.448898 0.377452 0.250311 0.376967
1 0.442551 0.370436 0.261842 0.369970
1 0.442837 0.372006 0.260486 0.372048
1 0.440783 0.368656 0.259372 0.384104
1 0.446331 0.368899 0.261656 0.376852