1 0.636152 0.530031 0.369768 0.467203
1 0.637866 0.544043 0.374680 0.459330
1 0.640932 0.541640 0.371752 0.464382
1 0.633218 0.531243 0.362980 0.454811
1 0.642859 0.533807 0.368978 0.444434
1 0.641503 0.536650 0.377092 0.450354
1 0.640119 0.534811 0.381639 0.452071
1 0.642740 0.532735 0.373385 0.463311
1 0.636248 0.534156 0.362487 0.440949
1 0.642602 0.529044 0.377268 0.441744
1 0.642420 0.527060 0.376100 0.442278
1 0.637931 0.528269 0.377878 0.437658
1 0.642446 0.528140 0.376208 0.437731
1 0.646329 0.526081 0.369767 0.442033
1 0.623361 0.532769 0.362304 0.439453
1 0.635696 0.529137 0.368749 0.445473
1 0.642038 0.530309 0.371470 0.445258
1 0.639835 0.531075 0.373183 0.447961
1 0.641360 0.528972 0.378864 0.445038
1 0.639740 0.527458 0.379212 0.443555
1 0.642085 0.526266 0.378043 0.443752
1 0.625379 0.539800 0.363487 0.436193
1 0.634759 0.527218 0.366994 0.441819
1 0.639518 0.530199 0.375395 0.436707
1 0.640997 0.530253 0.378741 0.443901
1 0.637134 0.530542 0.369926 0.435429
1 0.642893 0.528975 0.377425 0.437841
1 0.642898 0.529186 0.381419 0.436404
1 0.635899 0.531097 0.371886 0.435381
1 0.639908 0.529315 0.380364 0.443688
1 0.641881 0.528272 0.375668 0.440386
1 0.643530 0.528118 0.377019 0.443215
1 0.644808 0.529822 0.381770 0.442954
1 0.639852 0.531286 0.384233 0.444749
1 0.640483 0.529354 0.386796 0.448621
1 0.642374 0.527361 0.376776 0.446642
1 0.648420 0.535883 0.377309 0.436553