1 0.536122 0.438129 0.213196 0.291280
1 0.533374 0.433459 0.214352 0.291670
1 0.536893 0.437160 0.214348 0.282162
1 0.535744 0.436759 0.214315 0.285405
1 0.535900 0.437232 0.215902 0.286219
1 0.537572 0.433385 0.210496 0.292571
1 0.535946 0.436967 0.216535 0.284790
1 0.536095 0.437086 0.216724 0.283811
1 0.536157 0.437081 0.215225 0.284531
1 0.536038 0.437635 0.216656 0.287575
1 0.533836 0.436550 0.214887 0.286110
1 0.534266 0.437683 0.218855 0.279187
1 0.535252 0.437567 0.217847 0.285479
1 0.534914 0.437585 0.218428 0.283880
1 0.535948 0.436731 0.214742 0.285365
1 0.534343 0.436731 0.216415 0.283118
1 0.533960 0.436216 0.215461 0.286856
1 0.534785 0.438707 0.216881 0.278460
1 0.535881 0.437041 0.216163 0.288435
1 0.535573 0.437992 0.217076 0.283088
1 0.534770 0.437656 0.216994 0.285341
1 0.534578 0.437087 0.218972 0.282516
1 0.533703 0.436443 0.217795 0.285707
1 0.537321 0.439182 0.220062 0.276754
1 0.532333 0.437926 0.219626 0.279180
1 0.534655 0.435069 0.217126 0.286824
1 0.535234 0.437860 0.218378 0.285503
1 0.535112 0.437457 0.219090 0.286674
1 0.534128 0.437916 0.217489 0.283144
1 0.533443 0.438020 0.217587 0.285239
1 0.533651 0.435077 0.219854 0.287914
1 0.533959 0.437218 0.219346 0.287509
1 0.534755 0.437709 0.219826 0.286347
1 0.533521 0.438725 0.220793 0.284714
1 0.532943 0.438612 0.217482 0.286923
1 0.534378 0.438964 0.223931 0.284675
1 0.533949 0.436958 0.222276 0.288186
1 0.535209 0.438111 0.222250 0.291238
1 0.534541 0.438502 0.222501 0.288981
1 0.532326 0.440477 0.222340 0.287836
1 0.534111 0.439029 0.219374 0.287178
1 0.538904 0.438974 0.219126 0.286755
1 0.536107 0.437461 0.221961 0.285616
1 0.534852 0.436589 0.217930 0.288011
1 0.538505 0.433702 0.221089 0.291348
1 0.535796 0.438601 0.218721 0.283042
1 0.536571 0.440401 0.212711 0.286651
1 0.534277 0.436799 0.214612 0.288767
1 0.535553 0.438447 0.221565 0.292438
1 0.534275 0.435638 0.218119 0.287151
1 0.535644 0.438246 0.215699 0.288101
1 0.536083 0.438778 0.217120 0.288109
1 0.532740 0.435471 0.221224 0.291313