1 0.270050 0.423963 0.054663 0.073057
1 0.270096 0.423044 0.055515 0.074116
1 0.270804 0.424095 0.055580 0.071894
1 0.270511 0.423756 0.055494 0.073410
1 0.270531 0.423244 0.055443 0.073152
1 0.800448 0.428116 0.032787 0.041421
1 0.801243 0.429088 0.033574 0.042038
1 0.270690 0.423390 0.056075 0.071448
1 0.270951 0.423294 0.055310 0.074690
1 0.270770 0.423227 0.056013 0.073385
1 0.800179 0.428628 0.033641 0.039005
1 0.801205 0.428241 0.034094 0.041248
1 0.800470 0.429066 0.031966 0.039174
1 0.800633 0.428826 0.032481 0.040647
1 0.271151 0.422409 0.055574 0.074514
1 0.271052 0.423989 0.056289 0.073258
1 0.801190 0.430128 0.033241 0.041844
1 0.098131 0.459832 0.016707 0.021408
1 0.145539 0.467164 0.013891 0.018141
1 0.478976 0.333372 0.230716 0.315969
1 0.477620 0.334329 0.233420 0.322362
1 0.479099 0.334984 0.232754 0.320300
1 0.479369 0.336163 0.230910 0.315357
1 0.477537 0.335513 0.237648 0.316760
1 0.476587 0.335288 0.235622 0.319181
1 0.479607 0.336505 0.235492 0.321404
1 0.478161 0.335338 0.233499 0.319767
1 0.477838 0.335059 0.235803 0.323923
1 0.476675 0.336154 0.235316 0.320041
1 0.478053 0.336761 0.237456 0.319159
1 0.476493 0.337131 0.230261 0.312615
1 0.479439 0.333720 0.233766 0.322119
1 0.478117 0.335768 0.234497 0.322294
1 0.477923 0.334884 0.233660 0.324140
1 0.477709 0.336116 0.238459 0.319126
1 0.478650 0.336388 0.235122 0.317347
1 0.476093 0.336532 0.231988 0.315075
1 0.479456 0.333974 0.234636 0.324751
1 0.479106 0.335730 0.235458 0.328331
1 0.477808 0.335560 0.237847 0.329138
1 0.478051 0.335555 0.238073 0.323590
1 0.479051 0.335063 0.234741 0.319214
1 0.477850 0.338407 0.233699 0.314612
1 0.479383 0.334731 0.234059 0.325679
1 0.479336 0.336306 0.236412 0.325859
1 0.478687 0.336433 0.238403 0.327646
1 0.478672 0.335669 0.238932 0.323794
1 0.479560 0.334659 0.233575 0.317847
1 0.479046 0.334937 0.238129 0.326450
1 0.478792 0.336216 0.237706 0.327102
1 0.479561 0.335920 0.236132 0.328580
1 0.478680 0.335439 0.238824 0.326435
1 0.480573 0.335223 0.235808 0.320283
1 0.271402 0.423821 0.055656 0.073222
1 0.270950 0.423776 0.055976 0.073222
1 0.479392 0.334616 0.239795 0.327803
1 0.480751 0.331312 0.235349 0.327596
1 0.480012 0.331442 0.235193 0.326558
1 0.480248 0.332702 0.237775 0.325145
1 0.271555 0.424385 0.055537 0.072584
1 0.271152 0.423551 0.056949 0.072700
1 0.479134 0.334795 0.232816 0.328317
1 0.480634 0.333009 0.232465 0.326454
1 0.480705 0.336898 0.232461 0.317878
1 0.482392 0.339477 0.236368 0.316992
1 0.478744 0.338922 0.232815 0.312081
1 0.478555 0.338159 0.232388 0.321402
1 0.480889 0.340642 0.234952 0.320048
1 0.479843 0.336539 0.235912 0.320783
1 0.477738 0.335847 0.232504 0.317687
1 0.476860 0.337537 0.234254 0.318541
1 0.479499 0.336712 0.229577 0.320253
1 0.479842 0.337239 0.238476 0.318537
1 0.480372 0.336074 0.235597 0.311585
1 0.481324 0.338998 0.233916 0.314040
1 0.480482 0.338210 0.231713 0.312979
1 0.481895 0.338809 0.231751 0.316141
1 0.478225 0.338209 0.234828 0.317799
1 0.482026 0.342275 0.238615 0.310495
1 0.479353 0.340434 0.236086 0.316139
1 0.476737 0.339719 0.233793 0.320853