1 0.212921 0.122817 0.062242 0.088166
1 0.212672 0.122456 0.064432 0.087124
1 0.212901 0.121569 0.063679 0.088007
1 0.212786 0.121719 0.063695 0.089480
1 0.212584 0.122265 0.064145 0.087731
1 0.212476 0.122111 0.063970 0.087888
1 0.772746 0.144917 0.069933 0.092212
1 0.772670 0.144981 0.070500 0.090522
1 0.212851 0.122867 0.064429 0.088674
1 0.213650 0.121698 0.065883 0.088959
1 0.772379 0.144997 0.068915 0.092269
1 0.772994 0.144773 0.068733 0.091634
1 0.773225 0.145785 0.069779 0.092557
1 0.773402 0.145847 0.068110 0.089450
1 0.773262 0.146526 0.067892 0.090975
1 0.212583 0.122298 0.065873 0.089341
1 0.213001 0.121947 0.063967 0.090124
1 0.213607 0.121914 0.064631 0.090759
1 0.772934 0.144015 0.069051 0.098746
1 0.773022 0.142759 0.069122 0.100348
1 0.213525 0.122841 0.066232 0.089262
1 0.212578 0.123252 0.065075 0.089919
1 0.213375 0.122207 0.065161 0.089311
1 0.772655 0.143586 0.070752 0.097977
1 0.772879 0.144884 0.069989 0.095459
1 0.772745 0.144269 0.069102 0.096976
1 0.772725 0.144876 0.069168 0.098186
1 0.773209 0.144859 0.068866 0.097855