1 0.310361 0.422500 0.328749 0.620305
1 0.312986 0.429088 0.329524 0.623536
1 0.309556 0.424380 0.329921 0.600788
1 0.319388 0.434670 0.337425 0.603496
1 0.318696 0.439040 0.338446 0.608949
1 0.318335 0.435777 0.341479 0.615780
1 0.310360 0.427883 0.338484 0.580228
1 0.316457 0.428669 0.348605 0.585273
1 0.316700 0.430946 0.351769 0.586907
1 0.318760 0.431611 0.336481 0.582006
1 0.326595 0.431857 0.355900 0.591019
1 0.312830 0.429122 0.355439 0.588223
1 0.315401 0.431359 0.356328 0.596537
1 0.319092 0.431697 0.357571 0.595424
1 0.318089 0.433433 0.350714 0.592344
1 0.325705 0.438646 0.355139 0.594289
1 0.314203 0.431313 0.359878 0.596103
1 0.318438 0.432156 0.356869 0.610501
1 0.317554 0.430158 0.358915 0.602222
1 0.315018 0.424738 0.357617 0.616190
1 0.325284 0.431362 0.361599 0.608863
1 0.316009 0.425173 0.358819 0.596402
1 0.318448 0.426002 0.359559 0.603588
1 0.318818 0.425665 0.363283 0.594612
1 0.317607 0.427180 0.360517 0.604647
1 0.327095 0.428088 0.359052 0.596986
1 0.316222 0.424616 0.354530 0.601214
1 0.320370 0.419260 0.358191 0.612227
1 0.315274 0.422899 0.360687 0.611218
1 0.320704 0.425271 0.360950 0.609568
1 0.330049 0.429765 0.360513 0.586498
1 0.309673 0.434632 0.347245 0.582096
1 0.317756 0.425565 0.356556 0.610002
1 0.317124 0.424603 0.352354 0.615191
1 0.321992 0.425953 0.348643 0.608502
1 0.314043 0.441575 0.346580 0.579219
1 0.315254 0.431387 0.343469 0.584806