1 0.073472 0.525550 0.029760 0.037741
1 0.073595 0.525812 0.030990 0.039766
1 0.074591 0.525176 0.030183 0.036996
1 0.073962 0.525817 0.031187 0.039046
1 0.073623 0.526092 0.030105 0.036889
1 0.073903 0.525947 0.030611 0.038862
1 0.074505 0.526145 0.030412 0.037029
1 0.073443 0.526142 0.031204 0.038380
1 0.512755 0.231344 0.166030 0.222480
1 0.512971 0.231565 0.167089 0.217279
1 0.513394 0.229829 0.166170 0.221752
1 0.514042 0.229810 0.165674 0.222212
1 0.513850 0.230588 0.165264 0.214091
1 0.515261 0.231575 0.166358 0.215767
1 0.514653 0.231287 0.166479 0.217399
1 0.512302 0.230657 0.166616 0.217977
1 0.512913 0.228946 0.168058 0.218758
1 0.513914 0.231747 0.167463 0.221514
1 0.515022 0.231589 0.165562 0.216594
1 0.513970 0.231022 0.166501 0.214602
1 0.514894 0.230991 0.164968 0.214991
1 0.512807 0.232032 0.167404 0.216345
1 0.514711 0.231582 0.168625 0.220611
1 0.512984 0.232944 0.168131 0.216299
1 0.514171 0.231570 0.166917 0.216678
1 0.514878 0.233064 0.165264 0.214760
1 0.513872 0.230905 0.166102 0.211148
1 0.514582 0.231899 0.165492 0.215735
1 0.513870 0.232012 0.167615 0.216603
1 0.514166 0.232502 0.166507 0.211827
1 0.514699 0.232430 0.169773 0.219584
1 0.515058 0.231958 0.167926 0.217133
1 0.513619 0.231431 0.166547 0.215483
1 0.514507 0.232552 0.167064 0.214606
1 0.512627 0.232710 0.168205 0.217285
1 0.515699 0.236030 0.167907 0.211442
1 0.513472 0.234126 0.171166 0.217442
1 0.514240 0.232684 0.167830 0.218157
1 0.514662 0.232327 0.169977 0.217336
1 0.514111 0.233391 0.167603 0.216741
1 0.514136 0.235261 0.164080 0.214011
1 0.512792 0.236136 0.171296 0.216508
1 0.514778 0.232677 0.170432 0.217842
1 0.515438 0.233576 0.165020 0.216119