1 0.484266 0.320707 0.297156 0.440862
1 0.484995 0.328121 0.296181 0.432098
1 0.488068 0.328591 0.294716 0.437450
1 0.481240 0.321766 0.296785 0.425284
1 0.485913 0.327700 0.294629 0.416941
1 0.487480 0.323319 0.295540 0.415797
1 0.486418 0.322312 0.296859 0.421060
1 0.485698 0.322557 0.291690 0.418278
1 0.486668 0.325036 0.293342 0.420942
1 0.490039 0.322286 0.293610 0.420683
1 0.491633 0.323462 0.297540 0.421302
1 0.489455 0.323675 0.294553 0.415709
1 0.488593 0.321516 0.295779 0.416136
1 0.487578 0.318130 0.297634 0.420696
1 0.487015 0.320818 0.292404 0.414020
1 0.486731 0.320574 0.295314 0.418175
1 0.488087 0.319762 0.292626 0.416384
1 0.486373 0.322079 0.294284 0.420607
1 0.489745 0.318524 0.294592 0.423413
1 0.487104 0.318648 0.300680 0.417030
1 0.486834 0.324847 0.287997 0.411496
1 0.488333 0.322353 0.290607 0.421844
1 0.488964 0.321822 0.293342 0.416764
1 0.486805 0.318082 0.294083 0.422184
1 0.489336 0.319603 0.300784 0.418738
1 0.489025 0.321889 0.300117 0.418741
1 0.482644 0.319983 0.294082 0.419427
1 0.486356 0.318889 0.295539 0.421923
1 0.487208 0.318293 0.293023 0.420769
1 0.489958 0.317027 0.298861 0.422692
1 0.481177 0.333757 0.298220 0.403342
1 0.487372 0.328099 0.302332 0.414377
1 0.489244 0.327083 0.293629 0.417885