1 0.485956 0.133281 0.107490 0.162026
1 0.486224 0.133989 0.110922 0.161879
1 0.486327 0.133595 0.110052 0.162295
1 0.486600 0.133831 0.111075 0.162807
1 0.485905 0.134723 0.110722 0.160124
1 0.485027 0.132940 0.110533 0.158746
1 0.486718 0.134977 0.109959 0.158693
1 0.485105 0.133419 0.109142 0.159577
1 0.486051 0.133536 0.109957 0.162326
1 0.487341 0.133304 0.110923 0.163342
1 0.485084 0.133935 0.109558 0.162860
1 0.485544 0.133573 0.109263 0.162098
1 0.486804 0.132819 0.110996 0.161031
1 0.486491 0.132569 0.110503 0.158776
1 0.487201 0.133866 0.111571 0.159263
1 0.486437 0.133436 0.110087 0.158259
1 0.485848 0.133597 0.111166 0.161568
1 0.487203 0.133407 0.112043 0.161373
1 0.485397 0.133469 0.109380 0.160436
1 0.485366 0.133625 0.110244 0.159972
1 0.486412 0.133089 0.111686 0.161645
1 0.486499 0.134023 0.111057 0.159632
1 0.487402 0.133828 0.112878 0.158887
1 0.486322 0.134064 0.112210 0.159220
1 0.486347 0.134200 0.111834 0.161367
1 0.486217 0.133898 0.110456 0.162440