1 0.565383 0.394745 0.243009 0.362819
1 0.565833 0.396622 0.251563 0.359660
1 0.564190 0.396842 0.248962 0.358818
1 0.563227 0.397061 0.250473 0.352314
1 0.566531 0.393067 0.251985 0.354762
1 0.564584 0.396431 0.251173 0.357094
1 0.565979 0.396190 0.251075 0.357901
1 0.563074 0.394260 0.253834 0.354777
1 0.564049 0.396107 0.254553 0.350830
1 0.564134 0.396274 0.248819 0.347881
1 0.564360 0.397856 0.253335 0.358452
1 0.565073 0.395006 0.252625 0.362941
1 0.563917 0.394432 0.253906 0.358714
1 0.563788 0.394846 0.251115 0.357438
1 0.564272 0.396784 0.247953 0.357609
1 0.563046 0.398275 0.254986 0.358650
1 0.565212 0.394498 0.251304 0.362468
1 0.564649 0.393876 0.252677 0.361052
1 0.562902 0.394035 0.250554 0.358637
1 0.565910 0.396206 0.251914 0.357369
1 0.562706 0.395109 0.252887 0.361152
1 0.564472 0.392443 0.251388 0.365615
1 0.562860 0.395340 0.251211 0.369600
1 0.562269 0.395818 0.248489 0.364007
1 0.564713 0.397889 0.248809 0.358088
1 0.561683 0.395343 0.251989 0.360185
1 0.562498 0.393414 0.254040 0.368678
1 0.562189 0.393319 0.253577 0.369027
1 0.562130 0.393959 0.252861 0.361363
1 0.563367 0.397658 0.251896 0.352453
1 0.562041 0.395532 0.255098 0.363890
1 0.562264 0.392564 0.255508 0.370235
1 0.561972 0.392670 0.255447 0.370971
1 0.562654 0.393626 0.253316 0.366758
1 0.563045 0.396347 0.253639 0.358573
1 0.560357 0.393299 0.256223 0.371222
1 0.560469 0.393117 0.251557 0.372593
1 0.561402 0.396236 0.253381 0.364572
1 0.567350 0.395977 0.256972 0.369574
1 0.565277 0.400840 0.248300 0.363251
1 0.567878 0.399028 0.255936 0.360759
1 0.565932 0.400965 0.253672 0.356428
1 0.564365 0.398853 0.253269 0.360750
1 0.567642 0.396290 0.252031 0.357541
1 0.563534 0.392959 0.259358 0.371975
1 0.563643 0.402114 0.252817 0.361478
1 0.562767 0.396823 0.255575 0.360069
1 0.564423 0.396378 0.252494 0.360533
1 0.564293 0.398013 0.250578 0.356394
1 0.563648 0.396687 0.252617 0.348731
1 0.563664 0.398016 0.261911 0.358577
1 0.566264 0.395442 0.250359 0.356269
1 0.564011 0.398425 0.252812 0.361916
1 0.567003 0.398422 0.252799 0.360022
1 0.563316 0.396645 0.250134 0.357358
1 0.562819 0.396300 0.254499 0.356940
1 0.562395 0.398071 0.255065 0.358647
1 0.562069 0.398137 0.258697 0.361863
1 0.563854 0.398602 0.253445 0.359868
1 0.563047 0.395765 0.257633 0.361902