1 0.479406 0.497865 0.369179 0.513891
1 0.481154 0.503566 0.367957 0.505522
1 0.480207 0.499186 0.368110 0.513653
1 0.477254 0.494313 0.367995 0.491741
1 0.478468 0.497782 0.369728 0.478749
1 0.477373 0.497491 0.373992 0.477055
1 0.475803 0.495506 0.368752 0.479187
1 0.481874 0.491871 0.371097 0.484585
1 0.478442 0.492631 0.371651 0.471950
1 0.478885 0.491162 0.371332 0.466603
1 0.479652 0.492116 0.376946 0.465041
1 0.477292 0.492989 0.374033 0.466136
1 0.476277 0.493146 0.371713 0.465313
1 0.483444 0.483078 0.372034 0.479602
1 0.472747 0.500130 0.364548 0.461495
1 0.477411 0.494342 0.374108 0.477426
1 0.477642 0.495482 0.371687 0.472044
1 0.478404 0.491374 0.375148 0.472031
1 0.476666 0.494490 0.379494 0.473714
1 0.471340 0.493519 0.382667 0.477440
1 0.476653 0.490856 0.379266 0.479983
1 0.471682 0.500547 0.368320 0.459958
1 0.474905 0.494122 0.375748 0.472078
1 0.477722 0.499112 0.378856 0.472307
1 0.476587 0.496761 0.376442 0.466714
1 0.476732 0.494767 0.368502 0.467039
1 0.474809 0.492863 0.380433 0.475890
1 0.476869 0.492669 0.384510 0.480484
1 0.472572 0.495961 0.378123 0.465119
1 0.476499 0.492727 0.378087 0.469144
1 0.477042 0.493438 0.375592 0.470010
1 0.475895 0.492724 0.373901 0.471832
1 0.476499 0.493340 0.381975 0.481049
1 0.474906 0.498838 0.376664 0.455706
1 0.479933 0.495336 0.379150 0.464238
1 0.473747 0.493419 0.379093 0.471925
1 0.475765 0.493948 0.380711 0.475724
1 0.477636 0.499529 0.382308 0.477564
1 0.474573 0.494907 0.384003 0.482438
1 0.475995 0.504790 0.383224 0.474106