1 0.511958 0.236657 0.192316 0.277132
1 0.512584 0.238855 0.191599 0.273216
1 0.511290 0.239083 0.192361 0.269486
1 0.511684 0.237588 0.192085 0.270353
1 0.512144 0.238349 0.193189 0.273674
1 0.511835 0.238298 0.191979 0.273082
1 0.512775 0.237725 0.193403 0.273230
1 0.512050 0.238168 0.195075 0.274493
1 0.511445 0.237749 0.193493 0.272066
1 0.508012 0.240226 0.195024 0.270973
1 0.512010 0.240513 0.194627 0.272503
1 0.511615 0.238929 0.193419 0.271939
1 0.512262 0.237838 0.193221 0.273881
1 0.511351 0.238508 0.194537 0.272543
1 0.511067 0.238756 0.194991 0.271672
1 0.514714 0.238045 0.195893 0.271592
1 0.508714 0.241904 0.192675 0.268614
1 0.512271 0.239362 0.194711 0.270986
1 0.511742 0.239077 0.192016 0.268252
1 0.511381 0.238225 0.193277 0.273221
1 0.512123 0.238258 0.192983 0.272875
1 0.511335 0.237930 0.194505 0.273578
1 0.513627 0.240170 0.190741 0.264003
1 0.508849 0.242573 0.193358 0.266530
1 0.511907 0.237847 0.191424 0.270671
1 0.511525 0.238756 0.191728 0.271935
1 0.511222 0.238661 0.190650 0.273166
1 0.511988 0.239236 0.191214 0.271425
1 0.511763 0.238773 0.192799 0.271328
1 0.513724 0.241532 0.191009 0.262268
1 0.511063 0.239225 0.194463 0.273737
1 0.510905 0.238081 0.192706 0.268842
1 0.512089 0.238299 0.192904 0.269642
1 0.512006 0.239229 0.194710 0.271657
1 0.511719 0.239846 0.192761 0.271865
1 0.510872 0.242999 0.195865 0.268287
1 0.511609 0.239583 0.195586 0.271128
1 0.512075 0.239165 0.193932 0.272288
1 0.512302 0.239646 0.192234 0.272035
1 0.515188 0.243990 0.192711 0.271315
1 0.511604 0.239983 0.192872 0.272620