1 0.282423 0.313326 0.065848 0.088492
1 0.282929 0.313303 0.067764 0.089061
1 0.282262 0.314483 0.066443 0.084885
1 0.283158 0.313914 0.066571 0.088302
1 0.283814 0.314188 0.067234 0.087489
1 0.282215 0.314621 0.067188 0.085123
1 0.283239 0.313570 0.068991 0.089041
1 0.283491 0.314463 0.068540 0.086958
1 0.283185 0.313550 0.067279 0.088127
1 0.283556 0.313554 0.067160 0.089232
1 0.690382 0.228209 0.121336 0.171556
1 0.691885 0.229064 0.119795 0.174051
1 0.691271 0.228979 0.118745 0.173234
1 0.692486 0.228855 0.120137 0.176744
1 0.691429 0.228939 0.118791 0.173725
1 0.691471 0.225705 0.119019 0.175532
1 0.691856 0.227812 0.120812 0.171883
1 0.691035 0.230483 0.117135 0.168087
1 0.690890 0.229041 0.116854 0.170702
1 0.691734 0.229382 0.119584 0.174626
1 0.690665 0.228036 0.118372 0.170876
1 0.692724 0.229044 0.120177 0.172820
1 0.691148 0.228800 0.118010 0.170687
1 0.690335 0.229098 0.118573 0.171795
1 0.692146 0.228395 0.119604 0.173712
1 0.691123 0.230537 0.118283 0.167617
1 0.692778 0.228466 0.120645 0.175090
1 0.692414 0.228563 0.120230 0.174822
1 0.691150 0.228673 0.120599 0.172770
1 0.692723 0.228560 0.122995 0.171933
1 0.693200 0.228580 0.121064 0.170725
1 0.690004 0.229550 0.120721 0.172875
1 0.691462 0.229375 0.120324 0.171015
1 0.690223 0.231493 0.119826 0.170534
1 0.692736 0.229740 0.119867 0.173651
1 0.692041 0.227691 0.120556 0.172464
1 0.691473 0.228529 0.121273 0.171148
1 0.692690 0.228045 0.122015 0.171594
1 0.692573 0.228242 0.121800 0.173136
1 0.691019 0.229473 0.120923 0.171657
1 0.282790 0.312397 0.068224 0.092226
1 0.282795 0.313525 0.069428 0.091671
1 0.282923 0.312824 0.067939 0.089443
1 0.283309 0.313396 0.068521 0.090990
1 0.282968 0.312601 0.068027 0.090400
1 0.283078 0.313879 0.068689 0.089185
1 0.283610 0.313051 0.069253 0.089891