1 0.483976 0.212624 0.145090 0.196587
1 0.485450 0.213128 0.144888 0.196237
1 0.485006 0.213200 0.144820 0.198055
1 0.485602 0.212726 0.142105 0.197291
1 0.484900 0.209025 0.144616 0.198759
1 0.485212 0.214221 0.146162 0.192562
1 0.485977 0.214345 0.144198 0.192543
1 0.486882 0.215572 0.140444 0.190556
1 0.485293 0.212972 0.143846 0.194834
1 0.485850 0.212296 0.144059 0.195088
1 0.485349 0.212061 0.143180 0.194996
1 0.485319 0.213240 0.145806 0.196457
1 0.485840 0.214355 0.145991 0.192001
1 0.485803 0.211946 0.145765 0.194706
1 0.485907 0.215246 0.141774 0.188969
1 0.486050 0.212623 0.145062 0.194099
1 0.485106 0.213845 0.144813 0.194114
1 0.486393 0.213690 0.142659 0.193434
1 0.486735 0.212691 0.145895 0.198476
1 0.484725 0.214941 0.147131 0.192207
1 0.485823 0.212570 0.146361 0.193603
1 0.486191 0.214936 0.140077 0.189023
1 0.484737 0.212351 0.142694 0.195416
1 0.485293 0.212496 0.143835 0.193740
1 0.486169 0.213757 0.146638 0.194689
1 0.484258 0.213909 0.145906 0.191031
1 0.486524 0.213421 0.147052 0.196147
1 0.485469 0.212962 0.144517 0.195151
1 0.486692 0.214035 0.145353 0.195999
1 0.486822 0.214502 0.145861 0.191420
1 0.485842 0.214882 0.149475 0.193876