1 0.345879 0.311810 0.355679 0.522520
1 0.349098 0.310951 0.358356 0.525456
1 0.346585 0.327850 0.366234 0.541334
1 0.347044 0.328430 0.364413 0.540897
1 0.349999 0.328088 0.361995 0.535515
1 0.353168 0.318602 0.367265 0.532232
1 0.342582 0.324161 0.363505 0.530467
1 0.348242 0.330410 0.361696 0.533950
1 0.347346 0.331478 0.363678 0.541047
1 0.346150 0.332325 0.363443 0.534237
1 0.350782 0.329272 0.362970 0.540360
1 0.342877 0.335831 0.367468 0.545837
1 0.344017 0.330051 0.367227 0.549393
1 0.348618 0.335782 0.368314 0.555612
1 0.347428 0.335809 0.358685 0.549581
1 0.349247 0.333352 0.357506 0.551786
1 0.350970 0.332457 0.371295 0.550234
1 0.347002 0.339549 0.365595 0.538235
1 0.345166 0.337088 0.364917 0.546777
1 0.350084 0.335162 0.362846 0.547679
1 0.348366 0.335737 0.362542 0.544577
1 0.348118 0.334958 0.358055 0.540426
1 0.349827 0.335816 0.365856 0.543381
1 0.350717 0.332338 0.372184 0.542737
1 0.345454 0.332167 0.361643 0.550360
1 0.350852 0.337570 0.350640 0.541654
1 0.349534 0.335210 0.350489 0.545481
1 0.349061 0.334081 0.354258 0.550384
1 0.350507 0.332563 0.370924 0.544822
1 0.347881 0.333209 0.365273 0.541042
1 0.346719 0.329174 0.366158 0.551260
1 0.353669 0.333095 0.352671 0.548081
1 0.351826 0.332933 0.346625 0.544445
1 0.352116 0.329268 0.357534 0.546914
1 0.354100 0.332144 0.369929 0.543023
1 0.347581 0.329484 0.366650 0.544971
1 0.351782 0.331324 0.363987 0.552066
1 0.354734 0.329238 0.363194 0.545987
1 0.360119 0.329756 0.365828 0.541078
1 0.348943 0.335917 0.366438 0.558599
1 0.354413 0.338280 0.363195 0.539068