1 0.427794 0.162840 0.073068 0.088498
1 0.428886 0.162794 0.069755 0.087968
1 0.427956 0.162003 0.072078 0.086138
1 0.429223 0.162340 0.070268 0.087224
1 0.841641 0.237582 0.032218 0.039220
1 0.841706 0.237920 0.031059 0.036467
1 0.841846 0.237184 0.031627 0.037542
1 0.954305 0.241133 0.022975 0.030479
1 0.841757 0.237121 0.031448 0.037965
1 0.841842 0.237239 0.031045 0.036772
1 0.841970 0.237251 0.031104 0.038296
1 0.913489 0.261073 0.042104 0.051536
1 0.913428 0.261663 0.041010 0.051722
1 0.953587 0.242573 0.023911 0.032015
1 0.914179 0.262674 0.039459 0.049586
1 0.913865 0.262034 0.039795 0.049219
1 0.914218 0.261477 0.040399 0.050247
1 0.913484 0.262613 0.039185 0.050044
1 0.914009 0.262527 0.038670 0.048794
1 0.914050 0.263479 0.039421 0.050475
1 0.913852 0.263480 0.039927 0.051466
1 0.428465 0.160522 0.074787 0.094808
1 0.428993 0.161672 0.073809 0.094311
1 0.429366 0.161539 0.074552 0.094263
1 0.429341 0.160684 0.073519 0.093708
1 0.429727 0.161431 0.074081 0.094511
1 0.429718 0.160265 0.074412 0.092594
1 0.428894 0.160456 0.074959 0.093806