1 0.546898 0.300878 0.235649 0.347644
1 0.549643 0.306520 0.233113 0.331308
1 0.550515 0.306636 0.234633 0.331759
1 0.553697 0.304576 0.237993 0.339490
1 0.550687 0.304440 0.235541 0.332638
1 0.550643 0.306452 0.238861 0.326743
1 0.549235 0.307968 0.242265 0.327535
1 0.549012 0.307598 0.238812 0.326024
1 0.546930 0.306631 0.238166 0.333017
1 0.551217 0.307522 0.238677 0.334395
1 0.549243 0.307073 0.238181 0.332289
1 0.550581 0.307829 0.240568 0.329851
1 0.549889 0.308367 0.236833 0.324894
1 0.551361 0.310080 0.239853 0.321397
1 0.547617 0.309396 0.239939 0.326208
1 0.551457 0.307686 0.240143 0.328600
1 0.551110 0.306309 0.236149 0.325733
1 0.550247 0.305967 0.237039 0.325068
1 0.550437 0.307803 0.240981 0.325038
1 0.552802 0.310172 0.238710 0.321915
1 0.549643 0.310181 0.239827 0.324809
1 0.551643 0.307257 0.239985 0.326880
1 0.551138 0.308074 0.238405 0.329300
1 0.549862 0.307690 0.237031 0.327564
1 0.551116 0.307879 0.241406 0.327962
1 0.553643 0.308492 0.238062 0.322279
1 0.548476 0.311273 0.238921 0.323742
1 0.550878 0.307872 0.242332 0.331418
1 0.552053 0.308705 0.241586 0.327021
1 0.550204 0.309362 0.240878 0.325836
1 0.551190 0.309159 0.238899 0.329558
1 0.553284 0.309327 0.236854 0.326466
1 0.548257 0.310535 0.241515 0.324660
1 0.550651 0.308788 0.241526 0.334941
1 0.550776 0.309378 0.241684 0.332235
1 0.550867 0.309747 0.239443 0.332331
1 0.551240 0.309290 0.240212 0.329589
1 0.552825 0.309299 0.236187 0.328930
1 0.550556 0.309550 0.243336 0.330821
1 0.551028 0.309320 0.239719 0.329469
1 0.551393 0.309401 0.240001 0.334568
1 0.551854 0.309592 0.242154 0.337657
1 0.550979 0.310349 0.237755 0.338597
1 0.550786 0.310564 0.237425 0.335974
1 0.552656 0.306959 0.236884 0.338611
1 0.553111 0.305202 0.240595 0.337208
1 0.554137 0.308818 0.238803 0.338104
1 0.549571 0.306795 0.239133 0.335457
1 0.551252 0.304207 0.243488 0.344515
1 0.551226 0.310201 0.240622 0.333738
1 0.552240 0.310387 0.239849 0.328246
1 0.550700 0.309198 0.239382 0.331489
1 0.551155 0.309599 0.239088 0.326172
1 0.551939 0.306030 0.241499 0.333706
1 0.552408 0.304576 0.246599 0.341741
1 0.552931 0.307420 0.243906 0.331447
1 0.551510 0.308555 0.240753 0.334021
1 0.551814 0.310287 0.241490 0.330267
1 0.550732 0.308809 0.241028 0.326673
1 0.550681 0.305238 0.240427 0.329747
1 0.549471 0.308392 0.243178 0.333036
1 0.550504 0.310165 0.239825 0.332627
1 0.550774 0.312636 0.238255 0.330913
1 0.551517 0.308260 0.240336 0.331201