1 0.631515 0.299096 0.226257 0.288342
1 0.630042 0.300381 0.228190 0.292046
1 0.633339 0.300893 0.235343 0.302854
1 0.633296 0.299999 0.225257 0.288752
1 0.633455 0.301894 0.228384 0.276806
1 0.631480 0.301145 0.230467 0.283259
1 0.631269 0.302226 0.234173 0.285200
1 0.635471 0.302189 0.238425 0.290001
1 0.630218 0.299711 0.224981 0.283958
1 0.633325 0.298703 0.224768 0.282622
1 0.630410 0.300762 0.228840 0.276706
1 0.633477 0.301106 0.230929 0.281128
1 0.630793 0.301845 0.231720 0.279583
1 0.631022 0.302630 0.231732 0.277567
1 0.630152 0.301473 0.224415 0.279914
1 0.631342 0.299969 0.224047 0.280742
1 0.630805 0.300183 0.227892 0.274968
1 0.631538 0.300650 0.234302 0.278855
1 0.631217 0.302455 0.232582 0.277927
1 0.629600 0.302234 0.231218 0.276107
1 0.630359 0.301280 0.222486 0.275965
1 0.631131 0.299271 0.225220 0.278058
1 0.631492 0.301817 0.225250 0.272136
1 0.632941 0.301885 0.227795 0.272678
1 0.631194 0.301480 0.231208 0.271969
1 0.631489 0.300023 0.231668 0.276987
1 0.635064 0.304815 0.237375 0.267903
1 0.629101 0.301004 0.222067 0.282389
1 0.630439 0.298700 0.224614 0.278214
1 0.631039 0.302000 0.226378 0.275179
1 0.632217 0.302858 0.227486 0.275422
1 0.631502 0.303013 0.229147 0.276403
1 0.631837 0.301638 0.231642 0.278291
1 0.631347 0.298993 0.225284 0.280860
1 0.632641 0.302162 0.227821 0.274787
1 0.633533 0.302971 0.227541 0.274078
1 0.632993 0.301827 0.228322 0.277745
1 0.634184 0.302677 0.229026 0.276518
1 0.632882 0.302880 0.224441 0.279113
1 0.633187 0.300438 0.222644 0.281382
1 0.633107 0.303272 0.225774 0.280195
1 0.634087 0.302894 0.236777 0.282519
1 0.640252 0.300967 0.234811 0.283212
1 0.634057 0.302229 0.236165 0.286363
1 0.635682 0.304388 0.227530 0.279613
1 0.636730 0.304616 0.233431 0.281765
1 0.633334 0.303249 0.231977 0.287444
1 0.636189 0.304861 0.232201 0.280427
1 0.630986 0.301500 0.224621 0.289612
1 0.636484 0.301390 0.226225 0.281603
1 0.635192 0.303095 0.227873 0.275924
1 0.635623 0.305733 0.230221 0.278418
1 0.637354 0.302098 0.231168 0.278583
1 0.637542 0.305103 0.234056 0.276529
1 0.633561 0.305421 0.237437 0.277063
1 0.633365 0.306716 0.235485 0.276967
1 0.638496 0.306709 0.240244 0.286967