1 0.423437 0.278053 0.203418 0.293166
1 0.424463 0.278636 0.203743 0.298068
1 0.424348 0.278398 0.205993 0.291041
1 0.422491 0.277180 0.203692 0.290383
1 0.423736 0.277336 0.205976 0.290927
1 0.423734 0.276593 0.202836 0.292381
1 0.423568 0.278670 0.207895 0.295122
1 0.425192 0.278911 0.208232 0.290141
1 0.424139 0.278474 0.205288 0.293297
1 0.423420 0.277734 0.206643 0.297804
1 0.424270 0.277931 0.208401 0.293898
1 0.426075 0.277298 0.207522 0.293782
1 0.423896 0.280151 0.209203 0.292820
1 0.424493 0.277826 0.209915 0.291882
1 0.423841 0.277994 0.207312 0.293740
1 0.423475 0.278340 0.207520 0.301464
1 0.423995 0.278239 0.210191 0.299143
1 0.425787 0.277686 0.204424 0.294606
1 0.423167 0.278082 0.210797 0.297574
1 0.424182 0.275955 0.209949 0.297031
1 0.425318 0.277807 0.209237 0.298354
1 0.423163 0.277899 0.209887 0.301140
1 0.424398 0.278783 0.211017 0.298371
1 0.424675 0.278329 0.205517 0.296904
1 0.421920 0.278277 0.211211 0.297637
1 0.423627 0.277947 0.208551 0.298677
1 0.423370 0.278494 0.209504 0.296953
1 0.423655 0.279204 0.211695 0.299228
1 0.424588 0.279102 0.210944 0.297895
1 0.425359 0.278389 0.208224 0.296000
1 0.421545 0.281877 0.210777 0.296794
1 0.423464 0.277326 0.210052 0.305034
1 0.423345 0.278837 0.210999 0.301510
1 0.424466 0.279034 0.208962 0.298941
1 0.424081 0.279374 0.211910 0.302271
1 0.427763 0.282361 0.206718 0.292126
1 0.423597 0.279383 0.212837 0.301078
1 0.423935 0.277570 0.211325 0.305037
1 0.424072 0.279056 0.210281 0.303572
1 0.426106 0.282874 0.211037 0.297819
1 0.424457 0.283380 0.211958 0.299074
1 0.426236 0.281872 0.208032 0.300914
1 0.421566 0.279645 0.217659 0.303059
1 0.424943 0.277835 0.212586 0.301785
1 0.424659 0.278454 0.214195 0.303669
1 0.423635 0.276268 0.212007 0.302063
1 0.429499 0.276603 0.212405 0.305890
1 0.422360 0.277894 0.211192 0.305833
1 0.422615 0.277544 0.211914 0.300332
1 0.423405 0.278543 0.210049 0.296663
1 0.423989 0.276399 0.208429 0.299081
1 0.427891 0.277318 0.206769 0.306927
1 0.419009 0.278247 0.212706 0.303591
1 0.422213 0.281174 0.213019 0.303395
1 0.422088 0.280453 0.211938 0.300468
1 0.424304 0.279977 0.209743 0.298664
1 0.426927 0.280720 0.208997 0.307966