1 0.548160 0.364530 0.256399 0.393134
1 0.547513 0.366277 0.253604 0.393734
1 0.545280 0.369418 0.266533 0.390409
1 0.547645 0.370011 0.260268 0.388546
1 0.547590 0.370287 0.262906 0.385806
1 0.547420 0.368850 0.262921 0.383513
1 0.547192 0.369692 0.266119 0.378168
1 0.547337 0.369015 0.264632 0.382152
1 0.546234 0.368412 0.265659 0.383708
1 0.547069 0.368597 0.264147 0.381782
1 0.548760 0.370351 0.265328 0.380960
1 0.547629 0.368806 0.266042 0.382823
1 0.547182 0.367641 0.264164 0.384172
1 0.547242 0.368108 0.261772 0.381223
1 0.547722 0.371242 0.265788 0.380447
1 0.549607 0.367459 0.263442 0.381892
1 0.545980 0.365088 0.263176 0.383271
1 0.547003 0.365065 0.260917 0.381199
1 0.547213 0.368301 0.267956 0.382995
1 0.549388 0.364548 0.263256 0.385003
1 0.547848 0.363484 0.259096 0.387801
1 0.548554 0.367213 0.260764 0.381331
1 0.547282 0.366984 0.264901 0.377990
1 0.547690 0.365080 0.265374 0.384563
1 0.547104 0.364081 0.261753 0.390209
1 0.548397 0.366238 0.260586 0.384584
1 0.546821 0.365867 0.265110 0.380991
1 0.545679 0.364809 0.262105 0.380987
1 0.546301 0.364750 0.262321 0.386731
1 0.548960 0.364894 0.258591 0.381462
1 0.545207 0.371227 0.273143 0.380275
1 0.546589 0.365528 0.263098 0.387226
1 0.545627 0.366647 0.261334 0.384217
1 0.549756 0.369952 0.259830 0.375685
1 0.547972 0.374820 0.267245 0.393806
1 0.548008 0.371432 0.268824 0.386078
1 0.548061 0.370119 0.264652 0.392245
1 0.545916 0.368329 0.268470 0.390996
1 0.548366 0.371866 0.274468 0.388614
1 0.549028 0.373712 0.265153 0.389422
1 0.549078 0.369138 0.264475 0.387637
1 0.546043 0.370739 0.263320 0.383774
1 0.543294 0.366271 0.265051 0.382041
1 0.548542 0.362589 0.261656 0.386487
1 0.548728 0.371770 0.269614 0.383988
1 0.547656 0.365673 0.269232 0.387790
1 0.546380 0.366607 0.264398 0.385223
1 0.545708 0.367929 0.263730 0.385934
1 0.543588 0.365767 0.262561 0.380631
1 0.548463 0.364369 0.258448 0.381437
1 0.548417 0.368951 0.273951 0.382882
1 0.547619 0.366403 0.263549 0.383025
1 0.545936 0.366874 0.261605 0.384468
1 0.547473 0.368100 0.262045 0.386761
1 0.546502 0.365655 0.268972 0.383699
1 0.545109 0.368354 0.268822 0.384229
1 0.542944 0.368936 0.268148 0.389665
1 0.545101 0.367775 0.262952 0.392571
1 0.548475 0.366107 0.264393 0.383338