1 0.508657 0.333696 0.294900 0.435418
1 0.506597 0.333234 0.288638 0.420479
1 0.508379 0.335487 0.288542 0.415049
1 0.507111 0.336964 0.292058 0.423535
1 0.505842 0.335849 0.289411 0.421882
1 0.506065 0.333131 0.289653 0.420974
1 0.507157 0.337662 0.287156 0.419811
1 0.506107 0.335965 0.289185 0.419116
1 0.506574 0.336339 0.290648 0.416408
1 0.506885 0.336545 0.289159 0.418950
1 0.505494 0.334258 0.293222 0.416852
1 0.507797 0.334486 0.290827 0.418456
1 0.504357 0.336224 0.287848 0.422280
1 0.506140 0.335293 0.288530 0.420751
1 0.508108 0.335138 0.292653 0.419316
1 0.507216 0.335440 0.294843 0.418061
1 0.505921 0.334382 0.293538 0.411953
1 0.506900 0.339226 0.289768 0.415074
1 0.503812 0.333161 0.291660 0.419013
1 0.507169 0.337289 0.288237 0.416596
1 0.506419 0.335504 0.298641 0.420008
1 0.506523 0.333466 0.292930 0.414481
1 0.504769 0.333738 0.295033 0.417612
1 0.503792 0.334167 0.290647 0.419156
1 0.503582 0.334935 0.292767 0.421929
1 0.506436 0.333704 0.295645 0.419490
1 0.505725 0.333478 0.292122 0.414710
1 0.505078 0.339474 0.295046 0.416541
1 0.504984 0.340044 0.293980 0.416529
1 0.507515 0.348347 0.293273 0.414336