1 0.356702 0.417272 0.385047 0.519125
1 0.358705 0.417857 0.385279 0.516742
1 0.355172 0.414382 0.377798 0.508275
1 0.354363 0.419656 0.383716 0.505367
1 0.356309 0.417906 0.386609 0.505536
1 0.359267 0.417364 0.390511 0.502492
1 0.351112 0.416012 0.388875 0.509626
1 0.355809 0.417908 0.386608 0.505379
1 0.355368 0.419431 0.392145 0.508151
1 0.353870 0.418671 0.392566 0.509817
1 0.354828 0.419199 0.392472 0.508934
1 0.357362 0.416518 0.394902 0.499137
1 0.353167 0.423470 0.390662 0.507490
1 0.353444 0.419928 0.389861 0.507159
1 0.354353 0.422052 0.384165 0.498731
1 0.354723 0.422233 0.387032 0.504358
1 0.356440 0.422694 0.389997 0.507328
1 0.355445 0.422487 0.394661 0.512844
1 0.355316 0.422928 0.392562 0.506563
1 0.353713 0.421317 0.389812 0.507998
1 0.352478 0.422006 0.392551 0.509113
1 0.351499 0.421000 0.390975 0.508157
1 0.356257 0.419920 0.390616 0.504197
1 0.354421 0.421802 0.392732 0.505333
1 0.352707 0.420736 0.388093 0.506490
1 0.353927 0.422159 0.389345 0.505678
1 0.353836 0.420407 0.393040 0.514435
1 0.353937 0.421555 0.387663 0.510032
1 0.354942 0.420544 0.394055 0.511829
1 0.352865 0.420054 0.388324 0.505858
1 0.348647 0.423565 0.389073 0.494619
1 0.354150 0.420682 0.392814 0.513221
1 0.356157 0.421737 0.396522 0.510912
1 0.354597 0.419094 0.389282 0.511411
1 0.353192 0.419886 0.396034 0.511122
1 0.358405 0.421201 0.390511 0.509426
1 0.354711 0.425156 0.393084 0.503953
1 0.356881 0.419563 0.393933 0.515647
1 0.354460 0.415584 0.391084 0.518634
1 0.357106 0.420716 0.392406 0.512597