1 0.500625 0.582062 0.047917 0.053774
1 0.499989 0.581758 0.046133 0.053001
1 0.501160 0.582019 0.047958 0.053240
1 0.499970 0.581819 0.045510 0.053159
1 0.500858 0.581735 0.046991 0.052865
1 0.500872 0.581675 0.046446 0.053232
1 0.498932 0.292002 0.134863 0.192074
1 0.500102 0.293488 0.136227 0.192150
1 0.499210 0.294329 0.136091 0.190533
1 0.499952 0.294676 0.136131 0.194570
1 0.499021 0.291551 0.137944 0.197823
1 0.499052 0.295417 0.136309 0.192399
1 0.500691 0.295446 0.134057 0.186969
1 0.500080 0.296287 0.136354 0.191733
1 0.501137 0.297366 0.133138 0.186427
1 0.499579 0.296004 0.137539 0.190164
1 0.498585 0.296849 0.138035 0.190632
1 0.499735 0.294732 0.137197 0.194306
1 0.499666 0.294827 0.136660 0.193360
1 0.500961 0.297573 0.135978 0.186151
1 0.500082 0.296231 0.135777 0.188605
1 0.501018 0.298272 0.136679 0.186516
1 0.500712 0.296157 0.138582 0.188978
1 0.499046 0.297941 0.139678 0.191683
1 0.498917 0.296722 0.136098 0.193607
1 0.499287 0.295392 0.136963 0.193944
1 0.500304 0.295000 0.137998 0.192863
1 0.500544 0.296838 0.135256 0.189428
1 0.499291 0.295534 0.135755 0.191882
1 0.500751 0.297225 0.136419 0.188535
1 0.499619 0.295841 0.137459 0.189193
1 0.500187 0.296960 0.139599 0.190773
1 0.501148 0.297209 0.137190 0.193925
1 0.500392 0.295057 0.137204 0.193254
1 0.500241 0.298498 0.134937 0.187863
1 0.499918 0.295763 0.137833 0.193007
1 0.500494 0.298359 0.135135 0.187641
1 0.499830 0.296670 0.137317 0.191502
1 0.500643 0.296393 0.138273 0.188934
1 0.501396 0.296517 0.140112 0.190715
1 0.501062 0.297526 0.140309 0.188769