1 0.560925 0.354297 0.337588 0.483243
1 0.559788 0.356587 0.341703 0.491127
1 0.564217 0.369044 0.338545 0.481980
1 0.562695 0.372379 0.339429 0.484855
1 0.565448 0.369539 0.340888 0.490974
1 0.563287 0.358085 0.336593 0.465184
1 0.566698 0.359585 0.347495 0.460043
1 0.564992 0.356767 0.340926 0.461063
1 0.564101 0.356694 0.342054 0.469798
1 0.564612 0.355513 0.339345 0.481428
1 0.561833 0.358639 0.353404 0.462444
1 0.565230 0.356598 0.340794 0.462969
1 0.565911 0.356602 0.343061 0.464678
1 0.564746 0.356227 0.340558 0.463450
1 0.564631 0.358412 0.344182 0.462181
1 0.564520 0.359003 0.340989 0.471015
1 0.568833 0.357138 0.328447 0.470460
1 0.563541 0.359510 0.348827 0.460986
1 0.562809 0.354465 0.341328 0.460361
1 0.564561 0.358357 0.342737 0.460934
1 0.562466 0.357685 0.345438 0.465218
1 0.563741 0.357825 0.345852 0.463897
1 0.565997 0.358133 0.344856 0.468179
1 0.568661 0.358302 0.336586 0.458197
1 0.559226 0.364463 0.353775 0.460356
1 0.563221 0.357502 0.346257 0.457926
1 0.565589 0.357973 0.339534 0.456917
1 0.564435 0.355934 0.343436 0.462755
1 0.564577 0.356471 0.344804 0.463668
1 0.567238 0.358146 0.339804 0.464406
1 0.562296 0.360017 0.348396 0.458015
1 0.565385 0.359113 0.346272 0.471935
1 0.565975 0.356432 0.346556 0.461384
1 0.567582 0.353586 0.344765 0.474688
1 0.561944 0.361323 0.351774 0.470579
1 0.561802 0.356768 0.350786 0.472261