1 0.454236 0.305883 0.263204 0.378250
1 0.454585 0.306998 0.260308 0.376445
1 0.456679 0.304683 0.263327 0.379677
1 0.452690 0.306744 0.262464 0.369452
1 0.455071 0.309657 0.266423 0.370849
1 0.456200 0.310646 0.265918 0.368199
1 0.454826 0.310137 0.264495 0.363458
1 0.454248 0.310337 0.264507 0.371627
1 0.454991 0.309499 0.268467 0.377426
1 0.456113 0.309464 0.272726 0.373330
1 0.455668 0.309879 0.269082 0.366492
1 0.453213 0.310079 0.263759 0.364596
1 0.454040 0.308133 0.268079 0.373543
1 0.455686 0.306526 0.271035 0.370655
1 0.456781 0.308265 0.269654 0.370276
1 0.453612 0.309468 0.262890 0.366055
1 0.454417 0.308069 0.264093 0.375004
1 0.455369 0.306635 0.268658 0.377459
1 0.455601 0.308231 0.269592 0.372934
1 0.453865 0.307791 0.264545 0.368132
1 0.455300 0.307899 0.265277 0.372575
1 0.454128 0.306056 0.267943 0.374311
1 0.455557 0.308065 0.265078 0.370703
1 0.455124 0.308641 0.262750 0.369073
1 0.455293 0.307901 0.266453 0.368347
1 0.454869 0.306403 0.265879 0.373137
1 0.455352 0.307941 0.265801 0.366159
1 0.453916 0.310623 0.262298 0.366329
1 0.455887 0.307874 0.264101 0.371495
1 0.454896 0.307757 0.265484 0.372621
1 0.454876 0.308348 0.267290 0.369965
1 0.455391 0.311960 0.259163 0.371921
1 0.455328 0.312062 0.260976 0.370467
1 0.455300 0.309875 0.261587 0.369684
1 0.458356 0.305803 0.267269 0.372596
1 0.458695 0.308917 0.266217 0.371246
1 0.456288 0.309436 0.270650 0.369160
1 0.458886 0.304900 0.266986 0.375156
1 0.454147 0.308851 0.262755 0.369924
1 0.455320 0.308436 0.265582 0.366751
1 0.455887 0.308141 0.265695 0.369320
1 0.456692 0.307316 0.266877 0.368010
1 0.457975 0.310202 0.269043 0.363365
1 0.460202 0.307534 0.272795 0.369909
1 0.455463 0.305857 0.267747 0.368975
1 0.453804 0.307865 0.266125 0.367743
1 0.453461 0.307710 0.267333 0.372128
1 0.455396 0.306100 0.266845 0.370278
1 0.456272 0.307330 0.265255 0.368240
1 0.454038 0.306510 0.264589 0.365356
1 0.456689 0.306197 0.264770 0.371199
1 0.453485 0.306549 0.266969 0.373174
1 0.454136 0.306482 0.270381 0.375059
1 0.455187 0.312188 0.268485 0.367185
1 0.450840 0.307832 0.267165 0.366688
1 0.458128 0.306038 0.271508 0.375546
1 0.456047 0.307581 0.269387 0.376324
1 0.454021 0.311132 0.272687 0.375891