1 0.813160 0.573043 0.055679 0.091890
1 0.814820 0.572145 0.049779 0.088501
1 0.813096 0.573883 0.053638 0.089515
1 0.814569 0.572638 0.051269 0.089597
1 0.812883 0.574714 0.055035 0.087999
1 0.814488 0.572768 0.053701 0.090942
1 0.811800 0.574103 0.054633 0.090619
1 0.814883 0.572341 0.052950 0.092473
1 0.866256 0.661683 0.033673 0.055126
1 0.866675 0.660680 0.032520 0.055233
1 0.866867 0.662881 0.032431 0.054056
1 0.812284 0.572437 0.058079 0.095876
1 0.814423 0.573017 0.053062 0.094916
1 0.815024 0.572812 0.051566 0.096446
1 0.812507 0.574479 0.059894 0.095522
1 0.813403 0.574490 0.054358 0.093819
1 0.814647 0.574832 0.053305 0.095988
1 0.374592 0.432116 0.357380 0.505699
1 0.374010 0.434726 0.352507 0.491440
1 0.374712 0.433781 0.364919 0.480342
1 0.372179 0.426896 0.352751 0.498353
1 0.375010 0.427908 0.358026 0.487659
1 0.371044 0.428575 0.355502 0.485913
1 0.373045 0.431254 0.356139 0.482135
1 0.375689 0.428032 0.357988 0.479526
1 0.359488 0.426939 0.329597 0.488032
1 0.371195 0.423620 0.354899 0.495124
1 0.372114 0.423323 0.362415 0.494754
1 0.372930 0.430230 0.357093 0.486319
1 0.372265 0.429662 0.360072 0.480731
1 0.371191 0.431054 0.354282 0.470575
1 0.375845 0.428839 0.365437 0.477740
1 0.363809 0.431006 0.327750 0.483694
1 0.368066 0.426960 0.350013 0.498501
1 0.370811 0.425295 0.357064 0.495339
1 0.370517 0.425163 0.358217 0.490498
1 0.368663 0.427542 0.362995 0.489589
1 0.367832 0.430270 0.364107 0.483247
1 0.370622 0.434306 0.369907 0.473143
1 0.361390 0.429059 0.331770 0.482562
1 0.364661 0.423959 0.351316 0.495037
1 0.371268 0.423330 0.359037 0.490484
1 0.369857 0.425129 0.358084 0.485183
1 0.371778 0.425440 0.357471 0.490693
1 0.369432 0.427220 0.362566 0.489669
1 0.371858 0.435597 0.374924 0.467541
1 0.363564 0.426028 0.352021 0.488048
1 0.371224 0.424204 0.356714 0.485593
1 0.370071 0.425347 0.353296 0.482150
1 0.369489 0.428007 0.356669 0.487003
1 0.371137 0.429488 0.359764 0.489958
1 0.364588 0.442365 0.341619 0.463455
1 0.369837 0.434402 0.349463 0.465489
1 0.366527 0.432251 0.355736 0.475406
1 0.367755 0.436140 0.353691 0.476790
1 0.369817 0.439214 0.357101 0.468433