1 0.331972 0.404912 0.409581 0.571366
1 0.333773 0.413495 0.409502 0.571534
1 0.333246 0.411252 0.407292 0.571321
1 0.333614 0.403928 0.416602 0.571732
1 0.341218 0.410307 0.427651 0.575697
1 0.336762 0.411427 0.410274 0.579652
1 0.333931 0.414946 0.412903 0.570866
1 0.332084 0.413107 0.412905 0.569841
1 0.335634 0.411771 0.414750 0.579597
1 0.331268 0.419196 0.423693 0.568312
1 0.332214 0.409226 0.421446 0.574781
1 0.337449 0.409963 0.420944 0.572172
1 0.341974 0.410695 0.419089 0.573044
1 0.337547 0.412532 0.418568 0.562255
1 0.334108 0.411798 0.421804 0.569771
1 0.334367 0.412736 0.417787 0.563178
1 0.334604 0.411881 0.420767 0.577084
1 0.332125 0.410383 0.414697 0.564438
1 0.337224 0.410306 0.417935 0.573307
1 0.332027 0.415079 0.421114 0.573625
1 0.334551 0.413640 0.424734 0.582204
1 0.333899 0.412944 0.424897 0.578463
1 0.337541 0.420014 0.425197 0.596320
1 0.332427 0.413091 0.424952 0.575559
1 0.339827 0.409615 0.425285 0.560146
1 0.342994 0.411338 0.430115 0.569864
1 0.337178 0.408782 0.416186 0.559450
1 0.334301 0.408927 0.422290 0.570704
1 0.335917 0.411445 0.420059 0.564212
1 0.335461 0.412916 0.427747 0.576678
1 0.333339 0.413158 0.421007 0.561575
1 0.334891 0.413194 0.428708 0.574926
1 0.331988 0.412778 0.420318 0.560787
1 0.336439 0.409800 0.422347 0.577237
1 0.333877 0.412617 0.425330 0.560651
1 0.333527 0.412471 0.426111 0.573906
1 0.336575 0.416851 0.421425 0.580513
1 0.334636 0.406239 0.419951 0.573772
1 0.340441 0.405478 0.425407 0.564153
1 0.342823 0.405770 0.430719 0.574444
1 0.334965 0.405716 0.419978 0.566616
1 0.333714 0.406879 0.421473 0.574201
1 0.334056 0.410362 0.423766 0.565351
1 0.335794 0.413236 0.427982 0.568145
1 0.333001 0.411682 0.419512 0.562960
1 0.335781 0.413241 0.421640 0.566073
1 0.331553 0.409759 0.427587 0.563944
1 0.335627 0.409634 0.424653 0.566917
1 0.333457 0.413002 0.430008 0.562430
1 0.332857 0.411723 0.423173 0.567549
1 0.338788 0.413532 0.417580 0.572124
1 0.336964 0.401306 0.425226 0.585631
1 0.336828 0.402195 0.420967 0.570497
1 0.338360 0.397248 0.423571 0.578774
1 0.336152 0.403873 0.421326 0.570741
1 0.334628 0.403343 0.427619 0.580576
1 0.337386 0.405218 0.418176 0.571578
1 0.337883 0.407779 0.427807 0.582789
1 0.336386 0.408627 0.419527 0.564923
1 0.336405 0.412886 0.426439 0.573939
1 0.333381 0.407528 0.426967 0.567660
1 0.338449 0.409185 0.426948 0.572081
1 0.338426 0.409982 0.431030 0.563076
1 0.338234 0.406833 0.421544 0.569164
1 0.336244 0.404318 0.425344 0.575290
1 0.334947 0.400693 0.420521 0.582304
1 0.333891 0.403749 0.418961 0.571528
1 0.341996 0.396635 0.427440 0.586566
1 0.338006 0.403414 0.421733 0.574948
1 0.340249 0.404992 0.433875 0.586745
1 0.337061 0.405645 0.423690 0.572228
1 0.335313 0.407530 0.439835 0.589449
1 0.336654 0.404330 0.418143 0.576906
1 0.335462 0.407601 0.431941 0.587036
1 0.336269 0.405475 0.426080 0.572317
1 0.340672 0.404014 0.432340 0.580536
1 0.335106 0.404437 0.429498 0.579349
1 0.341424 0.406611 0.438732 0.579363
1 0.335888 0.405954 0.426360 0.569867
1 0.334971 0.399754 0.423676 0.577908
1 0.339188 0.401628 0.421860 0.572793