1 0.557361 0.446594 0.318867 0.412572
1 0.560140 0.454338 0.314133 0.406702
1 0.555997 0.454061 0.314708 0.406442
1 0.557507 0.453680 0.312065 0.417791
1 0.559831 0.456303 0.317099 0.413887
1 0.559112 0.451618 0.318632 0.410974
1 0.557769 0.450826 0.315720 0.413489
1 0.557478 0.454567 0.313239 0.420818
1 0.558273 0.452043 0.315530 0.423750
1 0.557358 0.452880 0.318698 0.416884
1 0.556525 0.452366 0.311879 0.417222
1 0.553517 0.451675 0.315333 0.421113
1 0.555623 0.455754 0.314369 0.416974
1 0.558483 0.451334 0.313556 0.417984
1 0.555737 0.450856 0.317942 0.416284
1 0.555746 0.453928 0.317571 0.417105
1 0.555289 0.452246 0.315401 0.416745
1 0.553586 0.456600 0.310809 0.416449
1 0.554510 0.453748 0.316606 0.419513
1 0.555990 0.453031 0.315822 0.415395
1 0.554496 0.450847 0.318023 0.417559
1 0.551239 0.455656 0.330425 0.414562
1 0.554167 0.454869 0.317334 0.420380
1 0.555508 0.452306 0.314776 0.419263
1 0.556174 0.451979 0.318229 0.418981
1 0.555017 0.451732 0.320597 0.414652
1 0.554693 0.454234 0.319593 0.420324
1 0.550310 0.453428 0.321217 0.423560
1 0.553679 0.451913 0.320136 0.421205
1 0.553774 0.450242 0.315991 0.419823
1 0.557152 0.453569 0.321491 0.421502