1 0.633676 0.380513 0.342900 0.489928
1 0.632203 0.388241 0.352856 0.497323
1 0.636694 0.384022 0.348822 0.503822
1 0.633699 0.379136 0.352773 0.483377
1 0.631692 0.385568 0.340623 0.485130
1 0.630916 0.383807 0.342192 0.488289
1 0.630939 0.385211 0.342936 0.495388
1 0.632023 0.382079 0.341064 0.493732
1 0.634795 0.386548 0.356856 0.488160
1 0.632522 0.384095 0.342493 0.480547
1 0.635130 0.383535 0.339718 0.479565
1 0.635795 0.383077 0.338976 0.483202
1 0.633354 0.384168 0.343050 0.490760
1 0.634360 0.378026 0.345225 0.496368
1 0.631864 0.390477 0.345726 0.464691
1 0.634813 0.387449 0.357102 0.486865
1 0.630930 0.386047 0.336838 0.477292
1 0.632222 0.384904 0.338875 0.478215
1 0.634453 0.381796 0.340030 0.481388
1 0.633391 0.379877 0.346701 0.489902
1 0.632118 0.380586 0.347022 0.489599
1 0.631617 0.395457 0.347659 0.463972
1 0.633924 0.381137 0.355820 0.484732
1 0.634003 0.384986 0.343942 0.481726
1 0.632048 0.382746 0.342413 0.482951
1 0.634380 0.380582 0.345034 0.482335
1 0.634791 0.380872 0.348299 0.489595
1 0.633083 0.386161 0.346139 0.488953
1 0.634233 0.384344 0.357033 0.474507
1 0.632763 0.383735 0.344546 0.488391
1 0.632078 0.381133 0.342184 0.486935
1 0.633434 0.378173 0.344890 0.489073
1 0.629004 0.380025 0.347757 0.494507
1 0.630399 0.390219 0.343804 0.476463
1 0.629992 0.392196 0.341067 0.478658
1 0.630895 0.386864 0.343149 0.490169
1 0.626864 0.396573 0.347027 0.461557