1 0.600944 0.423981 0.488749 0.687047
1 0.604112 0.425673 0.491894 0.697108
1 0.604728 0.417551 0.488257 0.695218
1 0.606716 0.425378 0.490298 0.699753
1 0.604758 0.418797 0.493568 0.700005
1 0.605053 0.424420 0.496234 0.709894
1 0.609590 0.429970 0.496409 0.705718
1 0.611575 0.434369 0.502351 0.706688
1 0.617125 0.427354 0.502106 0.708158
1 0.606000 0.427749 0.489896 0.692748
1 0.602203 0.433295 0.494520 0.704777
1 0.603794 0.430100 0.497405 0.712252
1 0.607180 0.437287 0.492990 0.704584
1 0.604196 0.429972 0.500330 0.718603
1 0.602847 0.433020 0.492521 0.705667
1 0.599748 0.429124 0.496836 0.714774
1 0.599430 0.432614 0.489980 0.707540
1 0.605005 0.428522 0.502805 0.713621
1 0.605318 0.434327 0.499476 0.713609
1 0.608797 0.435098 0.497254 0.707398
1 0.615479 0.427496 0.490560 0.707407
1 0.618507 0.423188 0.493568 0.701651
1 0.595909 0.435262 0.474621 0.696026
1 0.605707 0.437276 0.489167 0.693437
1 0.603111 0.440527 0.486993 0.693690
1 0.603659 0.429369 0.500493 0.701811
1 0.602735 0.433633 0.489840 0.696602
1 0.604043 0.428829 0.507571 0.708985
1 0.602581 0.434626 0.497032 0.701254
1 0.603146 0.425217 0.503615 0.705023
1 0.605626 0.430335 0.493923 0.706075
1 0.604527 0.427099 0.499844 0.701071
1 0.606190 0.431650 0.497450 0.710139
1 0.610961 0.425703 0.507943 0.697507
1 0.603599 0.430890 0.509402 0.713176
1 0.613268 0.433442 0.497078 0.707039
1 0.610191 0.431542 0.501561 0.710606
1 0.580548 0.428147 0.478614 0.721734
1 0.596564 0.441245 0.477149 0.705723
1 0.606521 0.435994 0.488330 0.709383
1 0.606680 0.437807 0.491785 0.714098
1 0.601801 0.430408 0.498978 0.714250
1 0.598646 0.434666 0.487219 0.708554
1 0.602186 0.429308 0.509992 0.716916
1 0.602836 0.433034 0.501722 0.707541
1 0.601813 0.427309 0.506057 0.707698
1 0.605973 0.430294 0.503626 0.709242
1 0.603980 0.427348 0.511489 0.704814
1 0.604832 0.434468 0.508451 0.711489
1 0.603860 0.431303 0.509294 0.718138
1 0.609926 0.436589 0.497560 0.705275
1 0.606926 0.434205 0.499067 0.709507
1 0.617803 0.427067 0.493362 0.730950
1 0.589507 0.428412 0.478597 0.728769
1 0.600362 0.434170 0.476164 0.711440
1 0.608647 0.433680 0.497124 0.719735
1 0.607473 0.431657 0.505377 0.728555
1 0.600440 0.429590 0.500099 0.721365
1 0.598616 0.428788 0.492440 0.723262
1 0.601968 0.429516 0.507876 0.716578
1 0.604590 0.430584 0.507364 0.719063
1 0.601465 0.431425 0.509524 0.716792
1 0.604030 0.433247 0.511732 0.719906
1 0.604830 0.427691 0.512271 0.723141
1 0.604777 0.431296 0.505031 0.722960
1 0.602623 0.432370 0.513723 0.728230
1 0.607782 0.435636 0.497751 0.724060
1 0.605494 0.428681 0.497959 0.719641
1 0.609908 0.426546 0.500858 0.748894
1 0.588677 0.428656 0.478610 0.708395
1 0.602325 0.431982 0.478263 0.714135
1 0.611898 0.425281 0.492451 0.709734
1 0.607651 0.422812 0.510422 0.715905
1 0.604290 0.434160 0.503725 0.711319
1 0.603622 0.430910 0.501322 0.720547
1 0.602872 0.432169 0.506510 0.724000
1 0.603288 0.433983 0.503889 0.727287
1 0.601746 0.432148 0.515244 0.731999
1 0.600885 0.431455 0.506661 0.724782
1 0.603141 0.427612 0.510177 0.730271
1 0.601349 0.426662 0.498274 0.726333
1 0.602092 0.425777 0.508175 0.734111
1 0.605049 0.428598 0.495026 0.732882
1 0.603705 0.430906 0.500842 0.740748
1 0.610158 0.431686 0.502389 0.743439
1 0.604341 0.433844 0.489535 0.715941
1 0.612556 0.426962 0.501953 0.714439
1 0.605191 0.430962 0.507395 0.710689
1 0.602279 0.431686 0.498482 0.712565
1 0.601837 0.429545 0.493251 0.715343
1 0.604362 0.430876 0.502609 0.717390
1 0.604587 0.434031 0.497124 0.712130
1 0.602536 0.430227 0.512661 0.729044
1 0.603901 0.429734 0.499537 0.710576
1 0.601146 0.433078 0.505552 0.716021
1 0.601893 0.431335 0.498140 0.716905
1 0.604116 0.427361 0.504080 0.724715
1 0.606827 0.431333 0.498075 0.721655
1 0.597439 0.435292 0.504967 0.723413
1 0.605663 0.434026 0.497573 0.708600
1 0.605231 0.433792 0.497688 0.698609
1 0.605099 0.432531 0.497751 0.701510
1 0.605151 0.430208 0.490418 0.703337
1 0.605467 0.432291 0.499483 0.705606
1 0.604857 0.431328 0.495935 0.703958
1 0.603527 0.430517 0.504712 0.711001
1 0.603242 0.430804 0.496234 0.701427
1 0.602892 0.434508 0.499204 0.701988
1 0.602772 0.434363 0.485794 0.697485
1 0.600619 0.431151 0.497244 0.710093
1 0.608224 0.438127 0.499119 0.714692
1 0.609446 0.442723 0.499884 0.707402
1 0.599850 0.438516 0.498155 0.703983
1 0.606531 0.434322 0.501233 0.699304
1 0.601145 0.445973 0.487233 0.679742
1 0.606453 0.436230 0.491763 0.696199
1 0.605872 0.440087 0.494080 0.692432
1 0.607113 0.436895 0.499159 0.702841
1 0.603604 0.440375 0.496199 0.697762
1 0.604793 0.439414 0.493709 0.699556
1 0.606251 0.444661 0.493410 0.698536
1 0.605354 0.437920 0.486402 0.702739
1 0.601662 0.436835 0.505433 0.709956
1 0.612794 0.434222 0.497332 0.709889
1 0.607281 0.432974 0.505187 0.703041
1 0.606774 0.439302 0.516609 0.699633