1 0.396370 0.342482 0.325441 0.467192
1 0.393363 0.345674 0.310066 0.447093
1 0.392690 0.351552 0.314615 0.442883
1 0.394877 0.354828 0.314411 0.445197
1 0.396649 0.350357 0.313703 0.446518
1 0.393191 0.341598 0.310822 0.436205
1 0.394659 0.346123 0.309125 0.434214
1 0.394903 0.345781 0.313831 0.435665
1 0.392182 0.345029 0.312079 0.433044
1 0.394838 0.351426 0.311223 0.443545
1 0.399799 0.343756 0.316635 0.446881
1 0.391801 0.344481 0.312188 0.431543
1 0.390702 0.348536 0.307843 0.435676
1 0.393049 0.346516 0.309276 0.436267
1 0.394036 0.347824 0.310990 0.431608
1 0.391519 0.347662 0.309730 0.437832
1 0.393912 0.343847 0.308071 0.430742
1 0.389500 0.346281 0.314690 0.427548
1 0.392555 0.345802 0.312101 0.431116
1 0.394612 0.348414 0.309630 0.439636
1 0.391782 0.347963 0.309694 0.434799
1 0.392133 0.344995 0.317114 0.442406
1 0.390810 0.341080 0.313529 0.437401
1 0.389459 0.349284 0.313089 0.421730
1 0.391689 0.343572 0.308359 0.430062
1 0.395083 0.347339 0.314962 0.437240
1 0.393427 0.345675 0.310117 0.429533
1 0.392143 0.348303 0.315044 0.439134
1 0.390882 0.348679 0.307876 0.435193
1 0.392482 0.348498 0.310353 0.443915
1 0.394538 0.348555 0.306605 0.439545
1 0.395669 0.348147 0.313781 0.439039