1 0.474081 0.400860 0.297088 0.413329
1 0.470153 0.401233 0.299279 0.411747
1 0.471487 0.400918 0.299073 0.414462
1 0.468713 0.404248 0.293674 0.415154
1 0.472862 0.398079 0.299735 0.411467
1 0.473557 0.400204 0.298631 0.414667
1 0.472784 0.398118 0.299588 0.412719
1 0.472584 0.396518 0.300787 0.422708
1 0.470617 0.399666 0.296405 0.404881
1 0.468285 0.401850 0.291682 0.408787
1 0.470786 0.403261 0.297860 0.410518
1 0.473564 0.402658 0.298703 0.410304
1 0.475094 0.400578 0.298222 0.412294
1 0.471380 0.399161 0.300325 0.411087
1 0.474325 0.398293 0.303981 0.417085
1 0.472247 0.406280 0.298802 0.403190
1 0.468271 0.402268 0.292876 0.405602
1 0.469887 0.406861 0.289841 0.405855
1 0.472259 0.401231 0.293812 0.410459
1 0.472520 0.401287 0.301327 0.415447
1 0.470179 0.400103 0.301095 0.413141
1 0.471843 0.402481 0.304385 0.414099
1 0.469150 0.404858 0.292967 0.402754
1 0.470775 0.402575 0.294533 0.408378
1 0.472679 0.399072 0.295525 0.413380
1 0.473442 0.399324 0.300404 0.406074
1 0.472491 0.400120 0.298281 0.413004
1 0.469568 0.402681 0.298487 0.415423
1 0.472941 0.403175 0.298097 0.408618
1 0.472254 0.401768 0.297776 0.407469