1 0.357233 0.307807 0.242550 0.420546
1 0.359691 0.309123 0.239224 0.414895
1 0.361271 0.308439 0.242954 0.412201
1 0.358134 0.309984 0.245079 0.416303
1 0.359971 0.310096 0.239875 0.404207
1 0.360487 0.310146 0.247801 0.396582
1 0.359931 0.309166 0.244226 0.409320
1 0.359453 0.308920 0.243820 0.405210
1 0.359713 0.311096 0.246224 0.402057
1 0.360338 0.307408 0.242117 0.406472
1 0.360373 0.308545 0.247913 0.406831
1 0.360087 0.311138 0.240824 0.402145
1 0.358145 0.304627 0.246028 0.407528
1 0.359534 0.303109 0.245152 0.398458
1 0.359955 0.307212 0.238081 0.391336
1 0.357194 0.304388 0.249090 0.402364
1 0.360299 0.302811 0.249367 0.399961
1 0.361003 0.305228 0.242192 0.398516
1 0.358470 0.303082 0.245120 0.401015
1 0.360088 0.305321 0.247827 0.394099
1 0.360287 0.307249 0.242718 0.394066
1 0.360286 0.304697 0.246144 0.398677
1 0.360992 0.305985 0.245330 0.391751
1 0.360369 0.309610 0.242466 0.388019
1 0.358396 0.311235 0.243516 0.392123
1 0.362157 0.310514 0.239292 0.392880
1 0.364905 0.315091 0.237245 0.383306
1 0.351371 0.300426 0.265325 0.426044
1 0.354494 0.305750 0.253299 0.418092
1 0.359857 0.309298 0.246100 0.410766
1 0.356464 0.308555 0.254979 0.411007
1 0.357164 0.308784 0.248812 0.401569
1 0.346493 0.305501 0.255384 0.408246
1 0.359590 0.306868 0.244599 0.402528
1 0.361017 0.310044 0.245348 0.410109
1 0.356267 0.308264 0.247497 0.398861
1 0.354904 0.305251 0.247637 0.406076
1 0.359214 0.309715 0.247353 0.394651
1 0.347572 0.312942 0.258013 0.398488
1 0.360205 0.305228 0.246253 0.405432
1 0.356718 0.306384 0.248151 0.390697
1 0.352767 0.302052 0.246655 0.398636
1 0.355741 0.307727 0.249020 0.393433
1 0.360542 0.310742 0.249858 0.389922
1 0.353767 0.303550 0.248582 0.405225
1 0.355160 0.307949 0.250433 0.394955
1 0.351080 0.303715 0.250254 0.395656
1 0.360617 0.314326 0.250372 0.392868
1 0.362083 0.320572 0.249280 0.391208
1 0.355069 0.302978 0.254496 0.400243
1 0.353214 0.302252 0.251480 0.397469
1 0.359645 0.309166 0.263170 0.396139