1 0.551678 0.251834 0.181008 0.218532
1 0.550787 0.255862 0.179157 0.211415
1 0.550382 0.255981 0.178066 0.214692
1 0.550910 0.253830 0.177070 0.223203
1 0.549450 0.250576 0.183507 0.226723
1 0.551706 0.255338 0.179462 0.214319
1 0.550504 0.256716 0.178803 0.215077
1 0.550679 0.255986 0.179022 0.216448
1 0.551181 0.255238 0.177989 0.215883
1 0.549574 0.252525 0.184385 0.220443
1 0.549523 0.253693 0.181466 0.214362
1 0.549469 0.255594 0.178649 0.213980
1 0.550678 0.256156 0.179884 0.217968
1 0.549031 0.257158 0.177936 0.217366
1 0.550160 0.255682 0.177701 0.214909
1 0.547831 0.256221 0.179903 0.217841
1 0.549424 0.255431 0.179897 0.211899
1 0.550152 0.253977 0.179640 0.214629
1 0.551581 0.255567 0.178943 0.214389
1 0.551330 0.255887 0.180703 0.213331
1 0.549926 0.256222 0.176200 0.214208
1 0.548991 0.255707 0.176964 0.216777
1 0.548231 0.255415 0.181417 0.212846
1 0.548627 0.254209 0.177440 0.213093
1 0.549442 0.254711 0.179284 0.215695
1 0.549883 0.254953 0.180499 0.212643
1 0.550250 0.256911 0.177727 0.217193
1 0.550523 0.255936 0.178538 0.219212
1 0.548709 0.256578 0.179622 0.210718
1 0.550038 0.254909 0.183103 0.215469
1 0.550014 0.254700 0.181353 0.214226
1 0.550209 0.256191 0.183990 0.217009
1 0.549539 0.258422 0.182782 0.212218
1 0.549455 0.258710 0.185140 0.217059