1 0.539685 0.465078 0.230387 0.318532
1 0.540657 0.464199 0.233202 0.320764
1 0.535971 0.462381 0.238570 0.329190
1 0.540055 0.466582 0.236357 0.319783
1 0.539603 0.465837 0.240466 0.320473
1 0.538505 0.466733 0.241642 0.319113
1 0.540694 0.463981 0.238151 0.322004
1 0.538709 0.465368 0.236790 0.319257
1 0.540141 0.465100 0.239509 0.319171
1 0.538874 0.464242 0.238751 0.316432
1 0.539424 0.465340 0.240235 0.314198
1 0.538696 0.465159 0.237550 0.314669
1 0.538659 0.465201 0.242102 0.318601
1 0.539727 0.464521 0.241317 0.317014
1 0.540164 0.463625 0.238965 0.313353
1 0.539554 0.464594 0.238857 0.310951
1 0.539789 0.465457 0.240132 0.312963
1 0.538496 0.463210 0.241751 0.316718
1 0.541213 0.464195 0.239974 0.317974
1 0.539762 0.462776 0.236952 0.316791
1 0.538740 0.462436 0.239047 0.312275
1 0.539478 0.462457 0.239544 0.313657
1 0.538423 0.462327 0.240807 0.317886
1 0.541450 0.463527 0.244008 0.315816
1 0.540682 0.463656 0.240610 0.313718
1 0.539378 0.464123 0.243048 0.312919
1 0.540424 0.463333 0.238417 0.311083
1 0.537575 0.462155 0.239707 0.319683
1 0.539337 0.463682 0.241723 0.320418
1 0.540400 0.462943 0.242344 0.318698
1 0.539009 0.462879 0.241740 0.317715
1 0.540757 0.463272 0.237712 0.314146
1 0.538217 0.464567 0.242775 0.318057
1 0.539849 0.461944 0.243409 0.321004
1 0.541019 0.463165 0.243298 0.319560
1 0.539966 0.463129 0.241549 0.320410
1 0.541706 0.464408 0.241590 0.317210
1 0.538398 0.466460 0.247120 0.322653
1 0.541090 0.464138 0.241804 0.320040
1 0.542187 0.465792 0.242034 0.319736
1 0.541863 0.469444 0.249530 0.324023
1 0.540280 0.465510 0.247530 0.317475
1 0.539951 0.465840 0.246055 0.320209
1 0.538859 0.459140 0.249990 0.324937
1 0.542366 0.465703 0.243841 0.319948
1 0.540696 0.469047 0.244425 0.313972
1 0.542041 0.467280 0.240656 0.315355
1 0.539612 0.465642 0.243400 0.318263
1 0.541345 0.464434 0.242994 0.317264
1 0.540897 0.465425 0.246124 0.319546
1 0.540669 0.463974 0.244061 0.319201
1 0.541658 0.468024 0.240832 0.318758
1 0.540556 0.465443 0.243557 0.321294
1 0.538855 0.465731 0.243449 0.318969
1 0.536965 0.466576 0.252620 0.315690
1 0.540113 0.462824 0.245889 0.314665
1 0.539511 0.466220 0.241979 0.318239
1 0.539510 0.468970 0.242681 0.315767
1 0.541860 0.463655 0.241594 0.316845