1 0.558696 0.388881 0.318798 0.445249
1 0.560236 0.392390 0.314349 0.445819
1 0.561369 0.385522 0.317349 0.442448
1 0.565066 0.391704 0.316894 0.432326
1 0.564405 0.394773 0.312449 0.440883
1 0.564943 0.393818 0.315636 0.449460
1 0.558707 0.386963 0.319077 0.452216
1 0.562848 0.389239 0.316888 0.438204
1 0.565796 0.388054 0.315153 0.431202
1 0.566375 0.387603 0.313723 0.437448
1 0.563490 0.389514 0.317361 0.439512
1 0.565017 0.385773 0.322721 0.445874
1 0.561115 0.390078 0.316464 0.438799
1 0.562103 0.387069 0.314802 0.442183
1 0.562188 0.388207 0.315339 0.440524
1 0.565071 0.388300 0.320987 0.438980
1 0.562975 0.390401 0.315827 0.434648
1 0.564116 0.388303 0.316468 0.437487
1 0.566122 0.386417 0.316440 0.441296
1 0.559936 0.391913 0.319687 0.445477
1 0.561354 0.387437 0.318211 0.437790
1 0.562392 0.389384 0.313085 0.434343
1 0.565033 0.392409 0.316764 0.434661
1 0.564014 0.388002 0.323086 0.434406
1 0.566536 0.384611 0.322481 0.441506
1 0.562079 0.389922 0.317769 0.436815
1 0.560482 0.386366 0.315078 0.440416
1 0.566630 0.386525 0.318548 0.434832
1 0.564251 0.385278 0.322369 0.435420
1 0.567644 0.389126 0.321807 0.442561
1 0.560258 0.388582 0.321094 0.441106
1 0.561927 0.390231 0.322747 0.442235
1 0.565081 0.388070 0.321909 0.441357