1 0.506170 0.501731 0.375459 0.547198
1 0.505696 0.503551 0.378320 0.541427
1 0.508463 0.496504 0.381160 0.541496
1 0.510187 0.497434 0.377411 0.529587
1 0.506233 0.499805 0.384815 0.518100
1 0.507909 0.501305 0.386969 0.519673
1 0.508138 0.496998 0.381994 0.522768
1 0.505283 0.495158 0.376054 0.520877
1 0.509370 0.493304 0.384277 0.510998
1 0.509603 0.489249 0.387826 0.501016
1 0.510944 0.487678 0.388718 0.497841
1 0.511258 0.490797 0.378168 0.492666
1 0.513240 0.492683 0.381630 0.494329
1 0.504739 0.493747 0.374358 0.510227
1 0.511595 0.490471 0.380984 0.504988
1 0.510687 0.492046 0.386498 0.512127
1 0.508668 0.491198 0.386656 0.499876
1 0.508284 0.490214 0.390500 0.500142
1 0.508680 0.492347 0.391017 0.495905
1 0.505249 0.488645 0.377548 0.501052
1 0.511842 0.490122 0.389395 0.499581
1 0.511089 0.491543 0.393663 0.509293
1 0.509121 0.494230 0.384429 0.497348
1 0.509749 0.488724 0.387771 0.502723
1 0.511187 0.488948 0.386590 0.499646
1 0.506030 0.497318 0.375085 0.492536
1 0.511312 0.494039 0.383896 0.492417
1 0.510951 0.493118 0.390131 0.495330
1 0.511508 0.496127 0.384326 0.489408
1 0.510625 0.495735 0.385839 0.485438
1 0.511562 0.495940 0.385246 0.491061
1 0.513184 0.493148 0.383745 0.492833
1 0.510398 0.492404 0.389464 0.501860
1 0.511005 0.492411 0.385834 0.496600
1 0.509627 0.493860 0.389859 0.500010
1 0.512234 0.501334 0.391430 0.492525
1 0.513056 0.499803 0.386430 0.499774