1 0.527495 0.367033 0.242228 0.367196
1 0.530058 0.367625 0.241535 0.368468
1 0.526432 0.370049 0.240917 0.366127
1 0.529439 0.372630 0.247491 0.363574
1 0.528397 0.372890 0.248065 0.362378
1 0.531224 0.370625 0.249384 0.361736
1 0.529384 0.371549 0.246041 0.360276
1 0.531253 0.371842 0.254157 0.358786
1 0.530552 0.371599 0.255598 0.356146
1 0.532459 0.373251 0.256431 0.355063
1 0.535632 0.373669 0.256703 0.350473
1 0.528390 0.368626 0.246847 0.349020
1 0.530396 0.367684 0.252422 0.355664
1 0.530748 0.369622 0.256337 0.354302
1 0.532452 0.371762 0.254408 0.352491
1 0.535734 0.374486 0.254794 0.346047
1 0.530457 0.369060 0.246463 0.351653
1 0.532536 0.369037 0.252647 0.358620
1 0.532788 0.369923 0.253928 0.351647
1 0.531381 0.370695 0.251428 0.346579
1 0.534027 0.372851 0.253771 0.339309
1 0.532580 0.367416 0.247945 0.355343
1 0.534077 0.368456 0.252172 0.356367
1 0.532301 0.369832 0.253458 0.354766
1 0.531984 0.369791 0.251511 0.353840
1 0.534398 0.370919 0.252488 0.341183
1 0.532987 0.367410 0.248543 0.350057
1 0.533300 0.369313 0.252194 0.353689
1 0.532410 0.370611 0.251492 0.350943
1 0.532408 0.370483 0.250160 0.348734
1 0.534842 0.370539 0.256071 0.341354
1 0.532784 0.371670 0.248176 0.345091
1 0.533825 0.368318 0.250503 0.352451
1 0.534674 0.369159 0.254160 0.350169
1 0.532780 0.369215 0.251964 0.348074
1 0.535407 0.372532 0.258573 0.337372
1 0.531711 0.368425 0.246773 0.350549
1 0.534282 0.368256 0.246833 0.347222
1 0.534160 0.369219 0.251069 0.345400
1 0.534727 0.365681 0.250819 0.348085
1 0.534389 0.367235 0.245595 0.350403
1 0.534055 0.363433 0.246034 0.350767
1 0.535219 0.360608 0.255953 0.357438
1 0.532653 0.368626 0.253821 0.348760
1 0.533528 0.371047 0.250639 0.343781
1 0.533554 0.369710 0.249516 0.340320
1 0.534246 0.367419 0.250114 0.348096
1 0.533027 0.370059 0.248950 0.342328
1 0.532324 0.369019 0.256845 0.346637
1 0.530080 0.368963 0.250500 0.340932
1 0.530081 0.370500 0.254526 0.345862
1 0.538033 0.368725 0.250035 0.343500
1 0.534212 0.372270 0.250781 0.345398
1 0.531977 0.370181 0.249101 0.342429
1 0.533157 0.369555 0.252768 0.345385
1 0.531772 0.371704 0.252327 0.347170
1 0.534070 0.373216 0.253140 0.342612
1 0.534582 0.370308 0.252458 0.342330
1 0.533237 0.371636 0.253324 0.346624
1 0.534475 0.372641 0.253545 0.347380
1 0.534896 0.373733 0.253977 0.342742