1 0.687098 0.323867 0.246337 0.331598
1 0.687652 0.324313 0.249791 0.330749
1 0.686682 0.322821 0.249118 0.325814
1 0.685814 0.324759 0.244279 0.329649
1 0.688006 0.327400 0.244649 0.321528
1 0.687160 0.327034 0.250400 0.320447
1 0.686541 0.326387 0.251308 0.322426
1 0.687223 0.327422 0.250843 0.323205
1 0.688037 0.327427 0.247444 0.324574
1 0.687858 0.328458 0.244920 0.320224
1 0.688105 0.326976 0.246147 0.318140
1 0.686302 0.327581 0.247584 0.317149
1 0.686116 0.328224 0.248141 0.313663
1 0.689150 0.324614 0.247056 0.314393
1 0.687170 0.327031 0.245996 0.320254
1 0.687777 0.326516 0.250030 0.315726
1 0.685692 0.326746 0.247289 0.312399
1 0.684825 0.327573 0.243305 0.309364
1 0.688130 0.322538 0.250873 0.316207
1 0.688606 0.324969 0.246359 0.315167
1 0.687744 0.326342 0.249149 0.316040
1 0.685543 0.326199 0.246124 0.314767
1 0.686400 0.327521 0.243838 0.312819
1 0.686522 0.322766 0.244181 0.321573
1 0.687312 0.324467 0.242044 0.316823
1 0.688018 0.325320 0.246580 0.318931
1 0.685925 0.325911 0.243371 0.318065
1 0.687613 0.326634 0.244523 0.312725
1 0.684832 0.321047 0.245159 0.325377
1 0.686802 0.323406 0.246071 0.323237
1 0.688629 0.324564 0.247073 0.322616
1 0.686784 0.326366 0.244822 0.319385
1 0.687708 0.326856 0.243766 0.313448
1 0.686505 0.321881 0.244091 0.330467
1 0.689528 0.322263 0.245355 0.319805
1 0.687107 0.324779 0.245224 0.315784
1 0.690707 0.324359 0.261778 0.327155
1 0.684996 0.323835 0.253289 0.318736
1 0.684071 0.323979 0.258406 0.318837
1 0.690465 0.329567 0.252867 0.319672
1 0.689052 0.330906 0.247178 0.317152
1 0.690447 0.329186 0.249389 0.313991
1 0.686352 0.327770 0.252648 0.320177
1 0.689359 0.332765 0.250291 0.304083
1 0.687586 0.327747 0.254693 0.320455
1 0.689266 0.326950 0.253228 0.317435
1 0.690230 0.329992 0.251393 0.316706
1 0.688386 0.327590 0.253285 0.322574
1 0.685935 0.331689 0.252666 0.314886
1 0.687892 0.327362 0.251505 0.318284
1 0.689375 0.325573 0.252678 0.319580
1 0.689439 0.328774 0.248151 0.313514
1 0.687665 0.330592 0.252705 0.313061
1 0.690764 0.327877 0.248649 0.314068
1 0.688367 0.332479 0.254625 0.311172
1 0.687644 0.333625 0.255191 0.310201
1 0.687947 0.333354 0.248775 0.313151