1 0.553978 0.224346 0.182767 0.238883
1 0.553308 0.226535 0.180788 0.240577
1 0.554825 0.223691 0.181054 0.236408
1 0.554655 0.226379 0.184088 0.233530
1 0.553780 0.226830 0.183714 0.229375
1 0.554340 0.227176 0.182397 0.234075
1 0.552446 0.221975 0.176866 0.231433
1 0.555307 0.226206 0.184173 0.229994
1 0.554227 0.227176 0.185471 0.233174
1 0.554376 0.226442 0.182761 0.233095
1 0.553702 0.226959 0.182721 0.231424
1 0.552447 0.226873 0.183946 0.232490
1 0.554820 0.224705 0.179224 0.230758
1 0.554371 0.226289 0.183688 0.227726
1 0.555689 0.226381 0.181648 0.230284
1 0.554118 0.227153 0.184555 0.229929
1 0.553503 0.227998 0.183385 0.231310
1 0.552138 0.226469 0.184905 0.231939
1 0.558258 0.227938 0.185979 0.230055
1 0.554271 0.224589 0.178742 0.232399
1 0.554288 0.225198 0.183231 0.231648
1 0.556193 0.227141 0.183291 0.227753
1 0.553639 0.227639 0.187479 0.228814
1 0.553644 0.228988 0.185987 0.229223
1 0.552217 0.226949 0.188084 0.233944
1 0.557274 0.229813 0.186051 0.225096
1 0.553069 0.225915 0.180604 0.236638
1 0.554173 0.224811 0.179827 0.236073
1 0.555518 0.227026 0.181859 0.236378
1 0.554858 0.227714 0.184951 0.233832
1 0.553424 0.229267 0.184546 0.229897
1 0.553119 0.227934 0.187938 0.227806
1 0.554715 0.227317 0.184473 0.242164
1 0.555850 0.227610 0.183524 0.236172
1 0.554738 0.229027 0.183969 0.229553
1 0.553803 0.228091 0.181501 0.230207
1 0.554420 0.227711 0.180850 0.233947
1 0.555631 0.227115 0.182819 0.235191