1 0.380229 0.452352 0.405014 0.573623
1 0.378837 0.457790 0.407274 0.573462
1 0.382533 0.454204 0.407318 0.579328
1 0.380042 0.452155 0.407578 0.566521
1 0.379624 0.457391 0.401359 0.568623
1 0.378582 0.457342 0.406996 0.566905
1 0.378391 0.453545 0.405057 0.562753
1 0.383868 0.453838 0.402401 0.572999
1 0.378463 0.462558 0.416491 0.564598
1 0.379981 0.457658 0.409905 0.566280
1 0.377204 0.457443 0.403383 0.565693
1 0.381052 0.459870 0.406849 0.553374
1 0.376292 0.456279 0.412884 0.565001
1 0.379655 0.453722 0.406701 0.554789
1 0.380086 0.448395 0.414160 0.571026
1 0.378106 0.449477 0.403943 0.558571
1 0.383304 0.446967 0.407030 0.567050
1 0.380201 0.453087 0.403757 0.567516
1 0.386562 0.444529 0.391692 0.551822
1 0.375756 0.454925 0.409101 0.534993
1 0.379109 0.452662 0.414868 0.558198
1 0.380859 0.452608 0.410794 0.546901
1 0.378220 0.448467 0.410137 0.557348
1 0.380091 0.453625 0.401951 0.544901
1 0.374957 0.448715 0.408376 0.560891
1 0.378435 0.451361 0.402915 0.543951
1 0.379634 0.450575 0.401912 0.547330
1 0.381099 0.448025 0.402973 0.549394
1 0.384501 0.441384 0.405768 0.564343
1 0.381350 0.445060 0.390851 0.538452
1 0.376545 0.453664 0.410193 0.538351
1 0.379011 0.448701 0.412799 0.557529
1 0.380886 0.447305 0.410068 0.551056
1 0.377987 0.440657 0.413011 0.564425
1 0.379543 0.449184 0.408205 0.545251
1 0.377394 0.446214 0.414336 0.557365
1 0.376240 0.450354 0.405260 0.540656
1 0.379551 0.449780 0.403415 0.549256
1 0.379712 0.445657 0.406992 0.552878
1 0.383065 0.441092 0.416476 0.566129
1 0.380537 0.446312 0.400095 0.551396
1 0.386933 0.442980 0.398309 0.556945
1 0.380862 0.448408 0.415734 0.559407
1 0.379031 0.450132 0.408687 0.554460
1 0.376971 0.443432 0.410282 0.564044
1 0.379842 0.448397 0.408807 0.549771
1 0.378749 0.444333 0.416894 0.563586
1 0.378375 0.448432 0.408054 0.550499
1 0.380773 0.449298 0.421048 0.566795
1 0.379712 0.449196 0.407446 0.547387
1 0.381152 0.451153 0.420930 0.559402
1 0.379054 0.448311 0.407372 0.549345
1 0.383207 0.444141 0.418944 0.564344
1 0.382487 0.449822 0.402914 0.545026
1 0.387891 0.445363 0.399923 0.556134
1 0.378769 0.449391 0.415637 0.549302
1 0.379334 0.446664 0.408914 0.561106
1 0.379788 0.447569 0.407341 0.559838
1 0.378082 0.446133 0.408520 0.563758
1 0.379425 0.448551 0.408155 0.559774
1 0.378371 0.453289 0.414392 0.546864
1 0.377536 0.449603 0.409640 0.555358
1 0.378404 0.453049 0.406852 0.549462