1 0.564868 0.325098 0.228785 0.355634
1 0.565003 0.328409 0.234742 0.345661
1 0.566100 0.329484 0.232293 0.339857
1 0.566540 0.331252 0.233805 0.342546
1 0.566045 0.325800 0.231540 0.344055
1 0.567575 0.329033 0.228455 0.338378
1 0.566922 0.328045 0.229883 0.341308
1 0.567062 0.328953 0.235182 0.336765
1 0.568053 0.330386 0.231248 0.338555
1 0.567395 0.327344 0.232162 0.336525
1 0.568400 0.327829 0.231813 0.340187
1 0.568078 0.327599 0.231577 0.341541
1 0.568521 0.328445 0.234151 0.336392
1 0.568173 0.330113 0.232170 0.340607
1 0.566362 0.328827 0.232770 0.334968
1 0.567778 0.326652 0.230412 0.339144
1 0.568228 0.325230 0.230480 0.339651
1 0.568041 0.326957 0.233321 0.336853
1 0.567099 0.328933 0.234032 0.342109
1 0.565516 0.328481 0.235603 0.335099
1 0.567990 0.327166 0.233962 0.336685
1 0.567726 0.325534 0.231756 0.339916
1 0.567328 0.325650 0.233637 0.335173
1 0.567437 0.328572 0.237371 0.336456
1 0.566123 0.326766 0.236680 0.335438
1 0.568226 0.326020 0.234731 0.339113
1 0.568579 0.326183 0.231993 0.339305
1 0.567791 0.327004 0.233673 0.337321
1 0.568847 0.329860 0.238674 0.334619
1 0.565695 0.328368 0.235125 0.331240
1 0.567452 0.327016 0.234581 0.342279
1 0.568686 0.326125 0.236634 0.342329
1 0.567649 0.327779 0.235053 0.341464
1 0.567762 0.330720 0.237424 0.339427
1 0.567044 0.328913 0.239599 0.340633
1 0.567731 0.329291 0.237203 0.343723
1 0.566691 0.328859 0.236898 0.348151
1 0.569110 0.332576 0.239769 0.341217
1 0.568062 0.332546 0.232842 0.340432
1 0.568646 0.336018 0.232913 0.334341
1 0.573342 0.331060 0.240693 0.343138
1 0.570498 0.327377 0.238367 0.345031
1 0.567776 0.329099 0.236569 0.344327
1 0.568180 0.334133 0.230550 0.334673
1 0.570918 0.330773 0.233815 0.333531
1 0.568300 0.332325 0.232834 0.334735
1 0.563354 0.331545 0.229444 0.339721
1 0.569389 0.326825 0.233515 0.338681
1 0.569127 0.331141 0.235312 0.335165
1 0.568470 0.329299 0.235135 0.335077
1 0.568650 0.331748 0.234822 0.336599
1 0.566214 0.333243 0.234658 0.337794
1 0.568288 0.331645 0.235398 0.336613
1 0.567117 0.329741 0.231417 0.331086
1 0.568681 0.329218 0.231541 0.333867
1 0.571773 0.330763 0.229165 0.327150
1 0.568355 0.331995 0.234098 0.337493
1 0.563859 0.334605 0.233000 0.338014
1 0.563664 0.335647 0.240984 0.328479
1 0.570428 0.333368 0.241848 0.334463
1 0.568489 0.333775 0.235390 0.335963
1 0.569704 0.333823 0.234029 0.332990