1 0.464413 0.348206 0.338609 0.461748
1 0.454369 0.352722 0.333627 0.452612
1 0.456957 0.356957 0.334558 0.443280
1 0.456064 0.357391 0.335269 0.447356
1 0.457693 0.353103 0.335459 0.451157
1 0.451413 0.346779 0.335761 0.445955
1 0.453131 0.354300 0.336945 0.441357
1 0.458894 0.353081 0.335217 0.437487
1 0.456319 0.354332 0.336556 0.444513
1 0.459098 0.354715 0.336965 0.441482
1 0.457399 0.352909 0.339261 0.449445
1 0.456281 0.355377 0.335824 0.435369
1 0.453522 0.356660 0.333059 0.442729
1 0.457570 0.354457 0.334243 0.447404
1 0.459480 0.353177 0.341901 0.440965
1 0.458389 0.353945 0.337884 0.439805
1 0.456534 0.354498 0.350002 0.445826
1 0.456244 0.354923 0.336687 0.431681
1 0.453235 0.353191 0.337982 0.438757
1 0.457023 0.356987 0.337402 0.442143
1 0.456245 0.353713 0.338987 0.445177
1 0.459566 0.355718 0.337772 0.439272
1 0.458345 0.353551 0.343339 0.449332
1 0.454623 0.358206 0.342005 0.433028
1 0.454564 0.354612 0.343997 0.440013
1 0.460302 0.354060 0.341553 0.441829
1 0.458659 0.354498 0.344706 0.443854
1 0.458532 0.354650 0.344149 0.442365
1 0.457728 0.353388 0.345825 0.450525
1 0.454776 0.354053 0.346253 0.440982
1 0.457715 0.353462 0.345734 0.437466
1 0.457265 0.352297 0.343112 0.442589
1 0.457354 0.353319 0.344972 0.447527
1 0.453699 0.360318 0.347640 0.429544
1 0.458683 0.357384 0.352099 0.437652