1 0.396004 0.365349 0.194927 0.298979
1 0.399363 0.363439 0.196255 0.300144
1 0.398802 0.364581 0.200993 0.293761
1 0.397550 0.367427 0.196620 0.289559
1 0.396819 0.367407 0.198519 0.289594
1 0.397659 0.364776 0.197608 0.295601
1 0.395513 0.361482 0.201555 0.294227
1 0.398525 0.364656 0.199475 0.288240
1 0.397095 0.364043 0.199099 0.290390
1 0.396913 0.364551 0.201809 0.289544
1 0.396362 0.365027 0.197430 0.289684
1 0.400355 0.364583 0.201525 0.295050
1 0.396759 0.365347 0.205117 0.292587
1 0.398900 0.364907 0.203113 0.293074
1 0.397644 0.365570 0.201883 0.291166
1 0.397121 0.364636 0.203255 0.293539
1 0.395718 0.364766 0.203455 0.292373
1 0.397515 0.368225 0.201511 0.288398
1 0.396987 0.366441 0.204814 0.294184
1 0.397812 0.366260 0.204754 0.292734
1 0.396139 0.365870 0.202667 0.294940
1 0.396553 0.365554 0.201548 0.290191
1 0.395473 0.364582 0.203856 0.290429
1 0.397324 0.366663 0.203326 0.290365
1 0.396129 0.366338 0.205035 0.297222
1 0.396869 0.365962 0.206932 0.295589
1 0.397077 0.366917 0.204827 0.294128
1 0.395683 0.366265 0.204089 0.289605
1 0.395924 0.366673 0.204582 0.292313
1 0.396712 0.367613 0.207703 0.292270
1 0.394819 0.367039 0.205325 0.293202
1 0.396401 0.366654 0.205189 0.295811
1 0.396005 0.365555 0.206994 0.293689
1 0.395468 0.366602 0.205118 0.289966
1 0.394895 0.367135 0.203460 0.293593
1 0.396508 0.369543 0.208393 0.288928
1 0.395544 0.365758 0.207213 0.297190
1 0.395883 0.367118 0.210932 0.295652
1 0.395530 0.367678 0.207870 0.292690
1 0.394699 0.368714 0.204782 0.292652
1 0.393885 0.372627 0.211605 0.291480
1 0.394735 0.370791 0.211739 0.293801
1 0.395169 0.370735 0.207151 0.293598
1 0.400584 0.364711 0.207526 0.294887
1 0.398926 0.363924 0.209691 0.302620
1 0.398102 0.364404 0.209723 0.301444
1 0.398655 0.362247 0.203969 0.300215
1 0.399231 0.364306 0.205748 0.295669
1 0.398083 0.366052 0.204232 0.297444
1 0.394879 0.366928 0.205977 0.298632
1 0.396536 0.365839 0.211217 0.302615
1 0.396575 0.368380 0.210660 0.299911
1 0.393429 0.369658 0.208425 0.302680
1 0.396368 0.368305 0.204491 0.299314
1 0.396350 0.366915 0.205291 0.299290