1 0.588534 0.397543 0.319176 0.420294
1 0.584923 0.400421 0.325900 0.409378
1 0.585354 0.401966 0.323431 0.416271
1 0.588825 0.394275 0.322939 0.419543
1 0.584974 0.399545 0.323308 0.416787
1 0.590706 0.400617 0.321136 0.415919
1 0.591698 0.397402 0.328526 0.418914
1 0.589960 0.400197 0.326967 0.419141
1 0.591717 0.398647 0.329528 0.423341
1 0.594931 0.395819 0.321928 0.423856
1 0.574561 0.400402 0.315073 0.412016
1 0.585877 0.402477 0.325686 0.411258
1 0.587855 0.402514 0.324500 0.411482
1 0.589592 0.405483 0.321657 0.413221
1 0.591450 0.402723 0.323265 0.415387
1 0.591429 0.399474 0.325622 0.416676
1 0.588634 0.398719 0.329949 0.418434
1 0.574550 0.407700 0.318614 0.412895
1 0.586189 0.401192 0.325008 0.412254
1 0.588280 0.402867 0.326710 0.414530
1 0.587380 0.405041 0.325568 0.411967
1 0.591243 0.402284 0.324074 0.415096
1 0.591629 0.399856 0.327695 0.413534
1 0.590191 0.400891 0.334269 0.420425
1 0.586299 0.400794 0.335379 0.412926
1 0.587644 0.400569 0.329672 0.416649
1 0.589226 0.399101 0.329325 0.419790
1 0.592508 0.397227 0.329105 0.415020
1 0.591461 0.400614 0.332983 0.411010
1 0.592800 0.406281 0.336852 0.410068
1 0.584951 0.403775 0.333253 0.421006
1 0.589580 0.403962 0.327206 0.416687
1 0.591138 0.401055 0.326712 0.421402
1 0.595915 0.404226 0.330025 0.410286