1 0.095694 0.306986 0.015496 0.021160
1 0.735193 0.271924 0.231999 0.292223
1 0.734056 0.272288 0.234023 0.295932
1 0.733281 0.270641 0.233364 0.300459
1 0.735116 0.272114 0.232104 0.294786
1 0.734070 0.273158 0.233674 0.291471
1 0.734802 0.272694 0.233886 0.292714
1 0.733658 0.270977 0.233099 0.295746
1 0.733946 0.270853 0.235178 0.301829
1 0.731193 0.273826 0.230701 0.286375
1 0.735351 0.273327 0.230435 0.291329
1 0.733621 0.273616 0.231660 0.296273
1 0.735442 0.273172 0.233394 0.298255
1 0.733920 0.272776 0.233182 0.300413
1 0.733214 0.271600 0.233881 0.301936
1 0.732307 0.275469 0.230809 0.282567
1 0.735488 0.274603 0.231644 0.292150
1 0.734190 0.275887 0.232797 0.294849
1 0.734770 0.274151 0.230864 0.298609
1 0.734970 0.273915 0.236260 0.298795
1 0.734194 0.272081 0.232446 0.302019
1 0.731743 0.276939 0.232987 0.288647
1 0.735571 0.274153 0.232382 0.292769
1 0.735459 0.275631 0.232030 0.295889
1 0.735637 0.274948 0.233816 0.297218
1 0.734550 0.273371 0.234680 0.298800
1 0.734633 0.271505 0.233996 0.301850
1 0.732002 0.276677 0.232370 0.288856
1 0.735201 0.274549 0.231014 0.294756
1 0.734272 0.275107 0.230555 0.297412
1 0.735391 0.275427 0.232859 0.299390
1 0.734374 0.274663 0.234877 0.298769
1 0.735383 0.273634 0.232829 0.299575
1 0.738958 0.278613 0.238563 0.291748
1 0.734967 0.274673 0.231041 0.292440
1 0.735820 0.274704 0.232013 0.297990
1 0.736359 0.274679 0.235439 0.296703
1 0.734381 0.275046 0.235458 0.301195
1 0.735851 0.276133 0.233686 0.296539
1 0.735065 0.274779 0.232100 0.300518
1 0.736625 0.275294 0.236042 0.291847
1 0.736601 0.276595 0.237975 0.295737
1 0.735545 0.277737 0.234867 0.291844
1 0.734670 0.277165 0.233949 0.295067
1 0.734630 0.277029 0.233943 0.304340
1 0.738486 0.275505 0.237041 0.302617
1 0.735404 0.270557 0.233880 0.301286
1 0.735730 0.272452 0.233445 0.295638
1 0.734722 0.275377 0.228735 0.295714
1 0.732982 0.273207 0.230702 0.300240
1 0.734209 0.274365 0.236643 0.306943
1 0.735309 0.270858 0.232192 0.295841
1 0.733238 0.275387 0.227337 0.295460
1 0.732334 0.277390 0.228325 0.294631
1 0.736996 0.275811 0.233871 0.298331