1 0.850996 0.401576 0.032790 0.056803
1 0.851500 0.401251 0.031628 0.055527
1 0.851339 0.401547 0.034732 0.055481
1 0.851454 0.401778 0.032144 0.056177
1 0.111375 0.449757 0.026963 0.042690
1 0.111668 0.449495 0.027555 0.044416
1 0.114256 0.449385 0.024837 0.043511
1 0.112237 0.448596 0.027230 0.045042
1 0.217907 0.455097 0.035390 0.048554
1 0.218964 0.455035 0.035465 0.048234
1 0.219587 0.454164 0.036015 0.049665
1 0.963435 0.456655 0.032680 0.047479
1 0.963577 0.457256 0.033677 0.047507
1 0.112367 0.449708 0.028478 0.044387
1 0.114413 0.449787 0.025429 0.043383
1 0.112867 0.449882 0.027724 0.044028
1 0.218174 0.455513 0.035957 0.046956
1 0.217831 0.455324 0.034390 0.047180
1 0.218690 0.455339 0.035434 0.049415
1 0.219186 0.455593 0.035197 0.048836
1 0.963698 0.458389 0.032725 0.046471
1 0.964050 0.458654 0.031841 0.042790
1 0.963506 0.458327 0.032303 0.045922
1 0.218790 0.454665 0.035922 0.048755
1 0.963559 0.458975 0.033131 0.047103
1 0.963116 0.458058 0.033463 0.045620
1 0.034234 0.496782 0.044419 0.072310
1 0.034601 0.495943 0.045526 0.071184
1 0.033512 0.495926 0.041115 0.074059
1 0.034162 0.495767 0.043320 0.070257
1 0.034333 0.496746 0.043464 0.070038
1 0.032487 0.496191 0.040457 0.072080
1 0.033642 0.495844 0.043907 0.070639
1 0.033934 0.495863 0.044241 0.069189
1 0.033784 0.495241 0.044206 0.073295
1 0.529725 0.411215 0.301662 0.426031
1 0.527073 0.414456 0.299961 0.422557
1 0.528636 0.415917 0.302000 0.432037
1 0.528357 0.410088 0.296165 0.421954
1 0.528971 0.409947 0.301623 0.418790
1 0.529369 0.406876 0.301209 0.422885
1 0.528469 0.407001 0.299856 0.422142
1 0.528638 0.409539 0.299979 0.423096
1 0.530470 0.412167 0.295537 0.414472
1 0.527606 0.411823 0.300740 0.416646
1 0.532409 0.410888 0.298226 0.418063
1 0.530525 0.410639 0.294584 0.415594
1 0.530736 0.409075 0.302481 0.418464
1 0.531603 0.407790 0.303200 0.421181
1 0.525316 0.415241 0.300332 0.405961
1 0.529388 0.410137 0.297931 0.408045
1 0.528480 0.414438 0.296571 0.412778
1 0.528535 0.408872 0.296148 0.418159
1 0.529313 0.409499 0.298786 0.417238
1 0.528323 0.410231 0.302326 0.422215
1 0.528710 0.415414 0.307228 0.404311
1 0.529562 0.412737 0.296650 0.405423
1 0.529541 0.411153 0.295336 0.410859
1 0.529420 0.408210 0.301169 0.423610
1 0.528849 0.408102 0.301463 0.413043
1 0.530110 0.409566 0.300051 0.419511
1 0.525806 0.411770 0.297216 0.418390
1 0.527970 0.410438 0.299669 0.417661
1 0.527776 0.408853 0.299274 0.418085
1 0.529515 0.415296 0.298451 0.415080
1 0.526431 0.418511 0.306626 0.400964