1 0.308797 0.451817 0.316054 0.526267
1 0.311014 0.457491 0.315082 0.535045
1 0.314052 0.455412 0.305921 0.522714
1 0.310027 0.463013 0.318567 0.506884
1 0.308397 0.462531 0.309462 0.511081
1 0.313039 0.462034 0.311268 0.514496
1 0.308320 0.450633 0.309674 0.508254
1 0.312421 0.456901 0.316225 0.496972
1 0.310477 0.453276 0.318446 0.493118
1 0.307603 0.454576 0.311065 0.501602
1 0.309565 0.455869 0.300426 0.501254
1 0.311316 0.453770 0.305631 0.520514
1 0.309300 0.457345 0.313012 0.500673
1 0.311711 0.456041 0.316522 0.503288
1 0.313972 0.457132 0.309703 0.510282
1 0.314826 0.454551 0.312692 0.495025
1 0.312252 0.459311 0.302268 0.494047
1 0.310205 0.457966 0.301853 0.504430
1 0.310928 0.460177 0.311781 0.483512
1 0.314430 0.454676 0.313083 0.505424
1 0.315200 0.454920 0.310445 0.512448
1 0.310514 0.457345 0.313199 0.502168
1 0.309078 0.455749 0.307387 0.505876
1 0.310515 0.456780 0.309684 0.517200
1 0.307385 0.459984 0.312338 0.493196
1 0.308978 0.452733 0.312823 0.507319
1 0.313436 0.454991 0.312826 0.502347
1 0.310046 0.455350 0.311416 0.497941
1 0.309508 0.455395 0.311897 0.505530
1 0.313172 0.457224 0.320201 0.509478
1 0.307907 0.459544 0.314083 0.494236
1 0.311469 0.463032 0.311898 0.492646
1 0.308247 0.458498 0.304970 0.495696
1 0.309520 0.460417 0.315074 0.498006
1 0.306500 0.470509 0.316980 0.480572
1 0.311679 0.466033 0.312196 0.477024
1 0.316289 0.473279 0.313885 0.484464