1 0.394817 0.301736 0.144036 0.207734
1 0.396332 0.302206 0.143995 0.205220
1 0.394745 0.302379 0.142713 0.203059
1 0.394900 0.306198 0.144896 0.206277
1 0.397202 0.307190 0.143117 0.204661
1 0.397378 0.306470 0.143742 0.199966
1 0.395564 0.305188 0.143553 0.199521
1 0.395863 0.305679 0.143417 0.203105
1 0.397432 0.304226 0.145392 0.208176
1 0.396962 0.304701 0.141391 0.202911
1 0.397632 0.304996 0.141608 0.201478
1 0.396493 0.305154 0.143071 0.201060
1 0.396352 0.303171 0.144400 0.202890
1 0.397498 0.305650 0.145923 0.204669
1 0.397810 0.304617 0.142672 0.204058
1 0.396259 0.304980 0.144061 0.204033
1 0.397839 0.305304 0.143447 0.202611
1 0.397012 0.305673 0.145615 0.201138
1 0.396040 0.304505 0.144873 0.201839
1 0.396096 0.305368 0.145234 0.204751
1 0.397297 0.303856 0.144578 0.205245
1 0.396593 0.303439 0.144430 0.203233
1 0.397379 0.304715 0.144099 0.204777
1 0.398082 0.303741 0.146109 0.202069
1 0.396806 0.303528 0.147520 0.207977
1 0.397556 0.303564 0.145854 0.208416
1 0.397636 0.305213 0.145435 0.206842
1 0.397728 0.304963 0.145041 0.205999