1 0.461334 0.307061 0.242793 0.315780
1 0.462391 0.306600 0.239072 0.310350
1 0.465107 0.304503 0.240500 0.315279
1 0.463240 0.306378 0.240810 0.319478
1 0.465120 0.309729 0.240733 0.309319
1 0.464206 0.308778 0.246537 0.309820
1 0.464136 0.308884 0.246941 0.308271
1 0.465916 0.307353 0.244344 0.309383
1 0.465719 0.309472 0.242349 0.313133
1 0.463993 0.310712 0.240789 0.314045
1 0.465600 0.309297 0.248339 0.311719
1 0.465194 0.309402 0.247170 0.308516
1 0.463755 0.310147 0.247902 0.308707
1 0.465809 0.310979 0.241003 0.310132
1 0.464279 0.310421 0.241245 0.311719
1 0.465542 0.308810 0.249023 0.304764
1 0.465977 0.309561 0.247092 0.305269
1 0.465331 0.310819 0.246008 0.312543
1 0.470022 0.314690 0.250254 0.304270
1 0.465676 0.309678 0.243066 0.313247
1 0.465973 0.311161 0.242258 0.314658
1 0.464832 0.311359 0.248281 0.310675
1 0.464524 0.311090 0.244774 0.309417
1 0.466488 0.310609 0.247017 0.312853
1 0.471091 0.313970 0.249209 0.301055
1 0.464618 0.310157 0.244603 0.316710
1 0.466455 0.309845 0.245217 0.314976
1 0.466199 0.310647 0.248910 0.313378
1 0.464860 0.312050 0.245632 0.313798
1 0.466881 0.312827 0.247642 0.314567
1 0.464045 0.309503 0.244815 0.317977
1 0.465887 0.310503 0.247696 0.319725
1 0.467026 0.311923 0.249540 0.317232
1 0.465888 0.312308 0.249171 0.317627
1 0.465910 0.312518 0.247183 0.316076
1 0.463724 0.312355 0.244028 0.319270
1 0.466163 0.310981 0.247080 0.318579
1 0.466550 0.310917 0.248813 0.317938
1 0.465795 0.312138 0.251550 0.321634
1 0.466231 0.314262 0.250315 0.316786
1 0.464859 0.314734 0.245293 0.320362
1 0.465500 0.317825 0.247327 0.316952
1 0.465816 0.308178 0.247049 0.328351
1 0.470975 0.312546 0.249773 0.315753
1 0.469207 0.313282 0.246381 0.315379
1 0.469086 0.312343 0.250562 0.311398
1 0.465196 0.316311 0.250276 0.320842
1 0.465378 0.314078 0.248821 0.310889
1 0.466253 0.314677 0.249258 0.311937
1 0.465624 0.313176 0.247838 0.315953
1 0.467866 0.314337 0.249401 0.313273
1 0.465014 0.310871 0.250721 0.316862
1 0.466193 0.313637 0.247094 0.313995
1 0.467001 0.314516 0.248615 0.311176
1 0.466181 0.310986 0.248915 0.311320
1 0.465969 0.314949 0.245990 0.311415
1 0.465026 0.312146 0.251610 0.316653
1 0.466444 0.312565 0.250761 0.317564
1 0.464577 0.313450 0.246009 0.311668
1 0.465489 0.315370 0.249882 0.313502
1 0.464750 0.318972 0.247645 0.314533
1 0.466901 0.317453 0.261954 0.313548
1 0.466233 0.323783 0.256483 0.315563