1 0.675694 0.457421 0.313957 0.408332
1 0.673230 0.456124 0.316612 0.400625
1 0.675340 0.455787 0.312872 0.413880
1 0.668364 0.453365 0.309786 0.395186
1 0.674593 0.454615 0.312488 0.392345
1 0.676491 0.449550 0.316807 0.397770
1 0.676884 0.449070 0.311756 0.398435
1 0.677191 0.445884 0.311855 0.401475
1 0.664271 0.453387 0.303991 0.394447
1 0.677554 0.451427 0.308897 0.388607
1 0.673973 0.450868 0.311295 0.399775
1 0.677218 0.451822 0.318204 0.402659
1 0.676174 0.450024 0.312915 0.406248
1 0.674771 0.447873 0.309288 0.404267
1 0.676614 0.445096 0.309432 0.405873
1 0.666000 0.458601 0.310797 0.398047
1 0.677578 0.450809 0.311642 0.393135
1 0.674776 0.451586 0.313006 0.397615
1 0.673265 0.450789 0.316901 0.401848
1 0.674122 0.450575 0.310455 0.402462
1 0.679383 0.446354 0.308382 0.399229
1 0.676446 0.447600 0.310622 0.403546
1 0.674996 0.448899 0.314820 0.390171
1 0.671839 0.450693 0.313738 0.392937
1 0.675212 0.446848 0.317439 0.403048
1 0.677467 0.447164 0.310355 0.399039
1 0.680369 0.447483 0.315178 0.400157
1 0.672231 0.448649 0.315317 0.399959
1 0.673298 0.449645 0.318384 0.401402
1 0.681162 0.447912 0.310272 0.405120