1 0.533806 0.292617 0.162261 0.277251
1 0.534858 0.295699 0.163969 0.278518
1 0.536703 0.293780 0.166661 0.282537
1 0.531790 0.293089 0.159058 0.269021
1 0.534628 0.295719 0.165052 0.270619
1 0.535846 0.295620 0.165753 0.274017
1 0.536054 0.297606 0.164030 0.272738
1 0.538284 0.296458 0.165421 0.275786
1 0.534064 0.296121 0.165310 0.270424
1 0.534016 0.296456 0.164799 0.272704
1 0.535455 0.295696 0.166840 0.273423
1 0.535426 0.297075 0.168097 0.273688
1 0.534917 0.297597 0.165803 0.273559
1 0.529103 0.295800 0.161963 0.268056
1 0.533967 0.295788 0.165451 0.268113
1 0.534945 0.293299 0.163969 0.272099
1 0.533644 0.293156 0.164569 0.270527
1 0.535878 0.294923 0.167453 0.270550
1 0.535564 0.295148 0.164242 0.270881
1 0.541007 0.297830 0.172016 0.261746
1 0.529917 0.296813 0.163929 0.266248
1 0.535536 0.294843 0.167308 0.273940
1 0.536010 0.295399 0.166538 0.272696
1 0.533880 0.295916 0.167448 0.271578
1 0.536314 0.296651 0.167113 0.271932
1 0.536616 0.294549 0.165601 0.276942
1 0.543600 0.299283 0.173002 0.260317
1 0.535815 0.294193 0.167665 0.272865
1 0.535451 0.292469 0.167078 0.276691
1 0.535582 0.293578 0.169510 0.271080
1 0.536471 0.294084 0.170217 0.277223
1 0.537405 0.293316 0.164912 0.278648
1 0.534002 0.294911 0.164814 0.271359
1 0.535049 0.292386 0.165978 0.272407
1 0.536855 0.293621 0.167529 0.272500
1 0.536972 0.292107 0.167922 0.275491
1 0.542672 0.296818 0.166639 0.267145
1 0.534848 0.293958 0.166354 0.270113
1 0.538974 0.292441 0.167548 0.273165
1 0.541597 0.293470 0.167898 0.269523