1 0.248046 0.339692 0.045758 0.069502
1 0.249304 0.339500 0.047015 0.070174
1 0.246823 0.339925 0.044119 0.066709
1 0.248448 0.339923 0.044175 0.067573
1 0.247873 0.339777 0.045265 0.067827
1 0.246841 0.340710 0.044920 0.065997
1 0.248338 0.339872 0.046018 0.067655
1 0.248180 0.339944 0.044457 0.068527
1 0.133403 0.365367 0.045161 0.059827
1 0.136024 0.367326 0.042069 0.059963
1 0.135366 0.367406 0.042859 0.061996
1 0.248513 0.339956 0.045219 0.066672
1 0.248129 0.339574 0.044523 0.066244
1 0.815944 0.375541 0.040443 0.059352
1 0.134998 0.366360 0.044455 0.058485
1 0.135530 0.366540 0.042607 0.058630
1 0.135722 0.367457 0.042304 0.059753
1 0.138122 0.368461 0.040051 0.058012
1 0.816570 0.376261 0.039272 0.059383
1 0.816429 0.377086 0.039100 0.057423
1 0.817222 0.376071 0.039446 0.058329
1 0.135641 0.366844 0.044355 0.057756
1 0.135927 0.367818 0.043268 0.059157
1 0.817417 0.375718 0.040289 0.057694
1 0.816963 0.375928 0.039761 0.057944
1 0.817454 0.377032 0.039208 0.057729
1 0.816713 0.375456 0.041329 0.059461
1 0.525466 0.322862 0.102064 0.133224
1 0.525840 0.324099 0.101174 0.133212
1 0.523858 0.322550 0.103242 0.129362
1 0.525628 0.321039 0.102476 0.131527
1 0.525834 0.322350 0.101576 0.130237
1 0.527118 0.322490 0.103320 0.130748
1 0.524591 0.323168 0.104129 0.128385
1 0.524942 0.321774 0.102534 0.131954
1 0.525581 0.322119 0.101874 0.132077
1 0.527043 0.324243 0.104207 0.130193
1 0.525691 0.322581 0.104571 0.131468
1 0.525693 0.324051 0.103663 0.129695