1 0.321520 0.178521 0.151934 0.222044
1 0.322543 0.180061 0.149582 0.218220
1 0.322374 0.180699 0.148166 0.216225
1 0.323204 0.182314 0.150603 0.217185
1 0.323854 0.182619 0.148665 0.215399
1 0.323727 0.181452 0.149703 0.214160
1 0.323423 0.183327 0.147711 0.214630
1 0.322703 0.182204 0.151586 0.218538
1 0.323252 0.181204 0.152297 0.219625
1 0.323630 0.182634 0.148582 0.214657
1 0.323843 0.182784 0.149629 0.216067
1 0.323057 0.183847 0.149855 0.214929
1 0.323691 0.183072 0.149391 0.216273
1 0.323540 0.181204 0.151902 0.218475
1 0.324182 0.182055 0.150099 0.216856
1 0.322371 0.182235 0.150813 0.216726
1 0.324612 0.182913 0.152355 0.218620
1 0.324282 0.183069 0.152336 0.215615
1 0.323936 0.183720 0.149291 0.212097
1 0.322192 0.181695 0.152355 0.216845
1 0.323416 0.181546 0.150246 0.219580
1 0.322005 0.181501 0.151755 0.217200
1 0.323097 0.181716 0.151982 0.217676
1 0.323815 0.182896 0.150764 0.215367
1 0.323683 0.185080 0.151249 0.212718
1 0.322479 0.181818 0.152596 0.221329
1 0.322860 0.182123 0.151678 0.217828
1 0.324252 0.182603 0.151986 0.219089
1 0.324201 0.183640 0.150234 0.213286
1 0.322815 0.183396 0.156076 0.222919
1 0.322870 0.184955 0.155767 0.218057