1 0.593241 0.387963 0.314396 0.461129
1 0.593604 0.380633 0.303013 0.460376
1 0.592908 0.386086 0.305731 0.443047
1 0.595646 0.384913 0.299480 0.442604
1 0.594942 0.386031 0.299906 0.453434
1 0.594201 0.379103 0.296858 0.454733
1 0.590074 0.380481 0.315716 0.450116
1 0.594240 0.383064 0.303124 0.446286
1 0.598644 0.378701 0.299509 0.444015
1 0.597494 0.380312 0.298446 0.449456
1 0.592879 0.380911 0.294164 0.447643
1 0.596454 0.377817 0.290482 0.460043
1 0.591278 0.380664 0.309110 0.440364
1 0.591909 0.387307 0.297394 0.445882
1 0.592555 0.383564 0.302514 0.444904
1 0.592301 0.384194 0.294914 0.441068
1 0.593255 0.378626 0.296249 0.446788
1 0.590449 0.382075 0.294942 0.450186
1 0.587010 0.381420 0.306476 0.448295
1 0.591843 0.381776 0.301376 0.442843
1 0.592063 0.381668 0.300885 0.439723
1 0.596322 0.378851 0.295808 0.445311
1 0.595471 0.378769 0.301868 0.452205
1 0.597948 0.380772 0.300911 0.452545
1 0.584098 0.385316 0.311696 0.430375
1 0.591762 0.382650 0.303020 0.444164
1 0.593453 0.382850 0.305497 0.445073
1 0.597066 0.377369 0.297771 0.441356
1 0.591766 0.375296 0.303688 0.447757
1 0.588778 0.392338 0.309403 0.422907
1 0.590443 0.383201 0.303945 0.436406
1 0.594365 0.382984 0.304728 0.433330