1 0.491124 0.344879 0.276155 0.396307
1 0.490091 0.346003 0.273539 0.391202
1 0.490836 0.345369 0.275559 0.391108
1 0.491518 0.345916 0.279847 0.388907
1 0.490188 0.347214 0.279710 0.388295
1 0.491985 0.347320 0.277101 0.391543
1 0.489850 0.347836 0.280494 0.393852
1 0.489923 0.347418 0.281454 0.395516
1 0.491330 0.346132 0.275240 0.396689
1 0.489424 0.347363 0.278567 0.400307
1 0.490549 0.346622 0.277074 0.394562
1 0.489561 0.348332 0.277753 0.399949
1 0.488864 0.347328 0.276170 0.396057
1 0.488958 0.347426 0.276199 0.398339
1 0.488244 0.346506 0.277305 0.393939
1 0.488759 0.347175 0.277712 0.393536
1 0.488830 0.346626 0.277529 0.388998
1 0.489440 0.343178 0.283987 0.408156
1 0.489017 0.343279 0.283825 0.406534
1 0.489183 0.348696 0.284343 0.410975
1 0.488095 0.340739 0.284693 0.413117
1 0.492332 0.343422 0.286316 0.412865
1 0.489153 0.347063 0.284535 0.408572
1 0.491601 0.344576 0.286090 0.410064
1 0.491147 0.346327 0.280219 0.407963
1 0.489414 0.347029 0.283211 0.404542
1 0.493096 0.344081 0.286919 0.401223
1 0.487309 0.348578 0.284316 0.409798
1 0.492681 0.346341 0.282168 0.409410
1 0.491306 0.343959 0.280018 0.402002
1 0.491691 0.344387 0.280780 0.401004
1 0.490758 0.344746 0.288766 0.402560
1 0.493164 0.345578 0.283246 0.401657
1 0.489726 0.344679 0.286519 0.406118
1 0.491984 0.346775 0.278759 0.403939
1 0.491386 0.342971 0.283683 0.405012
1 0.491791 0.343001 0.282811 0.406443
1 0.489288 0.345317 0.286281 0.403273
1 0.488070 0.347525 0.291615 0.397584
1 0.487975 0.345310 0.284121 0.403899
1 0.490424 0.344332 0.284825 0.402241
1 0.490450 0.344418 0.287277 0.402181
1 0.493917 0.342132 0.287060 0.403762
1 0.484991 0.346131 0.282205 0.406481
1 0.490167 0.344426 0.287920 0.406709
1 0.491355 0.346117 0.286079 0.404855