1 0.561313 0.305067 0.229751 0.324137
1 0.558612 0.304689 0.226190 0.322817
1 0.558054 0.303747 0.230162 0.328238
1 0.561180 0.303221 0.228810 0.325109
1 0.562416 0.303786 0.226658 0.322795
1 0.558797 0.302493 0.233288 0.327172
1 0.559696 0.303022 0.232407 0.325172
1 0.559876 0.302151 0.231716 0.320961
1 0.562280 0.302286 0.233047 0.323078
1 0.560645 0.300723 0.231288 0.328064
1 0.558917 0.300963 0.233315 0.329160
1 0.558871 0.300344 0.232983 0.324953
1 0.559411 0.300655 0.234351 0.321403
1 0.563115 0.302619 0.234725 0.328751
1 0.561507 0.301967 0.232748 0.331067
1 0.559693 0.300426 0.233768 0.334019
1 0.559793 0.301066 0.233636 0.327583
1 0.560813 0.300968 0.234979 0.333813
1 0.560905 0.302189 0.238887 0.327367
1 0.561401 0.300978 0.231556 0.331053
1 0.560800 0.300670 0.231691 0.338094
1 0.559525 0.299828 0.231133 0.334473
1 0.562325 0.301633 0.234882 0.335201
1 0.560387 0.299770 0.238576 0.338154
1 0.561895 0.299335 0.232525 0.337798
1 0.561726 0.301065 0.231975 0.340253
1 0.562201 0.302882 0.231678 0.333336
1 0.562385 0.304035 0.233908 0.329426
1 0.559868 0.301900 0.236475 0.338582
1 0.559873 0.300930 0.232985 0.345873
1 0.560749 0.300239 0.234540 0.348076
1 0.560585 0.302164 0.232708 0.343998
1 0.561226 0.304697 0.234199 0.337264
1 0.559903 0.306723 0.237992 0.335669
1 0.559774 0.302372 0.236024 0.342384
1 0.559901 0.304637 0.233645 0.340928
1 0.560135 0.304855 0.232963 0.341800
1 0.564248 0.309479 0.230835 0.332341
1 0.559366 0.308943 0.235897 0.340897
1 0.561086 0.307687 0.232317 0.339933
1 0.562835 0.312578 0.233738 0.331825
1 0.557023 0.305617 0.230423 0.330042
1 0.561260 0.303367 0.239083 0.326704
1 0.560282 0.305523 0.234192 0.333748
1 0.553736 0.305468 0.232467 0.333709
1 0.558147 0.308432 0.232127 0.329716
1 0.561170 0.306129 0.232878 0.325091
1 0.561990 0.304170 0.233576 0.331170
1 0.556337 0.305370 0.232380 0.332529
1 0.563112 0.300994 0.232721 0.333049
1 0.561033 0.301397 0.230736 0.332848
1 0.559843 0.302532 0.235633 0.333818
1 0.563918 0.306163 0.233092 0.330142
1 0.559083 0.306003 0.237804 0.335266
1 0.561312 0.303201 0.232168 0.331848
1 0.557672 0.307607 0.236350 0.333042
1 0.559404 0.306224 0.236690 0.334610
1 0.562696 0.306630 0.228319 0.329500
1 0.564052 0.305001 0.236230 0.337356