1 0.376736 0.516342 0.316193 0.411057
1 0.374022 0.516828 0.313977 0.399795
1 0.373725 0.514622 0.322394 0.411136
1 0.374666 0.510654 0.316054 0.405495
1 0.373091 0.511514 0.310815 0.394001
1 0.371452 0.508808 0.314769 0.402023
1 0.373757 0.509505 0.316327 0.400342
1 0.377822 0.508396 0.311892 0.400957
1 0.371253 0.510498 0.322975 0.411796
1 0.373625 0.514570 0.316351 0.404011
1 0.372597 0.514060 0.312679 0.402653
1 0.374899 0.512505 0.314984 0.405564
1 0.375251 0.509680 0.314722 0.399657
1 0.373849 0.508176 0.318313 0.401060
1 0.376598 0.507414 0.317822 0.412955
1 0.371920 0.518011 0.319707 0.395992
1 0.373461 0.509737 0.315616 0.397159
1 0.372277 0.514129 0.309821 0.402194
1 0.372175 0.506917 0.314532 0.403313
1 0.373919 0.507102 0.309686 0.396124
1 0.375688 0.506384 0.312855 0.400557
1 0.377830 0.508964 0.317352 0.405500
1 0.374467 0.511396 0.316377 0.392563
1 0.372652 0.509020 0.310651 0.401181
1 0.372925 0.509518 0.316097 0.397967
1 0.371907 0.510538 0.313938 0.401069
1 0.378805 0.506670 0.309156 0.400039
1 0.370452 0.511179 0.320651 0.396949
1 0.371460 0.505998 0.314754 0.405563
1 0.373597 0.507978 0.315739 0.402910
1 0.372303 0.508995 0.314318 0.407848
1 0.374282 0.509554 0.319481 0.394716