1 0.538712 0.341092 0.283198 0.378702
1 0.541736 0.342573 0.281256 0.374440
1 0.540240 0.342469 0.281530 0.371127
1 0.538814 0.344181 0.283128 0.371377
1 0.539462 0.343666 0.284155 0.374214
1 0.538268 0.343264 0.284190 0.368669
1 0.540505 0.342749 0.287242 0.363748
1 0.534720 0.343913 0.284614 0.359700
1 0.538763 0.342688 0.283300 0.361460
1 0.539735 0.342380 0.286947 0.367346
1 0.537527 0.342206 0.286397 0.367505
1 0.539425 0.343100 0.285886 0.361331
1 0.533456 0.346501 0.281684 0.358714
1 0.538069 0.343711 0.284705 0.364545
1 0.539727 0.341137 0.285241 0.371400
1 0.538158 0.342004 0.282727 0.370226
1 0.540026 0.344277 0.283148 0.362920
1 0.534790 0.344943 0.280506 0.357721
1 0.537385 0.341235 0.285694 0.368041
1 0.538527 0.341590 0.287342 0.370492
1 0.537379 0.341160 0.285603 0.364779
1 0.538932 0.344768 0.284158 0.359514
1 0.535853 0.345088 0.282383 0.360803
1 0.536767 0.343075 0.287257 0.368269
1 0.536206 0.343423 0.290341 0.369372
1 0.535256 0.342540 0.282713 0.366765
1 0.539352 0.344142 0.283532 0.360564
1 0.536036 0.347477 0.293000 0.354784
1 0.536333 0.342899 0.288735 0.364368
1 0.537239 0.343265 0.289242 0.361653
1 0.535223 0.343471 0.285028 0.365089
1 0.540605 0.345996 0.283600 0.356754
1 0.536933 0.350609 0.286026 0.353542
1 0.538504 0.348754 0.285957 0.358100
1 0.534077 0.341090 0.291774 0.391743
1 0.537786 0.342348 0.292108 0.377410
1 0.538228 0.341729 0.285964 0.381367
1 0.539935 0.334023 0.288499 0.383957
1 0.537148 0.340917 0.290339 0.382076
1 0.535793 0.340096 0.284791 0.369493
1 0.534894 0.340330 0.287765 0.373342
1 0.537976 0.340417 0.285915 0.370412
1 0.536009 0.341075 0.287997 0.372634
1 0.538805 0.341767 0.283947 0.371742
1 0.535794 0.340059 0.282650 0.372835
1 0.534253 0.343324 0.293966 0.375267
1 0.533842 0.342668 0.289488 0.369210
1 0.536654 0.341812 0.285526 0.371026
1 0.535975 0.339622 0.288814 0.374507
1 0.536486 0.341467 0.285636 0.373727
1 0.534987 0.340438 0.283330 0.366636
1 0.532306 0.340109 0.287770 0.370250
1 0.534859 0.342588 0.294090 0.375186
1 0.533158 0.342505 0.290209 0.373708
1 0.539843 0.343986 0.290035 0.375447
1 0.536137 0.341611 0.285852 0.371064
1 0.536351 0.342699 0.286152 0.370770
1 0.529831 0.340278 0.295414 0.377675
1 0.531590 0.341040 0.293474 0.374175
1 0.533087 0.339328 0.291388 0.372754
1 0.531753 0.347044 0.289582 0.373051
1 0.526235 0.343400 0.298009 0.373067
1 0.530958 0.345753 0.292277 0.372119