1 0.417056 0.509966 0.419774 0.527429
1 0.422468 0.514883 0.416767 0.530464
1 0.422717 0.512235 0.426544 0.538425
1 0.417870 0.504349 0.410748 0.515161
1 0.421876 0.509519 0.419827 0.508216
1 0.422941 0.512154 0.418420 0.519891
1 0.420230 0.507454 0.427760 0.517843
1 0.423962 0.506815 0.428679 0.525387
1 0.412666 0.508992 0.417319 0.512312
1 0.424050 0.507204 0.415156 0.509039
1 0.428680 0.508682 0.433859 0.508982
1 0.427427 0.506091 0.427294 0.514067
1 0.427065 0.499842 0.446414 0.537920
1 0.421577 0.505088 0.434455 0.512562
1 0.425468 0.502467 0.447038 0.530266
1 0.425774 0.510852 0.434190 0.514788
1 0.427328 0.507695 0.447582 0.534308
1 0.427388 0.506550 0.435150 0.535641
1 0.417261 0.509574 0.420354 0.504631
1 0.426367 0.502863 0.423226 0.504295
1 0.428448 0.503439 0.432240 0.498295
1 0.426219 0.502531 0.424969 0.505686
1 0.423676 0.502922 0.434301 0.503535
1 0.426053 0.499400 0.442153 0.516541
1 0.424966 0.505881 0.429219 0.499823
1 0.423698 0.503513 0.431132 0.504025
1 0.418948 0.506241 0.416304 0.501985
1 0.426149 0.500074 0.425781 0.509360
1 0.428457 0.501616 0.432045 0.515040
1 0.425697 0.499351 0.443159 0.535751
1 0.425462 0.502318 0.431119 0.502059
1 0.424754 0.501865 0.428717 0.506809
1 0.423208 0.505190 0.433537 0.502615
1 0.423804 0.508928 0.437554 0.497360
1 0.417447 0.505676 0.421161 0.501502
1 0.424225 0.501155 0.427157 0.511791
1 0.422820 0.495242 0.434771 0.532048
1 0.427885 0.502152 0.434353 0.509419
1 0.426957 0.498406 0.450914 0.531044
1 0.429053 0.502383 0.428545 0.515255
1 0.431209 0.505204 0.448071 0.536169
1 0.426846 0.505472 0.431246 0.511323
1 0.429334 0.509217 0.447396 0.528123
1 0.425716 0.507614 0.439694 0.503569
1 0.430218 0.507773 0.449966 0.521387
1 0.426711 0.511290 0.447564 0.500524
1 0.428137 0.506319 0.451290 0.513880
1 0.425301 0.500562 0.434013 0.507665
1 0.429838 0.502633 0.436202 0.509017
1 0.432322 0.502563 0.433250 0.511592
1 0.431240 0.506733 0.458987 0.539551
1 0.429841 0.501738 0.436861 0.517509
1 0.428569 0.504941 0.455632 0.535696
1 0.430810 0.503308 0.439309 0.515882
1 0.432810 0.501056 0.452718 0.535356
1 0.423664 0.496607 0.462961 0.533323
1 0.427334 0.503579 0.431062 0.518027
1 0.430801 0.498200 0.427758 0.527227
1 0.432697 0.501496 0.422623 0.517274