1 0.218720 0.405531 0.239911 0.352710
1 0.222057 0.410418 0.234538 0.353956
1 0.225939 0.411805 0.232962 0.356253
1 0.228113 0.408666 0.232201 0.367083
1 0.219642 0.411282 0.239035 0.353156
1 0.221502 0.412262 0.237444 0.359080
1 0.221179 0.412950 0.237647 0.363230
1 0.224531 0.411402 0.236217 0.361631
1 0.215942 0.411219 0.247427 0.341892
1 0.218999 0.411174 0.240743 0.354448
1 0.222258 0.410188 0.243584 0.358130
1 0.222420 0.410558 0.242383 0.366368
1 0.223604 0.410027 0.237761 0.360687
1 0.216971 0.414270 0.250344 0.346667
1 0.219828 0.410658 0.240419 0.361611
1 0.223496 0.410154 0.245255 0.358896
1 0.222952 0.409944 0.242394 0.362475
1 0.223917 0.411268 0.241980 0.362144
1 0.217331 0.412573 0.252247 0.347010
1 0.219753 0.410091 0.244166 0.361891
1 0.224247 0.409592 0.248659 0.357866
1 0.222951 0.406849 0.245667 0.360018
1 0.223179 0.407947 0.242293 0.361580
1 0.220990 0.409031 0.250826 0.360046
1 0.222990 0.409310 0.255823 0.361627
1 0.223942 0.406997 0.251293 0.359368
1 0.225570 0.407753 0.245578 0.359245
1 0.217442 0.413558 0.261620 0.347933
1 0.221532 0.408403 0.255544 0.351523
1 0.223665 0.408588 0.256134 0.352304
1 0.223529 0.407944 0.249510 0.353481
1 0.224890 0.406800 0.246229 0.358617
1 0.220219 0.409187 0.256314 0.354330
1 0.224967 0.408682 0.255265 0.353034
1 0.224836 0.407978 0.255258 0.356261
1 0.224937 0.408424 0.250176 0.356698
1 0.225858 0.411905 0.250282 0.354335
1 0.228055 0.410049 0.244187 0.359649
1 0.642760 0.358724 0.351833 0.536254
1 0.644673 0.359128 0.348691 0.537808
1 0.642166 0.363284 0.354308 0.514474
1 0.644113 0.365518 0.349655 0.517851
1 0.642174 0.364937 0.350347 0.512188
1 0.646554 0.359643 0.352431 0.525545
1 0.640958 0.363021 0.360803 0.515615
1 0.643345 0.363952 0.351130 0.505795
1 0.644100 0.363888 0.348323 0.512325
1 0.642282 0.364678 0.346720 0.510909
1 0.646832 0.365344 0.351836 0.513971
1 0.219438 0.410347 0.256242 0.357701
1 0.223567 0.413999 0.243807 0.357835
1 0.218200 0.414110 0.240980 0.357658
1 0.220150 0.414017 0.239020 0.360955
1 0.638766 0.369216 0.355384 0.523548
1 0.640687 0.367984 0.357483 0.526006
1 0.646139 0.371850 0.356427 0.530388
1 0.642227 0.369371 0.356429 0.519710
1 0.645704 0.369167 0.353701 0.522424
1 0.650840 0.368906 0.356141 0.521774
1 0.224080 0.411527 0.247522 0.349546
1 0.223224 0.412344 0.240984 0.355869
1 0.224538 0.415078 0.234363 0.347000
1 0.222255 0.412949 0.235535 0.350492
1 0.222458 0.411315 0.242072 0.352475
1 0.641938 0.371080 0.353531 0.512257
1 0.642119 0.370905 0.356189 0.523270
1 0.645492 0.366405 0.352474 0.528732
1 0.643226 0.366155 0.355877 0.519413
1 0.643326 0.367117 0.354293 0.519423
1 0.649718 0.366314 0.354155 0.519812
1 0.222046 0.410521 0.251961 0.359885
1 0.222773 0.414566 0.243473 0.353863
1 0.224195 0.413744 0.245452 0.354304
1 0.220678 0.409006 0.233376 0.357333
1 0.219326 0.410234 0.243210 0.354737
1 0.640367 0.368121 0.353554 0.511947
1 0.641611 0.368465 0.352418 0.519790
1 0.644225 0.369589 0.346611 0.515557
1 0.643433 0.369290 0.347827 0.508086
1 0.645886 0.365211 0.358307 0.516827
1 0.652202 0.366890 0.362858 0.510463
1 0.218677 0.408376 0.251412 0.354394
1 0.221456 0.410643 0.249516 0.358077
1 0.221327 0.409611 0.250704 0.351827
1 0.223256 0.409122 0.237233 0.353277
1 0.222439 0.414627 0.242214 0.350242
1 0.641438 0.373795 0.346529 0.499689
1 0.642537 0.366888 0.349803 0.515661
1 0.642833 0.370431 0.348959 0.510347
1 0.645442 0.370639 0.351752 0.508061
1 0.645657 0.365406 0.361080 0.513473
1 0.219925 0.407222 0.259286 0.357873
1 0.216296 0.411996 0.257616 0.357156
1 0.222831 0.411873 0.251385 0.357272
1 0.641544 0.370734 0.352468 0.510909
1 0.641867 0.366419 0.357234 0.518225
1 0.647942 0.363631 0.358913 0.524308