1 0.362854 0.252206 0.207063 0.289851
1 0.364429 0.253975 0.205065 0.283241
1 0.366381 0.252690 0.210082 0.285937
1 0.362273 0.250573 0.208108 0.288515
1 0.365393 0.254853 0.209240 0.282371
1 0.363975 0.254746 0.208746 0.284989
1 0.364464 0.255472 0.214674 0.283703
1 0.365513 0.253048 0.213589 0.288391
1 0.362957 0.253065 0.210633 0.283177
1 0.364475 0.253940 0.209907 0.284051
1 0.364040 0.251900 0.210270 0.283702
1 0.363891 0.252969 0.214617 0.284597
1 0.362880 0.254292 0.212035 0.283810
1 0.359782 0.254100 0.212614 0.276251
1 0.363502 0.252407 0.214355 0.282417
1 0.364957 0.251694 0.213350 0.285022
1 0.363833 0.251640 0.212253 0.284296
1 0.364249 0.251950 0.214359 0.283374
1 0.361710 0.253054 0.214512 0.283784
1 0.366023 0.254261 0.216879 0.277715
1 0.360503 0.256714 0.219412 0.279660
1 0.364136 0.251922 0.214712 0.285286
1 0.365689 0.253226 0.213031 0.284535
1 0.363268 0.251949 0.209666 0.285088
1 0.363619 0.251892 0.215674 0.286164
1 0.362290 0.252080 0.215085 0.282922
1 0.366750 0.253308 0.214327 0.274705
1 0.364207 0.252591 0.211655 0.286494
1 0.364615 0.252014 0.213403 0.286886
1 0.363969 0.251469 0.215411 0.289785
1 0.363112 0.251737 0.218731 0.286304
1 0.363410 0.253977 0.213249 0.284349
1 0.368208 0.254169 0.216445 0.281124
1 0.364769 0.252721 0.216194 0.287541
1 0.364176 0.252031 0.210789 0.288897
1 0.364031 0.251941 0.215412 0.288153
1 0.363620 0.251422 0.216290 0.291492
1 0.364325 0.253592 0.211624 0.289089
1 0.362897 0.251002 0.210520 0.292890
1 0.363884 0.251768 0.207625 0.288028
1 0.364538 0.253494 0.208813 0.289511
1 0.362844 0.256571 0.214262 0.293782
1 0.366643 0.249474 0.217755 0.286932
1 0.364272 0.251146 0.216861 0.296458
1 0.360642 0.250148 0.215570 0.296672
1 0.360322 0.252803 0.221323 0.298065
1 0.364665 0.254964 0.216482 0.293983
1 0.363150 0.251023 0.216405 0.289603
1 0.360876 0.251329 0.215995 0.296227
1 0.358970 0.258971 0.234744 0.296502
1 0.366759 0.257586 0.220076 0.294980
1 0.364220 0.253490 0.219389 0.295733
1 0.366821 0.255592 0.219615 0.294447