1 0.499805 0.358535 0.304240 0.462867
1 0.505241 0.365474 0.297683 0.448739
1 0.505917 0.366108 0.297141 0.449930
1 0.504571 0.362715 0.303603 0.458007
1 0.501787 0.359664 0.300594 0.451197
1 0.504484 0.358010 0.305293 0.441956
1 0.504198 0.357287 0.301708 0.440973
1 0.502374 0.357611 0.302228 0.440773
1 0.506889 0.355003 0.295001 0.440365
1 0.506236 0.362169 0.313241 0.450530
1 0.502009 0.357489 0.302182 0.448724
1 0.504595 0.359582 0.306746 0.451776
1 0.505365 0.360523 0.307067 0.442215
1 0.501425 0.358851 0.302186 0.442655
1 0.504343 0.360732 0.302608 0.440714
1 0.505949 0.363236 0.308197 0.446442
1 0.502900 0.356751 0.303994 0.447731
1 0.502765 0.361513 0.305138 0.451116
1 0.502857 0.360905 0.309462 0.449966
1 0.504325 0.357683 0.305036 0.446922
1 0.504752 0.358782 0.305325 0.449444
1 0.504582 0.366609 0.319429 0.450166
1 0.503622 0.362338 0.306816 0.445970
1 0.505065 0.361723 0.303374 0.446886
1 0.504357 0.360841 0.310562 0.451371
1 0.503915 0.359629 0.313091 0.445591
1 0.506961 0.359615 0.309080 0.452123
1 0.503954 0.360886 0.308205 0.449418
1 0.503622 0.360984 0.309659 0.454455
1 0.505136 0.358224 0.308835 0.454672
1 0.505343 0.356500 0.311770 0.456292
1 0.500648 0.365262 0.312396 0.448275
1 0.501588 0.365498 0.307839 0.449512