1 0.267325 0.273753 0.247082 0.397024
1 0.267605 0.275954 0.249166 0.402660
1 0.269889 0.277200 0.252130 0.403419
1 0.268660 0.281498 0.245249 0.395291
1 0.268706 0.282236 0.249511 0.399172
1 0.268973 0.282615 0.253414 0.395381
1 0.268240 0.282904 0.245203 0.395939
1 0.267587 0.281765 0.250840 0.400822
1 0.269384 0.284651 0.254828 0.392700
1 0.271266 0.287308 0.255994 0.385277
1 0.269300 0.281863 0.247887 0.395807
1 0.268714 0.278079 0.250528 0.400473
1 0.269742 0.281493 0.253351 0.396275
1 0.268527 0.281109 0.247766 0.397950
1 0.269714 0.279002 0.247135 0.403262
1 0.268710 0.281872 0.247856 0.402061
1 0.267728 0.279557 0.248621 0.400072
1 0.270225 0.280514 0.250197 0.404412
1 0.269796 0.281750 0.248893 0.397898
1 0.269482 0.282052 0.252733 0.394026
1 0.267442 0.280549 0.246961 0.392444
1 0.270093 0.279684 0.249673 0.391544
1 0.269678 0.281478 0.247810 0.390780
1 0.270939 0.282537 0.252157 0.381686
1 0.268537 0.281120 0.243337 0.393384
1 0.269802 0.279131 0.247694 0.393230
1 0.269429 0.280690 0.245216 0.387567
1 0.271008 0.282976 0.250226 0.377088
1 0.265841 0.286873 0.240027 0.388945
1 0.268017 0.283518 0.238707 0.390922
1 0.270779 0.284012 0.239222 0.386378
1 0.269137 0.269410 0.255984 0.420120
1 0.275007 0.276026 0.256355 0.398006
1 0.274995 0.275210 0.257878 0.400931
1 0.273003 0.275293 0.255478 0.396247
1 0.270253 0.272761 0.256967 0.391223
1 0.272305 0.276603 0.256374 0.392284
1 0.273396 0.277606 0.258796 0.391064
1 0.270142 0.279913 0.256262 0.393896
1 0.267782 0.280584 0.259193 0.386017
1 0.259348 0.275039 0.259291 0.401985
1 0.269894 0.276007 0.253230 0.391960
1 0.271639 0.272528 0.251714 0.396727
1 0.273150 0.277264 0.255382 0.397871
1 0.274921 0.275946 0.259288 0.398399
1 0.268850 0.280613 0.257624 0.387345
1 0.266330 0.277831 0.247283 0.389736
1 0.270440 0.273629 0.251512 0.394440
1 0.270767 0.279074 0.252022 0.391963
1 0.271914 0.278075 0.257363 0.402091
1 0.269972 0.279999 0.258477 0.394221
1 0.268899 0.277904 0.245133 0.391248
1 0.272536 0.275825 0.252859 0.404201
1 0.272222 0.276672 0.247965 0.398515
1 0.271612 0.275698 0.257178 0.401891
1 0.276973 0.285629 0.269765 0.388500