1 0.617336 0.490159 0.437943 0.500265
1 0.622325 0.496246 0.440439 0.506241
1 0.622173 0.488713 0.445814 0.510224
1 0.618051 0.477766 0.435293 0.488497
1 0.622197 0.484324 0.437283 0.491881
1 0.622136 0.484760 0.439061 0.490094
1 0.616120 0.481912 0.444297 0.498150
1 0.621083 0.484386 0.441652 0.505311
1 0.617086 0.477416 0.429231 0.471197
1 0.623166 0.480803 0.443036 0.487523
1 0.626254 0.478850 0.444697 0.477659
1 0.619478 0.476668 0.444979 0.479880
1 0.621085 0.481835 0.450260 0.485206
1 0.624267 0.486846 0.434201 0.488836
1 0.627269 0.479440 0.436498 0.495122
1 0.619179 0.477165 0.435675 0.469590
1 0.626286 0.479414 0.444089 0.486436
1 0.625713 0.478995 0.437882 0.488920
1 0.620848 0.475774 0.438313 0.475119
1 0.624643 0.479219 0.447227 0.489233
1 0.622284 0.480738 0.434847 0.482006
1 0.623684 0.478927 0.430056 0.482709
1 0.617519 0.477760 0.434180 0.470943
1 0.624774 0.477909 0.441471 0.481262
1 0.625545 0.478869 0.450687 0.483898
1 0.620251 0.480043 0.434315 0.476555
1 0.620778 0.479815 0.435831 0.488374
1 0.622518 0.480291 0.441002 0.481728
1 0.626153 0.481806 0.439934 0.480430
1 0.621122 0.475077 0.438355 0.488865
1 0.622132 0.472601 0.440137 0.496948
1 0.626573 0.472143 0.430406 0.498683
1 0.621842 0.476665 0.439070 0.505508
1 0.623195 0.477622 0.459577 0.526208
1 0.622028 0.478162 0.444213 0.501977
1 0.622958 0.474761 0.456551 0.513601
1 0.616145 0.480018 0.425923 0.479090
1 0.625101 0.474264 0.435401 0.484444
1 0.621095 0.478181 0.431220 0.487538
1 0.623312 0.484366 0.440842 0.485397