1 0.051577 0.379975 0.014461 0.018384
1 0.553037 0.366647 0.354724 0.479114
1 0.554953 0.375138 0.350977 0.462668
1 0.556478 0.377854 0.349127 0.458388
1 0.558506 0.369792 0.353798 0.463570
1 0.548513 0.360056 0.342526 0.473014
1 0.554543 0.369567 0.349114 0.463943
1 0.558314 0.366428 0.350240 0.459991
1 0.555715 0.370240 0.354399 0.461066
1 0.558365 0.371149 0.350730 0.463724
1 0.559945 0.368346 0.355018 0.463190
1 0.554004 0.369322 0.346944 0.455775
1 0.553727 0.369192 0.350712 0.461998
1 0.557969 0.369931 0.349745 0.459915
1 0.556815 0.368348 0.353936 0.455707
1 0.557196 0.368948 0.347891 0.451410
1 0.557055 0.369249 0.360569 0.457898
1 0.553219 0.364200 0.348846 0.455587
1 0.554489 0.366726 0.351458 0.459116
1 0.555428 0.369303 0.350264 0.459959
1 0.553119 0.368368 0.353071 0.461366
1 0.556465 0.367816 0.349860 0.452957
1 0.556245 0.371276 0.364898 0.454946
1 0.552942 0.367628 0.346727 0.455624
1 0.552582 0.366365 0.351299 0.457987
1 0.556097 0.370567 0.349297 0.458770
1 0.552548 0.370504 0.352393 0.456786
1 0.554608 0.371234 0.352345 0.449175
1 0.555797 0.372333 0.358572 0.453442
1 0.556839 0.363702 0.357710 0.463334
1 0.553498 0.365981 0.354817 0.457776
1 0.555874 0.368018 0.354606 0.458648
1 0.552997 0.366443 0.359525 0.459368
1 0.552710 0.367022 0.360270 0.458131
1 0.555863 0.363798 0.356433 0.468475
1 0.555062 0.374483 0.356275 0.449323