1 0.481389 0.569207 0.058841 0.089791
1 0.480426 0.569326 0.059451 0.083264
1 0.481550 0.569529 0.060012 0.082634
1 0.482257 0.569799 0.057651 0.081167
1 0.480691 0.570119 0.059385 0.080610
1 0.481315 0.568154 0.059459 0.085640
1 0.482505 0.569300 0.058044 0.083413
1 0.480507 0.569331 0.061718 0.081111
1 0.481048 0.568549 0.060421 0.082735
1 0.481846 0.569047 0.057693 0.081343
1 0.481281 0.569628 0.058447 0.083315
1 0.417254 0.198141 0.166784 0.232956
1 0.419974 0.196657 0.165914 0.232275
1 0.419069 0.201304 0.167348 0.228404
1 0.418597 0.201464 0.167833 0.223578
1 0.419080 0.201083 0.167398 0.224324
1 0.419354 0.199458 0.163775 0.229072
1 0.418979 0.199988 0.166676 0.228771
1 0.419763 0.199581 0.168996 0.224837
1 0.419297 0.201244 0.167462 0.227686
1 0.419682 0.199596 0.165736 0.225920
1 0.418972 0.201554 0.166592 0.226146
1 0.418780 0.200936 0.166383 0.228391
1 0.418283 0.200909 0.167294 0.226090
1 0.418754 0.200655 0.165290 0.224983
1 0.418733 0.200387 0.163798 0.226255
1 0.419223 0.200863 0.166819 0.227038
1 0.418655 0.200859 0.167135 0.227846
1 0.419292 0.200133 0.164649 0.226076
1 0.418883 0.201012 0.164701 0.224721
1 0.417536 0.200768 0.165182 0.223407
1 0.419978 0.199879 0.163771 0.224347
1 0.418479 0.200114 0.166238 0.225964
1 0.419607 0.201444 0.164880 0.224121
1 0.418763 0.201188 0.165971 0.225310
1 0.419170 0.200144 0.165905 0.225255
1 0.417680 0.198566 0.163797 0.225566
1 0.419187 0.201514 0.164899 0.222682
1 0.417285 0.201346 0.165543 0.224684
1 0.421164 0.206237 0.167584 0.219337
1 0.418469 0.200964 0.164375 0.221077
1 0.418488 0.199936 0.166510 0.223289
1 0.418328 0.201763 0.166572 0.222627
1 0.418059 0.203827 0.165010 0.220643
1 0.416449 0.204412 0.171396 0.219469
1 0.418718 0.204876 0.169096 0.222127
1 0.482751 0.569989 0.060646 0.082779
1 0.480882 0.569802 0.060688 0.083749
1 0.482519 0.568960 0.060995 0.085523
1 0.481928 0.570491 0.061417 0.081718
1 0.480745 0.570591 0.062353 0.084124