1 0.538645 0.304944 0.234880 0.310276
1 0.539563 0.308643 0.229954 0.301498
1 0.539068 0.307810 0.233506 0.306512
1 0.538657 0.305186 0.234658 0.307834
1 0.541625 0.308633 0.232758 0.299949
1 0.539347 0.308960 0.234427 0.304429
1 0.538566 0.308299 0.237579 0.305191
1 0.538729 0.305769 0.237018 0.308706
1 0.541304 0.307021 0.235655 0.298725
1 0.542717 0.306954 0.236210 0.304385
1 0.539642 0.307541 0.236467 0.307467
1 0.540070 0.308354 0.238578 0.302312
1 0.538331 0.308738 0.236045 0.301662
1 0.542224 0.307061 0.240683 0.303586
1 0.542926 0.306839 0.237861 0.307540
1 0.541557 0.306796 0.235472 0.309038
1 0.540806 0.308456 0.237517 0.305061
1 0.539216 0.308963 0.235769 0.304533
1 0.542010 0.311263 0.233533 0.297250
1 0.542547 0.305027 0.243127 0.304996
1 0.543038 0.305724 0.237722 0.303841
1 0.541016 0.306335 0.235527 0.305494
1 0.539663 0.306443 0.235921 0.302715
1 0.539743 0.308127 0.237793 0.301363
1 0.542262 0.310926 0.234271 0.292115
1 0.542109 0.305110 0.245828 0.308549
1 0.542717 0.304712 0.240410 0.305220
1 0.542680 0.306317 0.238517 0.303047
1 0.540203 0.306376 0.239076 0.302447
1 0.541606 0.309225 0.237320 0.302694
1 0.542315 0.312288 0.235830 0.292962
1 0.542041 0.305695 0.244990 0.306671
1 0.540528 0.305841 0.238083 0.307790
1 0.540942 0.304192 0.239152 0.306490
1 0.539186 0.307795 0.235658 0.304065
1 0.541184 0.309702 0.235043 0.304002
1 0.544076 0.314543 0.236600 0.288287
1 0.540313 0.306203 0.240287 0.309666
1 0.540756 0.307822 0.240628 0.308935
1 0.540738 0.309995 0.237831 0.306089
1 0.541931 0.313173 0.238124 0.305403
1 0.542233 0.312882 0.237786 0.308913
1 0.542695 0.313444 0.239134 0.304496
1 0.541322 0.311372 0.245602 0.301471
1 0.539386 0.313046 0.241226 0.305716
1 0.537810 0.307171 0.240512 0.304874
1 0.541953 0.311753 0.237250 0.311982
1 0.540654 0.313781 0.242087 0.298380
1 0.543443 0.312703 0.232990 0.302101
1 0.538640 0.312845 0.237126 0.303871
1 0.540776 0.310607 0.236330 0.309769
1 0.542972 0.310616 0.241109 0.312296
1 0.542571 0.308519 0.237864 0.305405
1 0.542950 0.311049 0.235752 0.302518
1 0.539955 0.314185 0.240844 0.309640
1 0.541003 0.311232 0.240301 0.308836
1 0.540747 0.308572 0.241350 0.306037
1 0.538123 0.310825 0.234442 0.310928
1 0.539537 0.314975 0.235039 0.309713
1 0.541777 0.313178 0.235327 0.307217