1 0.460310 0.402790 0.280807 0.395072
1 0.460340 0.402581 0.280869 0.390487
1 0.461156 0.402968 0.280002 0.383935
1 0.459316 0.400770 0.281733 0.395289
1 0.460686 0.400192 0.281484 0.391269
1 0.462488 0.401241 0.283140 0.384490
1 0.462190 0.400575 0.286324 0.395997
1 0.460050 0.400529 0.283300 0.397447
1 0.462767 0.398924 0.279274 0.396741
1 0.462953 0.401594 0.286090 0.391811
1 0.460531 0.399965 0.281667 0.392802
1 0.462019 0.397633 0.279615 0.394256
1 0.467542 0.403428 0.295868 0.398238
1 0.465615 0.403102 0.289517 0.394563
1 0.468278 0.404946 0.295539 0.402273
1 0.468348 0.399060 0.293360 0.400359
1 0.465663 0.401746 0.296020 0.391359
1 0.467719 0.405728 0.292870 0.389204
1 0.467439 0.402208 0.290377 0.391698
1 0.465916 0.400783 0.292070 0.401508
1 0.464882 0.397829 0.291319 0.401851
1 0.465836 0.403085 0.297571 0.402468
1 0.466443 0.405117 0.297734 0.392600
1 0.467988 0.403089 0.296007 0.393767
1 0.464852 0.400465 0.295970 0.398256
1 0.462525 0.404733 0.293100 0.390129
1 0.463337 0.406056 0.293549 0.395151
1 0.460939 0.399970 0.295429 0.397143
1 0.461704 0.400390 0.294175 0.393709
1 0.465833 0.399624 0.299721 0.399504
1 0.463771 0.400713 0.300074 0.400000
1 0.465192 0.400844 0.295376 0.396967
1 0.462716 0.397522 0.296080 0.391722
1 0.465188 0.400068 0.299312 0.397215
1 0.464166 0.401787 0.297656 0.397291
1 0.463773 0.402453 0.300094 0.393608
1 0.466856 0.405250 0.297817 0.392600
1 0.466391 0.401594 0.297843 0.400127
1 0.466111 0.402650 0.297146 0.405374
1 0.466222 0.403077 0.297826 0.402173