1 0.394870 0.263071 0.244758 0.359972
1 0.396602 0.263253 0.240744 0.359124
1 0.393463 0.261009 0.249846 0.350520
1 0.395841 0.261894 0.248079 0.350215
1 0.395648 0.262921 0.251083 0.350941
1 0.397440 0.260895 0.250359 0.346425
1 0.389807 0.259914 0.250974 0.337019
1 0.395942 0.258515 0.250566 0.344043
1 0.395383 0.257972 0.248447 0.346601
1 0.394852 0.258861 0.248661 0.348869
1 0.396651 0.261071 0.245938 0.349258
1 0.391850 0.262748 0.255848 0.343321
1 0.396550 0.258105 0.250979 0.350804
1 0.398666 0.257654 0.249628 0.352114
1 0.396054 0.258504 0.247588 0.352910
1 0.396488 0.261254 0.243357 0.348071
1 0.395042 0.259678 0.246411 0.351082
1 0.398418 0.257997 0.247662 0.354376
1 0.394874 0.257399 0.244534 0.351635
1 0.395125 0.259663 0.241599 0.350163
1 0.395737 0.256538 0.247401 0.352328
1 0.397697 0.255090 0.247338 0.355821
1 0.396374 0.254773 0.242312 0.356661
1 0.396902 0.258360 0.241003 0.349343
1 0.395621 0.256575 0.251380 0.355338
1 0.397474 0.255880 0.248632 0.355873
1 0.396224 0.256675 0.242543 0.354271
1 0.398181 0.258825 0.243936 0.345471
1 0.395531 0.256948 0.252694 0.355066
1 0.396760 0.257271 0.247414 0.351815
1 0.395694 0.259436 0.246465 0.353535
1 0.397314 0.260808 0.246408 0.349923
1 0.397112 0.261684 0.245439 0.356057
1 0.398666 0.262851 0.240956 0.356711
1 0.399954 0.260974 0.250830 0.353246
1 0.402406 0.261816 0.251716 0.352375
1 0.396421 0.262126 0.250929 0.354830
1 0.395503 0.259828 0.250718 0.349904
1 0.395705 0.255805 0.258303 0.357769
1 0.400269 0.264110 0.247081 0.357634
1 0.400720 0.264571 0.244611 0.349208
1 0.397273 0.262752 0.246849 0.345068
1 0.396120 0.262644 0.247600 0.350227
1 0.402436 0.259412 0.243234 0.350669
1 0.395131 0.261459 0.258719 0.359596
1 0.401283 0.258280 0.252114 0.352330
1 0.399074 0.263513 0.245197 0.344134
1 0.392596 0.256815 0.240381 0.347190
1 0.392389 0.261814 0.245812 0.343378
1 0.398866 0.260860 0.241902 0.350386
1 0.398762 0.254396 0.251987 0.357055
1 0.397200 0.259537 0.244029 0.353648
1 0.395930 0.257348 0.241381 0.351940
1 0.398410 0.266433 0.248365 0.347035
1 0.391789 0.259461 0.265893 0.355717
1 0.394401 0.262259 0.258477 0.360307
1 0.392718 0.261237 0.255468 0.361703