1 0.417915 0.153950 0.064180 0.092345
1 0.417203 0.155026 0.065475 0.089329
1 0.417748 0.154578 0.064889 0.089795
1 0.417141 0.154513 0.066217 0.090862
1 0.417467 0.153945 0.064923 0.092207
1 0.417307 0.154570 0.065654 0.090085
1 0.417742 0.153868 0.066196 0.091367
1 0.152735 0.266825 0.051727 0.074606
1 0.703375 0.261133 0.050840 0.072478
1 0.703274 0.261375 0.051597 0.070112
1 0.152792 0.268526 0.052722 0.071762
1 0.153052 0.267636 0.052185 0.071400
1 0.153719 0.267733 0.052587 0.072057
1 0.703214 0.261216 0.051269 0.069941
1 0.703533 0.260636 0.051375 0.069445
1 0.703276 0.261245 0.050918 0.068474
1 0.152956 0.267746 0.052910 0.070893
1 0.153533 0.267387 0.053388 0.071936
1 0.153283 0.267951 0.051587 0.072118
1 0.703824 0.260886 0.050764 0.070634
1 0.702970 0.260304 0.050054 0.069510
1 0.704076 0.260808 0.051146 0.069393
1 0.153215 0.267792 0.053170 0.073367
1 0.153219 0.267142 0.052722 0.071707
1 0.153573 0.268226 0.051326 0.071278
1 0.703285 0.261443 0.049768 0.070380
1 0.703532 0.260573 0.050613 0.069747
1 0.153999 0.268277 0.052203 0.071801
1 0.416871 0.151180 0.067243 0.097654
1 0.417557 0.152834 0.066233 0.094599
1 0.417945 0.152637 0.066085 0.093623
1 0.418170 0.153442 0.066731 0.092585
1 0.418037 0.153561 0.066640 0.093086
1 0.417775 0.153725 0.066394 0.092194
1 0.418697 0.155225 0.069298 0.094846
1 0.152668 0.267686 0.054201 0.073430
1 0.151742 0.267002 0.053430 0.073402
1 0.702885 0.260951 0.054329 0.075751
1 0.703566 0.260426 0.053349 0.075332
1 0.152790 0.266880 0.055079 0.074121
1 0.151369 0.268374 0.055007 0.073876