1 0.610562 0.464645 0.355408 0.513553
1 0.607975 0.462286 0.350969 0.510139
1 0.609591 0.476501 0.347101 0.509655
1 0.611440 0.477033 0.351086 0.505934
1 0.612293 0.472888 0.355044 0.518406
1 0.610180 0.469306 0.348060 0.496426
1 0.612039 0.469305 0.348020 0.487353
1 0.611668 0.468535 0.354017 0.490634
1 0.611712 0.465895 0.358729 0.490506
1 0.609608 0.463721 0.349629 0.498559
1 0.608358 0.472511 0.360928 0.495063
1 0.612193 0.467885 0.351232 0.484550
1 0.612451 0.467078 0.348473 0.485943
1 0.612415 0.464653 0.354690 0.486929
1 0.612278 0.464748 0.356937 0.479763
1 0.610616 0.463912 0.351265 0.489439
1 0.608162 0.468663 0.355900 0.492762
1 0.610751 0.462720 0.351292 0.483239
1 0.610658 0.466435 0.349349 0.484845
1 0.610276 0.464177 0.355703 0.489110
1 0.611940 0.467129 0.357561 0.488796
1 0.611791 0.464662 0.353608 0.490348
1 0.620269 0.468421 0.342547 0.481279
1 0.606053 0.472059 0.358057 0.491267
1 0.610227 0.464979 0.354437 0.485740
1 0.608042 0.468566 0.346267 0.482676
1 0.609150 0.466495 0.353109 0.484731
1 0.609401 0.463186 0.352140 0.488172
1 0.614972 0.464633 0.352744 0.484087
1 0.609696 0.467925 0.360840 0.484794
1 0.612439 0.464990 0.351941 0.492901
1 0.611928 0.466117 0.352092 0.478065
1 0.611437 0.464422 0.352310 0.486899
1 0.617613 0.469447 0.345738 0.482292
1 0.608372 0.469605 0.355448 0.486763
1 0.609445 0.471514 0.355818 0.483497
1 0.614549 0.471045 0.351009 0.480144