1 0.469593 0.351081 0.280992 0.425957
1 0.467243 0.349362 0.283167 0.437070
1 0.468330 0.352481 0.278744 0.440234
1 0.467594 0.347816 0.281844 0.427869
1 0.465107 0.348035 0.284569 0.426458
1 0.467227 0.349602 0.287902 0.429774
1 0.466199 0.347457 0.280238 0.426175
1 0.473671 0.345738 0.283165 0.446181
1 0.458315 0.349249 0.274431 0.422260
1 0.465370 0.352407 0.281428 0.423225
1 0.466044 0.350325 0.289524 0.426467
1 0.468120 0.347573 0.288636 0.422328
1 0.463994 0.344937 0.283960 0.431700
1 0.468534 0.350657 0.286305 0.429843
1 0.459534 0.356970 0.278890 0.418695
1 0.462487 0.349792 0.284434 0.422567
1 0.465440 0.349905 0.283141 0.430354
1 0.466262 0.349363 0.285262 0.429715
1 0.466356 0.348115 0.283721 0.432688
1 0.465812 0.345870 0.290152 0.430585
1 0.461357 0.348584 0.282035 0.421760
1 0.466930 0.348402 0.279707 0.430597
1 0.464951 0.345781 0.279820 0.434593
1 0.463077 0.346270 0.285745 0.436392
1 0.469186 0.350905 0.292319 0.431420
1 0.461681 0.361995 0.281785 0.418038
1 0.463196 0.354642 0.283435 0.424248
1 0.466657 0.352110 0.284340 0.428872
1 0.464512 0.353922 0.284109 0.429245