1 0.463166 0.424556 0.489581 0.673623
1 0.459589 0.425492 0.482808 0.666901
1 0.461469 0.421108 0.476616 0.665424
1 0.463178 0.425885 0.482490 0.669689
1 0.465846 0.421643 0.469481 0.670175
1 0.467525 0.422620 0.471670 0.676758
1 0.468384 0.417736 0.471008 0.662426
1 0.465021 0.426362 0.478808 0.675643
1 0.469177 0.429945 0.477591 0.667465
1 0.458707 0.419137 0.477542 0.646025
1 0.466134 0.426659 0.479133 0.647991
1 0.459177 0.421237 0.472215 0.663273
1 0.462589 0.425902 0.470602 0.661077
1 0.462715 0.423156 0.478925 0.664632
1 0.460719 0.422865 0.471814 0.660039
1 0.460912 0.422203 0.470554 0.654076
1 0.461444 0.422983 0.463915 0.654551
1 0.461551 0.421849 0.471821 0.655833
1 0.460137 0.426681 0.465647 0.653573
1 0.470352 0.417430 0.472000 0.654210
1 0.463636 0.428506 0.463630 0.659787
1 0.469724 0.423279 0.468532 0.653874
1 0.457456 0.416470 0.472466 0.668167
1 0.461987 0.426975 0.473444 0.646933
1 0.465240 0.428798 0.474650 0.647468
1 0.461114 0.423235 0.474856 0.652881
1 0.460503 0.425642 0.462897 0.647091
1 0.462803 0.422857 0.479860 0.647541
1 0.460383 0.424488 0.468683 0.643094
1 0.463138 0.419546 0.472858 0.646804
1 0.464379 0.422695 0.459851 0.644978
1 0.463366 0.419994 0.470984 0.643419
1 0.464551 0.424220 0.463044 0.647920
1 0.468183 0.419006 0.472198 0.650415
1 0.463547 0.421179 0.464613 0.654880
1 0.467484 0.424759 0.472127 0.654917
1 0.466494 0.422345 0.474400 0.660375
1 0.455275 0.421950 0.481686 0.661010
1 0.459073 0.423161 0.477313 0.648374
1 0.467371 0.422062 0.479513 0.652420
1 0.459334 0.418119 0.475582 0.650147
1 0.457468 0.419930 0.466787 0.648687
1 0.461090 0.418121 0.481658 0.647941
1 0.459368 0.418545 0.475851 0.646632
1 0.461058 0.419684 0.475258 0.646603
1 0.464094 0.423980 0.471128 0.644735
1 0.462610 0.417772 0.481082 0.646677
1 0.463543 0.423962 0.476465 0.649274
1 0.464791 0.417470 0.470829 0.644004
1 0.463682 0.417886 0.466339 0.651330
1 0.460951 0.423282 0.472661 0.646895
1 0.460893 0.419847 0.473660 0.645972
1 0.458500 0.419712 0.483403 0.661559
1 0.462655 0.421504 0.481895 0.652679
1 0.467211 0.422113 0.484531 0.657537
1 0.460956 0.416871 0.475368 0.648549
1 0.460897 0.418103 0.468243 0.650539
1 0.460804 0.416827 0.480169 0.647740
1 0.459040 0.420170 0.477723 0.650154
1 0.461349 0.420222 0.480742 0.643320
1 0.460481 0.422152 0.477327 0.642778
1 0.463961 0.415460 0.482111 0.653259
1 0.462886 0.418781 0.471460 0.647371
1 0.465035 0.417055 0.472511 0.643499
1 0.462580 0.415714 0.467890 0.652387
1 0.459798 0.418894 0.470608 0.651788
1 0.457666 0.420012 0.476548 0.645003
1 0.458356 0.417591 0.473175 0.654629
1 0.461665 0.417924 0.479211 0.645729
1 0.458616 0.424181 0.481525 0.632241
1 0.467018 0.419343 0.480024 0.648216
1 0.461038 0.419537 0.483153 0.644341
1 0.463356 0.419509 0.477574 0.640512
1 0.460027 0.417524 0.476829 0.641361
1 0.459758 0.419206 0.479886 0.644355
1 0.458109 0.418226 0.480429 0.647699
1 0.458528 0.417537 0.476323 0.640612
1 0.461188 0.417361 0.484563 0.648891
1 0.460370 0.419485 0.475693 0.641974
1 0.462963 0.419494 0.475875 0.641391
1 0.462499 0.417450 0.469880 0.640987
1 0.461329 0.418922 0.474445 0.642317
1 0.454572 0.417321 0.483216 0.644506
1 0.461452 0.415166 0.481525 0.650345
1 0.464039 0.410808 0.478822 0.655834
1 0.460108 0.411820 0.478292 0.655623
1 0.462518 0.410522 0.478696 0.661228
1 0.459961 0.415496 0.477524 0.654227
1 0.458253 0.417786 0.479817 0.655626
1 0.460835 0.415156 0.479330 0.658790
1 0.460036 0.416690 0.477155 0.654290
1 0.460364 0.415226 0.481155 0.654410
1 0.460582 0.416113 0.475577 0.649276
1 0.464018 0.417949 0.481321 0.648912
1 0.465454 0.412710 0.470848 0.649469
1 0.465384 0.417046 0.483667 0.650878
1 0.456890 0.419456 0.483257 0.641225
1 0.457992 0.424076 0.478670 0.635866
1 0.459523 0.418322 0.481263 0.641728
1 0.459238 0.421229 0.481293 0.633291
1 0.463105 0.419421 0.485067 0.646550
1 0.462294 0.416560 0.482835 0.644527
1 0.463159 0.418792 0.488121 0.652588
1 0.459941 0.416367 0.477164 0.650040
1 0.461398 0.419689 0.479268 0.650028
1 0.462006 0.415761 0.481018 0.656417
1 0.463647 0.417977 0.473559 0.649111
1 0.461647 0.418865 0.480319 0.651287
1 0.462678 0.416572 0.489784 0.643503
1 0.457619 0.425933 0.488786 0.642531
1 0.465608 0.417655 0.501626 0.654194
1 0.463119 0.423937 0.474318 0.642167
1 0.465930 0.415773 0.499189 0.664867
1 0.462377 0.421472 0.471544 0.641379
1 0.463179 0.410246 0.492732 0.662062
1 0.463382 0.412847 0.490996 0.658303
1 0.461677 0.419414 0.508571 0.661790