1 0.477043 0.373209 0.391706 0.532616
1 0.477950 0.381252 0.388809 0.529162
1 0.478459 0.385610 0.383305 0.525821
1 0.481473 0.381766 0.386050 0.524603
1 0.479371 0.380441 0.384115 0.538284
1 0.481550 0.384119 0.385145 0.523664
1 0.478618 0.383779 0.374439 0.529711
1 0.479339 0.385882 0.384144 0.527545
1 0.482177 0.382703 0.380682 0.520132
1 0.480248 0.383926 0.379959 0.528082
1 0.480981 0.380404 0.386749 0.520827
1 0.476582 0.381889 0.377467 0.518392
1 0.478306 0.380458 0.385019 0.516016
1 0.480297 0.381433 0.381975 0.505515
1 0.481878 0.378581 0.380931 0.515399
1 0.479148 0.384584 0.391389 0.515287
1 0.479865 0.381476 0.380572 0.525519
1 0.481152 0.380744 0.382645 0.524511
1 0.477570 0.382113 0.384146 0.526883
1 0.479529 0.380493 0.389223 0.522692
1 0.476691 0.382025 0.382594 0.518143
1 0.477347 0.382294 0.387036 0.516080
1 0.477911 0.376059 0.375432 0.540508
1 0.478381 0.376170 0.382511 0.520349
1 0.476487 0.376613 0.382260 0.525784
1 0.477152 0.376923 0.381792 0.525563
1 0.474580 0.373950 0.378021 0.525103
1 0.478509 0.382606 0.378469 0.513619
1 0.476394 0.373545 0.378557 0.537535
1 0.480843 0.371606 0.380559 0.533311
1 0.477224 0.372635 0.385757 0.535307
1 0.478360 0.371448 0.380213 0.536324
1 0.474590 0.374310 0.379454 0.535219
1 0.482906 0.381629 0.382643 0.515040
1 0.478342 0.378851 0.378548 0.516612
1 0.477676 0.382306 0.372477 0.510904
1 0.479191 0.388212 0.370305 0.504491
1 0.476724 0.384212 0.379398 0.514898
1 0.483981 0.386321 0.371013 0.517197