1 0.484243 0.334603 0.300048 0.428478
1 0.483307 0.334036 0.295894 0.398631
1 0.481480 0.334563 0.296134 0.403588
1 0.481044 0.333285 0.303076 0.405770
1 0.484009 0.329969 0.300074 0.417142
1 0.484112 0.332308 0.299024 0.405721
1 0.484388 0.333019 0.299773 0.400992
1 0.486827 0.334377 0.299189 0.404410
1 0.484042 0.330170 0.299793 0.398049
1 0.483998 0.331981 0.302778 0.404906
1 0.490042 0.324689 0.296157 0.412949
1 0.473423 0.329645 0.301719 0.408210
1 0.483183 0.332959 0.302932 0.407779
1 0.480893 0.334220 0.303066 0.405942
1 0.484396 0.330647 0.299216 0.404368
1 0.484888 0.330200 0.303783 0.405637
1 0.483639 0.329060 0.300571 0.407619
1 0.487361 0.328016 0.302254 0.411564
1 0.484761 0.332786 0.298751 0.402659
1 0.482600 0.330938 0.297158 0.407514
1 0.483182 0.333866 0.303458 0.410757
1 0.483321 0.329946 0.303550 0.410728
1 0.486063 0.330395 0.298465 0.409466
1 0.485142 0.330198 0.302948 0.413746
1 0.482557 0.335225 0.302707 0.402441
1 0.480327 0.332125 0.301190 0.410563
1 0.483681 0.332385 0.298744 0.409337
1 0.483189 0.330463 0.298462 0.408144
1 0.486116 0.329420 0.298619 0.414820
1 0.480332 0.337235 0.298426 0.407685
1 0.484946 0.331542 0.305433 0.414492
1 0.486463 0.331170 0.299222 0.415531