1 0.666644 0.424313 0.328454 0.458376
1 0.665234 0.425870 0.331016 0.456409
1 0.669568 0.422694 0.324361 0.464873
1 0.664707 0.418426 0.324165 0.454559
1 0.670202 0.419193 0.321427 0.438904
1 0.670156 0.417426 0.322219 0.444131
1 0.670568 0.416437 0.325539 0.445484
1 0.668961 0.412542 0.324174 0.450665
1 0.661476 0.420355 0.333420 0.452412
1 0.671095 0.418856 0.324160 0.444114
1 0.668911 0.417295 0.323849 0.447082
1 0.668235 0.416123 0.326602 0.447913
1 0.668020 0.419266 0.326963 0.442801
1 0.665854 0.414430 0.328030 0.445526
1 0.663671 0.421194 0.329483 0.446515
1 0.669851 0.417128 0.319493 0.441524
1 0.667613 0.417704 0.322478 0.448881
1 0.665684 0.417377 0.326204 0.444531
1 0.666443 0.416888 0.325090 0.441983
1 0.667897 0.416675 0.327247 0.442636
1 0.671623 0.416207 0.316470 0.437021
1 0.662862 0.424988 0.335142 0.441701
1 0.667937 0.418112 0.320584 0.441692
1 0.665463 0.419239 0.318800 0.433544
1 0.666024 0.415479 0.325164 0.443074
1 0.664490 0.416144 0.327883 0.446741
1 0.671086 0.418018 0.329288 0.445135
1 0.662206 0.422625 0.328072 0.433730
1 0.667249 0.418473 0.320824 0.439679
1 0.663117 0.415926 0.329107 0.436394
1 0.666632 0.414348 0.323733 0.450234
1 0.673503 0.421172 0.318256 0.451641
1 0.662644 0.419326 0.332287 0.444588
1 0.660729 0.417839 0.335311 0.450140
1 0.666744 0.423787 0.323334 0.448309