1 0.487598 0.394081 0.278212 0.381247
1 0.489268 0.394622 0.280686 0.380765
1 0.486686 0.394408 0.277832 0.377710
1 0.488967 0.396151 0.281881 0.376768
1 0.488317 0.395149 0.287102 0.375378
1 0.487389 0.396716 0.285559 0.377221
1 0.489209 0.396942 0.284090 0.371188
1 0.487355 0.398612 0.285297 0.363379
1 0.489202 0.395643 0.284257 0.372477
1 0.488734 0.395946 0.287974 0.377745
1 0.487417 0.395067 0.287414 0.380250
1 0.488683 0.398520 0.289589 0.374892
1 0.486819 0.400656 0.288335 0.360901
1 0.487382 0.398634 0.284904 0.374986
1 0.488632 0.396333 0.289171 0.376517
1 0.487534 0.395033 0.287010 0.378788
1 0.488773 0.398268 0.292112 0.371648
1 0.488100 0.400415 0.286141 0.363536
1 0.487429 0.397392 0.282265 0.378265
1 0.488128 0.398597 0.288730 0.375897
1 0.486898 0.394497 0.291570 0.374456
1 0.488444 0.397578 0.292875 0.363119
1 0.488859 0.400392 0.286369 0.364688
1 0.487464 0.396756 0.285045 0.375074
1 0.488329 0.396385 0.288804 0.371238
1 0.486368 0.394863 0.292169 0.371727
1 0.489486 0.396465 0.290885 0.362259
1 0.488781 0.396054 0.288445 0.370064
1 0.488251 0.395436 0.289935 0.369581
1 0.487865 0.395260 0.293348 0.373203
1 0.491359 0.396587 0.294395 0.365185
1 0.487774 0.399888 0.285226 0.369344
1 0.489521 0.398028 0.286393 0.366935
1 0.489424 0.400370 0.290295 0.365398
1 0.490779 0.392250 0.290145 0.395893
1 0.487930 0.392765 0.283871 0.390211
1 0.487644 0.395041 0.290332 0.393339
1 0.489677 0.387786 0.289647 0.395411
1 0.489671 0.395500 0.284175 0.388482
1 0.489347 0.395268 0.289861 0.389337
1 0.485877 0.393416 0.288865 0.382814
1 0.487937 0.392398 0.287176 0.379798
1 0.487240 0.395976 0.294133 0.378406
1 0.489940 0.396390 0.288486 0.377462
1 0.486223 0.394700 0.289373 0.386505
1 0.486691 0.395164 0.288191 0.379467
1 0.488149 0.393069 0.288750 0.383209
1 0.487588 0.395420 0.291202 0.379515
1 0.486298 0.392041 0.300530 0.389675
1 0.488955 0.396345 0.290046 0.374631
1 0.485949 0.397588 0.285705 0.381088
1 0.489581 0.401196 0.287621 0.376945
1 0.490440 0.395686 0.293157 0.380079
1 0.488658 0.396042 0.292961 0.377737
1 0.487330 0.395023 0.299137 0.384765
1 0.488199 0.399450 0.291841 0.366745
1 0.485661 0.399380 0.289100 0.372952
1 0.486517 0.398870 0.288793 0.376361
1 0.487770 0.397932 0.295964 0.377926
1 0.489614 0.396531 0.293935 0.378635
1 0.485141 0.400944 0.288332 0.370709
1 0.488767 0.399658 0.293820 0.368536
1 0.488969 0.400874 0.295237 0.376624