1 0.622748 0.326726 0.274389 0.363002
1 0.623677 0.328372 0.272400 0.360669
1 0.621975 0.327732 0.280636 0.349156
1 0.624465 0.327939 0.281899 0.351227
1 0.623649 0.329755 0.276108 0.349141
1 0.623607 0.330209 0.278650 0.347064
1 0.619090 0.331932 0.284074 0.344169
1 0.624432 0.330365 0.284351 0.346198
1 0.624289 0.327851 0.286013 0.352520
1 0.623920 0.329643 0.280111 0.352178
1 0.622900 0.331400 0.280073 0.345059
1 0.621476 0.332838 0.291618 0.343828
1 0.624330 0.330521 0.285960 0.345625
1 0.624899 0.328468 0.283232 0.350375
1 0.624022 0.328728 0.279151 0.352698
1 0.622334 0.330186 0.280538 0.347317
1 0.626301 0.332025 0.279299 0.334491
1 0.622456 0.332552 0.288707 0.339701
1 0.624657 0.328357 0.284689 0.345952
1 0.624816 0.327967 0.285050 0.350857
1 0.624268 0.327004 0.282394 0.350439
1 0.623392 0.327515 0.284664 0.346234
1 0.626785 0.331222 0.282835 0.333869
1 0.624872 0.326998 0.282529 0.349655
1 0.624209 0.326926 0.284978 0.353398
1 0.624502 0.326337 0.284095 0.350357
1 0.624646 0.328047 0.283523 0.345460
1 0.627407 0.333761 0.284593 0.330509
1 0.624433 0.329856 0.281529 0.348376
1 0.624199 0.327892 0.279150 0.345312
1 0.624417 0.328094 0.278771 0.346883
1 0.624647 0.329599 0.280163 0.340941
1 0.628229 0.334804 0.282044 0.329112
1 0.622404 0.331240 0.281299 0.349068
1 0.624247 0.330846 0.279056 0.343815
1 0.625196 0.332259 0.279141 0.345317
1 0.625505 0.333750 0.280211 0.348943
1 0.626450 0.329579 0.291916 0.352045
1 0.624189 0.332466 0.281574 0.347181
1 0.621942 0.333848 0.286504 0.354282
1 0.628695 0.333220 0.288834 0.352653
1 0.624936 0.330200 0.284544 0.343738
1 0.624901 0.329255 0.282642 0.344341
1 0.623034 0.327929 0.282695 0.343655
1 0.622080 0.331232 0.285815 0.342053
1 0.620129 0.328864 0.285286 0.356040
1 0.625143 0.326113 0.291409 0.350956
1 0.621528 0.327886 0.289256 0.348510
1 0.623289 0.330136 0.285038 0.348046
1 0.623354 0.328189 0.285476 0.354221
1 0.620027 0.330530 0.284482 0.343052
1 0.624620 0.329211 0.286100 0.366826
1 0.625998 0.329441 0.287353 0.342647
1 0.623893 0.328082 0.286354 0.351813
1 0.627624 0.333525 0.286163 0.350386
1 0.624888 0.333400 0.283652 0.353373
1 0.627733 0.329774 0.285658 0.350160
1 0.622283 0.334948 0.293191 0.337439
1 0.620984 0.331880 0.289688 0.347379
1 0.624760 0.329345 0.285485 0.351552
1 0.627532 0.332590 0.284305 0.350219
1 0.630231 0.335736 0.288815 0.348925