1 0.442626 0.244941 0.191214 0.295113
1 0.442007 0.248608 0.190880 0.291085
1 0.444627 0.247322 0.193752 0.292214
1 0.441297 0.243965 0.192695 0.291506
1 0.444991 0.247954 0.195800 0.290888
1 0.443994 0.248061 0.196174 0.289675
1 0.443546 0.249048 0.197351 0.290332
1 0.442896 0.248558 0.195511 0.287865
1 0.442622 0.247916 0.193264 0.284585
1 0.445478 0.248101 0.198440 0.286519
1 0.443683 0.248557 0.198520 0.290669
1 0.442405 0.249489 0.196963 0.285597
1 0.442042 0.249721 0.195789 0.288346
1 0.443498 0.247959 0.194164 0.287129
1 0.444868 0.248755 0.194875 0.286398
1 0.442792 0.249470 0.196164 0.285965
1 0.442655 0.250277 0.195090 0.285911
1 0.441768 0.250480 0.197455 0.284526
1 0.444350 0.252185 0.195728 0.280088
1 0.442688 0.248441 0.194531 0.288507
1 0.443901 0.247530 0.195578 0.286632
1 0.442370 0.248808 0.196913 0.286394
1 0.442135 0.250918 0.196538 0.287111
1 0.441594 0.251730 0.197421 0.285957
1 0.444342 0.253046 0.195447 0.277335
1 0.441807 0.249294 0.196425 0.287696
1 0.443094 0.249725 0.195235 0.286708
1 0.442609 0.248946 0.197244 0.290834
1 0.443467 0.251556 0.197199 0.289581
1 0.441545 0.249958 0.196043 0.290569
1 0.445285 0.254272 0.196004 0.278949
1 0.442927 0.250041 0.197131 0.281847
1 0.443388 0.248084 0.194095 0.286106
1 0.443065 0.249026 0.197414 0.288902
1 0.442463 0.249110 0.198156 0.287712
1 0.442330 0.252590 0.193429 0.288035
1 0.442685 0.250237 0.197381 0.283248
1 0.444073 0.248561 0.194953 0.286460
1 0.442886 0.249457 0.191772 0.282860
1 0.443857 0.247348 0.197651 0.292903
1 0.443977 0.245362 0.195737 0.295037
1 0.445071 0.248625 0.204573 0.296720
1 0.444242 0.250478 0.201627 0.296688
1 0.442646 0.249785 0.200517 0.294358
1 0.443027 0.248458 0.203604 0.297091