1 0.027675 0.562440 0.046448 0.061243
1 0.028376 0.563427 0.047476 0.057940
1 0.027828 0.563285 0.048449 0.060260
1 0.027756 0.563948 0.048665 0.059268
1 0.028182 0.562990 0.048664 0.057651
1 0.027835 0.563234 0.047900 0.059597
1 0.027436 0.563547 0.047587 0.058992
1 0.027616 0.563783 0.048136 0.057926
1 0.027413 0.563728 0.047016 0.059347
1 0.027599 0.562843 0.047581 0.059291
1 0.452947 0.287972 0.182488 0.268616
1 0.448402 0.286144 0.187705 0.263901
1 0.449994 0.289320 0.185834 0.259180
1 0.450278 0.289408 0.186599 0.256599
1 0.450704 0.286866 0.184745 0.263606
1 0.446924 0.285387 0.189512 0.269453
1 0.449238 0.289399 0.190408 0.263215
1 0.450113 0.288459 0.188256 0.262136
1 0.449716 0.288097 0.188895 0.259088
1 0.447964 0.287864 0.188418 0.262069
1 0.450709 0.285827 0.186175 0.265387
1 0.447385 0.289359 0.187858 0.265366
1 0.449080 0.288869 0.189818 0.263777
1 0.448563 0.288392 0.189737 0.261593
1 0.448458 0.289765 0.188806 0.260492
1 0.447511 0.287718 0.192472 0.265934
1 0.447712 0.287333 0.189376 0.260595
1 0.447965 0.289273 0.187647 0.263423
1 0.447830 0.289050 0.190762 0.264766
1 0.448522 0.289662 0.188930 0.259861
1 0.448690 0.288140 0.186715 0.261143
1 0.448117 0.288600 0.189830 0.266014
1 0.448256 0.287658 0.190729 0.263035
1 0.447756 0.289439 0.188978 0.260579
1 0.447667 0.288426 0.191051 0.262681
1 0.448817 0.289584 0.190608 0.263911
1 0.448187 0.288346 0.189819 0.264653
1 0.447443 0.287331 0.190097 0.263792
1 0.448145 0.287277 0.192458 0.262972
1 0.446440 0.292038 0.193748 0.260126
1 0.447226 0.290315 0.190522 0.267115
1 0.448257 0.289222 0.192204 0.265251
1 0.447894 0.289273 0.191541 0.263885
1 0.447366 0.288883 0.192212 0.269058
1 0.448872 0.291748 0.190439 0.262600
1 0.446909 0.291904 0.192877 0.265866
1 0.447093 0.289261 0.194187 0.266076
1 0.448351 0.287872 0.194331 0.268312
1 0.448470 0.289315 0.190562 0.266754
1 0.445253 0.292456 0.193083 0.263559
1 0.448142 0.291538 0.191932 0.268642