1 0.495400 0.340314 0.208550 0.295374
1 0.496245 0.340485 0.207561 0.302824
1 0.497187 0.336781 0.207397 0.289699
1 0.495317 0.337797 0.205275 0.291682
1 0.494994 0.338408 0.209991 0.291350
1 0.496074 0.337044 0.207322 0.295405
1 0.495605 0.336198 0.209177 0.292239
1 0.497615 0.335618 0.207301 0.292111
1 0.496320 0.335816 0.207376 0.291802
1 0.495451 0.335648 0.210448 0.291532
1 0.494439 0.335500 0.207232 0.292720
1 0.498624 0.336505 0.209439 0.294489
1 0.496204 0.337374 0.210939 0.290915
1 0.497259 0.335572 0.207054 0.293210
1 0.496320 0.335003 0.208227 0.291933
1 0.495535 0.336042 0.210227 0.289872
1 0.493743 0.336049 0.209734 0.296237
1 0.496527 0.339201 0.209607 0.290120
1 0.495845 0.338529 0.212146 0.294798
1 0.496751 0.337199 0.210469 0.291041
1 0.495763 0.336647 0.209312 0.292246
1 0.495448 0.336356 0.208577 0.289610
1 0.494550 0.336302 0.211518 0.293191
1 0.497208 0.337847 0.212329 0.286857
1 0.494759 0.336998 0.211733 0.294363
1 0.495602 0.336189 0.212354 0.293953
1 0.496080 0.336284 0.209331 0.294307
1 0.495181 0.337725 0.209525 0.294992
1 0.494993 0.338071 0.211813 0.296089
1 0.496605 0.339320 0.215692 0.289451
1 0.494170 0.337694 0.212565 0.293211
1 0.494911 0.336980 0.212859 0.295271
1 0.496068 0.336155 0.213739 0.294708
1 0.494949 0.337863 0.213690 0.293008
1 0.495008 0.338490 0.209860 0.295033
1 0.496972 0.341237 0.213899 0.285471
1 0.494127 0.338737 0.215750 0.291246
1 0.495002 0.338793 0.215250 0.293697
1 0.495251 0.339084 0.214773 0.294833
1 0.495294 0.340789 0.212230 0.293009
1 0.494509 0.340658 0.214483 0.291800
1 0.496545 0.342317 0.213173 0.290875
1 0.499921 0.339224 0.215074 0.298989
1 0.497827 0.334826 0.215111 0.298183
1 0.496732 0.335359 0.212445 0.300189
1 0.497039 0.335421 0.209135 0.295597
1 0.496016 0.339240 0.216425 0.292658
1 0.497650 0.338721 0.213556 0.294305
1 0.493722 0.339404 0.209993 0.295035
1 0.494762 0.337773 0.213775 0.296829
1 0.496254 0.335236 0.214664 0.294943
1 0.496134 0.338670 0.211154 0.294991
1 0.495749 0.337724 0.213106 0.296996
1 0.495909 0.337307 0.212419 0.293691