1 0.131002 0.375079 0.046250 0.089061
1 0.133939 0.375019 0.049583 0.088942
1 0.129725 0.375792 0.044560 0.088806
1 0.130863 0.374497 0.047647 0.087782
1 0.133784 0.375857 0.048293 0.082789
1 0.129678 0.375846 0.044428 0.082711
1 0.130785 0.374137 0.048109 0.085591
1 0.133588 0.375491 0.048569 0.082456
1 0.131419 0.373590 0.048462 0.082740
1 0.134556 0.376034 0.050167 0.083803
1 0.132471 0.373471 0.048039 0.089296
1 0.132683 0.373207 0.050599 0.090659
1 0.132132 0.375066 0.048482 0.087594
1 0.132723 0.375712 0.051321 0.088580
1 0.593924 0.409141 0.328022 0.467005
1 0.593258 0.415519 0.329708 0.463939
1 0.595611 0.413971 0.325897 0.470126
1 0.594112 0.407785 0.333487 0.486361
1 0.590083 0.409311 0.330567 0.460419
1 0.595350 0.413281 0.325945 0.460595
1 0.594430 0.409899 0.332719 0.464802
1 0.595299 0.410049 0.331203 0.465180
1 0.594112 0.409782 0.330048 0.468944
1 0.598690 0.403914 0.322328 0.478444
1 0.593520 0.413454 0.337731 0.455774
1 0.595471 0.408321 0.329917 0.461538
1 0.596379 0.411552 0.330754 0.458910
1 0.598422 0.411327 0.330376 0.452800
1 0.595205 0.409091 0.326744 0.456386
1 0.594201 0.409203 0.328107 0.465247
1 0.594098 0.408222 0.335146 0.447734
1 0.594288 0.409649 0.333755 0.451990
1 0.596466 0.412108 0.333859 0.455938
1 0.599042 0.412056 0.331061 0.448192
1 0.596939 0.409618 0.331951 0.458292
1 0.596217 0.407027 0.330547 0.461490
1 0.594908 0.411831 0.335902 0.447694
1 0.593640 0.413135 0.334826 0.452770
1 0.597746 0.409104 0.336029 0.458482
1 0.598324 0.410680 0.332062 0.453494
1 0.599995 0.409038 0.338473 0.459397
1 0.598974 0.409175 0.339355 0.464110
1 0.594763 0.415509 0.338312 0.440529
1 0.598215 0.413698 0.336536 0.454263
1 0.602985 0.409621 0.335740 0.453388
1 0.601602 0.407080 0.331947 0.461339
1 0.599132 0.414428 0.339159 0.452891
1 0.597949 0.411279 0.332185 0.465087