1 0.488918 0.477247 0.373550 0.551361
1 0.488006 0.479125 0.361408 0.534055
1 0.484695 0.482736 0.365137 0.536825
1 0.487017 0.482302 0.369768 0.539926
1 0.492217 0.471537 0.375488 0.544969
1 0.482900 0.475941 0.362381 0.540141
1 0.487019 0.479115 0.361959 0.522381
1 0.485887 0.479436 0.368118 0.526494
1 0.486687 0.479041 0.371192 0.525232
1 0.488373 0.477782 0.371629 0.534519
1 0.485586 0.477230 0.362863 0.522558
1 0.490187 0.475313 0.366532 0.517629
1 0.488579 0.474082 0.367573 0.519861
1 0.488668 0.471562 0.369793 0.517441
1 0.488766 0.473498 0.371629 0.516436
1 0.491135 0.469290 0.371036 0.517953
1 0.486281 0.473394 0.367484 0.527553
1 0.491447 0.472738 0.369564 0.519810
1 0.487761 0.475633 0.370654 0.523930
1 0.487979 0.476193 0.372981 0.521460
1 0.488327 0.471735 0.376970 0.518608
1 0.486979 0.474467 0.378357 0.518173
1 0.486673 0.470807 0.370864 0.524413
1 0.490078 0.472707 0.377578 0.523834
1 0.488491 0.473474 0.376032 0.525584
1 0.486660 0.472967 0.371218 0.523536
1 0.489510 0.471055 0.380955 0.523611
1 0.491646 0.472654 0.379326 0.519933
1 0.487769 0.474054 0.371381 0.511229
1 0.489852 0.471881 0.374029 0.527329
1 0.491169 0.473867 0.376431 0.523945
1 0.490789 0.473064 0.376655 0.527008
1 0.489603 0.473528 0.384847 0.520972
1 0.490615 0.475310 0.374873 0.510526
1 0.491052 0.475469 0.378780 0.512834
1 0.492813 0.474412 0.373620 0.520953
1 0.493442 0.478802 0.382019 0.515394
1 0.488873 0.487126 0.382153 0.495050
1 0.491930 0.489724 0.375577 0.500230