1 0.549366 0.309377 0.058470 0.076104
1 0.549597 0.309517 0.058331 0.076714
1 0.549974 0.308743 0.058265 0.074561
1 0.549943 0.308838 0.057548 0.075523
1 0.550577 0.308948 0.057910 0.075028
1 0.549927 0.308777 0.058920 0.075842
1 0.550963 0.310415 0.057785 0.073201
1 0.550508 0.309827 0.058680 0.074724
1 0.551362 0.309789 0.058382 0.074150
1 0.652501 0.497589 0.017155 0.021782
1 0.550157 0.309114 0.058993 0.077196
1 0.550435 0.309022 0.058158 0.077934
1 0.549593 0.308883 0.057874 0.074685
1 0.550735 0.308779 0.057303 0.074758