1 0.460183 0.471755 0.413921 0.578918
1 0.464263 0.471936 0.411222 0.576447
1 0.461194 0.478510 0.418767 0.586835
1 0.462905 0.484907 0.425639 0.596564
1 0.461147 0.482881 0.419361 0.594784
1 0.466857 0.482490 0.421035 0.604461
1 0.471570 0.485938 0.435868 0.585818
1 0.452395 0.487649 0.420828 0.587000
1 0.461333 0.488206 0.422873 0.594721
1 0.460242 0.485787 0.421418 0.598882
1 0.459559 0.486103 0.425121 0.587120
1 0.454440 0.483669 0.428539 0.596205
1 0.459520 0.483547 0.416212 0.589703
1 0.462493 0.480259 0.421922 0.602467
1 0.459585 0.480425 0.421533 0.596941
1 0.461170 0.477410 0.417863 0.596101
1 0.468582 0.479029 0.417199 0.592849
1 0.468414 0.477140 0.420780 0.610261
1 0.471551 0.478189 0.418332 0.607561
1 0.460092 0.484834 0.435615 0.587470
1 0.458013 0.491692 0.416357 0.571638
1 0.455312 0.487908 0.421170 0.593473
1 0.461088 0.490155 0.421544 0.584851
1 0.459294 0.489816 0.421027 0.592916
1 0.462139 0.485106 0.423298 0.581573
1 0.459283 0.485053 0.426873 0.586887
1 0.461078 0.484290 0.421454 0.595398
1 0.465396 0.483496 0.429106 0.605313
1 0.460837 0.482020 0.421117 0.596274
1 0.462847 0.480284 0.417571 0.594877
1 0.465132 0.483255 0.415198 0.598744
1 0.467015 0.483767 0.412624 0.602920
1 0.469637 0.484197 0.413235 0.604839
1 0.456887 0.475649 0.426439 0.612414
1 0.461407 0.484307 0.437878 0.594918
1 0.456475 0.493168 0.414464 0.572294
1 0.452571 0.487003 0.420030 0.595165
1 0.461223 0.487865 0.417930 0.585291
1 0.458585 0.486932 0.423478 0.602262
1 0.462144 0.486131 0.424222 0.593290
1 0.458753 0.488763 0.430707 0.606434
1 0.460256 0.484339 0.417469 0.595750
1 0.462234 0.485551 0.421697 0.601636
1 0.464537 0.483172 0.424202 0.592514
1 0.466048 0.485297 0.426731 0.600097
1 0.463220 0.481847 0.416732 0.599808
1 0.463968 0.483229 0.417533 0.610536
1 0.465992 0.478704 0.414002 0.608512
1 0.460472 0.480459 0.424979 0.617015
1 0.465104 0.482693 0.438646 0.600202
1 0.459766 0.491037 0.417586 0.582650
1 0.456617 0.484229 0.419952 0.599000
1 0.461484 0.485475 0.422200 0.584864
1 0.459243 0.481931 0.427130 0.600854
1 0.461052 0.484592 0.425971 0.597978
1 0.460733 0.483903 0.432036 0.613660
1 0.457912 0.485276 0.421761 0.597107
1 0.460222 0.486140 0.427155 0.602554
1 0.462282 0.479538 0.420665 0.598585
1 0.465855 0.480927 0.424477 0.606630
1 0.461490 0.477153 0.425340 0.606440
1 0.463635 0.476260 0.423136 0.610087
1 0.466162 0.473020 0.421902 0.614364
1 0.465017 0.475152 0.425251 0.624973
1 0.469163 0.485396 0.440676 0.592987
1 0.455206 0.491072 0.417033 0.578076
1 0.458295 0.484307 0.417705 0.591879
1 0.460758 0.482733 0.420867 0.587073
1 0.458503 0.482264 0.426713 0.600795
1 0.458947 0.486015 0.422660 0.588132
1 0.458186 0.486820 0.435487 0.609344
1 0.462430 0.482546 0.419850 0.594037
1 0.462210 0.484919 0.421964 0.599476
1 0.460513 0.480131 0.421706 0.600712
1 0.462820 0.485265 0.424703 0.606975
1 0.460567 0.478200 0.427253 0.602586
1 0.466002 0.478586 0.425157 0.612499
1 0.465328 0.473558 0.430035 0.624203
1 0.472175 0.474216 0.429506 0.620066
1 0.459813 0.481236 0.425084 0.598452
1 0.458877 0.480080 0.423533 0.598119
1 0.461486 0.480376 0.434002 0.613307
1 0.460438 0.478956 0.425717 0.602463
1 0.457708 0.481791 0.438950 0.616754
1 0.460172 0.479809 0.421389 0.600580
1 0.458280 0.482116 0.426846 0.600574
1 0.461978 0.479499 0.425990 0.604583
1 0.465163 0.479379 0.433613 0.607080
1 0.461413 0.476523 0.437240 0.618329
1 0.463455 0.480174 0.441035 0.616282
1 0.459526 0.487762 0.423607 0.586711
1 0.462028 0.484524 0.420981 0.591082