1 0.519094 0.203757 0.146749 0.211757
1 0.519030 0.204989 0.146791 0.210831
1 0.517649 0.205337 0.146162 0.209312
1 0.519622 0.203430 0.149952 0.217652
1 0.519397 0.205932 0.146917 0.208668
1 0.519636 0.206971 0.147721 0.209629
1 0.519147 0.206122 0.146766 0.207528
1 0.518601 0.206758 0.147035 0.207799
1 0.518853 0.207385 0.148590 0.213462
1 0.519553 0.206688 0.147493 0.209276
1 0.518988 0.205577 0.146348 0.205891
1 0.518818 0.205670 0.147271 0.206020
1 0.518779 0.206780 0.146029 0.206679
1 0.518329 0.205650 0.146298 0.208572
1 0.519580 0.205496 0.146962 0.209142
1 0.519959 0.206750 0.146131 0.207802
1 0.518196 0.206351 0.148297 0.206099
1 0.518745 0.206498 0.147546 0.205596
1 0.518426 0.207643 0.147886 0.206098
1 0.518814 0.206643 0.146524 0.204677
1 0.518885 0.205927 0.147225 0.206071
1 0.519118 0.206576 0.147280 0.205889
1 0.517714 0.204524 0.147552 0.206018
1 0.518691 0.206413 0.146235 0.204906
1 0.519966 0.205392 0.146726 0.206547
1 0.521091 0.208241 0.146889 0.202558
1 0.518302 0.206387 0.145632 0.203298
1 0.518709 0.205651 0.146840 0.206384
1 0.519753 0.206944 0.146218 0.208689
1 0.520673 0.207652 0.145840 0.203074