1 0.576251 0.276284 0.246045 0.401994
1 0.577866 0.276614 0.248549 0.401726
1 0.581944 0.274245 0.256918 0.400474
1 0.575191 0.276751 0.245290 0.385092
1 0.576979 0.277858 0.249418 0.392165
1 0.577671 0.278304 0.252294 0.392143
1 0.580837 0.278084 0.252111 0.392581
1 0.574352 0.278714 0.247486 0.382868
1 0.576562 0.275426 0.253390 0.392091
1 0.576742 0.275972 0.258903 0.390620
1 0.579056 0.279100 0.254866 0.387505
1 0.575759 0.277016 0.252322 0.390410
1 0.577489 0.273271 0.257219 0.394065
1 0.577674 0.275227 0.257282 0.392116
1 0.580359 0.278698 0.251901 0.392470
1 0.576039 0.276415 0.254436 0.394401
1 0.577563 0.273377 0.257998 0.395072
1 0.577251 0.274714 0.254018 0.396048
1 0.577412 0.276027 0.252093 0.400749
1 0.577252 0.275477 0.256594 0.394174
1 0.577351 0.274449 0.259374 0.389176
1 0.577190 0.274794 0.253887 0.392339
1 0.577347 0.274127 0.257984 0.400104
1 0.575717 0.278858 0.254680 0.389289
1 0.575072 0.276107 0.254440 0.386924
1 0.575198 0.276441 0.251081 0.391990
1 0.577771 0.275669 0.255380 0.390979
1 0.573289 0.283105 0.253204 0.384652
1 0.574993 0.278249 0.252848 0.387353
1 0.574025 0.277416 0.250083 0.382943
1 0.577432 0.278778 0.253566 0.382440
1 0.573238 0.283436 0.247774 0.380554
1 0.574984 0.280901 0.247053 0.378066
1 0.580741 0.274219 0.257495 0.397167
1 0.584496 0.272597 0.256429 0.394942
1 0.582923 0.270054 0.251220 0.393433
1 0.588427 0.269362 0.262459 0.401448
1 0.574662 0.273713 0.251274 0.391013
1 0.582925 0.273770 0.256702 0.391738
1 0.586109 0.273282 0.254168 0.395272
1 0.581410 0.274319 0.255223 0.393633
1 0.580261 0.272316 0.255223 0.387650
1 0.573445 0.274560 0.253118 0.392514
1 0.580157 0.271912 0.253442 0.395156
1 0.578907 0.273289 0.250725 0.402212
1 0.580150 0.272645 0.253386 0.397285
1 0.580642 0.272118 0.253405 0.393737
1 0.588885 0.273055 0.266638 0.386442
1 0.575714 0.277689 0.249699 0.386634
1 0.580985 0.273830 0.253290 0.394450
1 0.580666 0.272249 0.259105 0.396227
1 0.581202 0.272139 0.256176 0.394633
1 0.579999 0.271845 0.257987 0.392404
1 0.576409 0.272116 0.257305 0.397637
1 0.582132 0.270623 0.253943 0.400034
1 0.579070 0.270658 0.257351 0.401107
1 0.584704 0.272490 0.270443 0.395225