1 0.542858 0.371765 0.378920 0.528067
1 0.547890 0.370273 0.376502 0.534023
1 0.541763 0.372822 0.377117 0.524196
1 0.540097 0.378694 0.375849 0.523261
1 0.541784 0.375879 0.380101 0.530987
1 0.544876 0.371069 0.382043 0.531641
1 0.537225 0.377250 0.382941 0.537328
1 0.543252 0.376319 0.384150 0.517226
1 0.538385 0.376041 0.379108 0.527807
1 0.542027 0.378891 0.382024 0.526180
1 0.543821 0.378226 0.384101 0.527350
1 0.546579 0.371549 0.379235 0.523042
1 0.538417 0.379245 0.382463 0.531553
1 0.542963 0.375402 0.392047 0.523621
1 0.540516 0.378882 0.384154 0.528541
1 0.542623 0.378317 0.391078 0.523001
1 0.542344 0.377299 0.385793 0.516306
1 0.545344 0.374838 0.386534 0.521035
1 0.537947 0.379881 0.381614 0.529758
1 0.542431 0.376486 0.389217 0.522070
1 0.538168 0.380022 0.389754 0.528995
1 0.540998 0.376187 0.391447 0.524574
1 0.540099 0.378001 0.387640 0.526957
1 0.537826 0.377327 0.390435 0.527635
1 0.535705 0.377506 0.380355 0.537344
1 0.539499 0.378617 0.389018 0.519433
1 0.538398 0.378487 0.387864 0.529594
1 0.538054 0.374766 0.393765 0.525135
1 0.538566 0.371340 0.391087 0.530921
1 0.538790 0.374071 0.391795 0.527881
1 0.533472 0.378244 0.388999 0.526076
1 0.541376 0.375853 0.393122 0.528877
1 0.538946 0.376247 0.395043 0.530780
1 0.540646 0.375236 0.394394 0.528952
1 0.537686 0.372666 0.396905 0.532299
1 0.541907 0.379505 0.396161 0.526267
1 0.541950 0.378165 0.395098 0.522421
1 0.541362 0.375129 0.392124 0.525122
1 0.539199 0.376981 0.387498 0.525502
1 0.540378 0.379520 0.390532 0.516963
1 0.536327 0.381163 0.393481 0.514623
1 0.544352 0.381841 0.394104 0.522034