1 0.549686 0.376428 0.288340 0.370754
1 0.554514 0.376864 0.284965 0.371525
1 0.554937 0.377077 0.288362 0.378442
1 0.553180 0.377649 0.284506 0.370648
1 0.552642 0.378619 0.293588 0.366605
1 0.553927 0.377220 0.286621 0.367568
1 0.553554 0.377371 0.292154 0.372067
1 0.554511 0.378282 0.288473 0.368476
1 0.553024 0.380923 0.291266 0.370559
1 0.552578 0.377792 0.288880 0.379913
1 0.553416 0.376405 0.293804 0.380673
1 0.553543 0.376096 0.293879 0.380226
1 0.552981 0.379707 0.291557 0.376140
1 0.553438 0.378680 0.288223 0.379310
1 0.553874 0.375847 0.291437 0.384178
1 0.553834 0.377524 0.293687 0.379821
1 0.553333 0.379964 0.288789 0.375923
1 0.553514 0.379195 0.289331 0.382217
1 0.552831 0.377013 0.291928 0.386125
1 0.553277 0.376935 0.295892 0.387749
1 0.552987 0.379322 0.288433 0.383522
1 0.552732 0.375987 0.290640 0.386062
1 0.556232 0.376540 0.296466 0.403766
1 0.553272 0.378693 0.292275 0.383909
1 0.557519 0.380411 0.296929 0.381043
1 0.557156 0.380648 0.296274 0.377954
1 0.555924 0.377901 0.294343 0.381085
1 0.556782 0.379873 0.295686 0.396584
1 0.553862 0.381067 0.291568 0.393140
1 0.555333 0.379180 0.296334 0.385631
1 0.556984 0.382403 0.297607 0.378195
1 0.557030 0.377400 0.299607 0.378294
1 0.557071 0.376046 0.298908 0.381064
1 0.557780 0.381984 0.294921 0.383936
1 0.552113 0.377895 0.296636 0.393161
1 0.551873 0.377994 0.294912 0.380250
1 0.554993 0.380300 0.295505 0.383350
1 0.554807 0.378479 0.296839 0.387634
1 0.556196 0.376773 0.298089 0.384582
1 0.557111 0.384157 0.298691 0.384998
1 0.553424 0.378371 0.290539 0.389022
1 0.557310 0.379229 0.295072 0.387654
1 0.554012 0.380414 0.300518 0.390543
1 0.552618 0.379439 0.302205 0.382376
1 0.554107 0.378494 0.295300 0.387068
1 0.554727 0.382205 0.295668 0.382884
1 0.554856 0.380818 0.297210 0.389973
1 0.557159 0.381463 0.293023 0.385042
1 0.555118 0.381059 0.295238 0.386881
1 0.556260 0.382908 0.302425 0.391318
1 0.556224 0.379598 0.300503 0.395965