1 0.508088 0.142598 0.114241 0.144194
1 0.507722 0.144158 0.109782 0.136676
1 0.507518 0.143197 0.115495 0.143791
1 0.508111 0.145985 0.110087 0.134079
1 0.507890 0.142665 0.115012 0.142107
1 0.510573 0.142199 0.112812 0.141705
1 0.507011 0.142936 0.113323 0.139608
1 0.507467 0.145364 0.113006 0.143048
1 0.507461 0.145546 0.109312 0.137901
1 0.507239 0.144158 0.112748 0.142548
1 0.508063 0.145315 0.109757 0.135199
1 0.508132 0.144594 0.113160 0.140802
1 0.507947 0.145523 0.110792 0.135016
1 0.507239 0.143448 0.111914 0.140670
1 0.508766 0.142545 0.113222 0.142104
1 0.506996 0.144614 0.109866 0.140008
1 0.506294 0.144061 0.112020 0.142930
1 0.506866 0.145148 0.110164 0.137079
1 0.507138 0.144313 0.113390 0.141917
1 0.507737 0.144743 0.114017 0.136139
1 0.508337 0.143372 0.111858 0.139636
1 0.505637 0.147318 0.110252 0.137669
1 0.507574 0.145389 0.110455 0.137049