1 0.446764 0.464617 0.325791 0.460047
1 0.439612 0.470379 0.321368 0.452765
1 0.443834 0.470442 0.325987 0.464517
1 0.451052 0.461316 0.325892 0.484455
1 0.440338 0.458773 0.324867 0.450018
1 0.443450 0.465084 0.328445 0.441123
1 0.442037 0.462944 0.327812 0.446003
1 0.442133 0.462651 0.327350 0.448961
1 0.444930 0.463899 0.323584 0.455244
1 0.441205 0.465408 0.328873 0.441633
1 0.441331 0.467328 0.328110 0.444435
1 0.443916 0.467169 0.328982 0.442554
1 0.443621 0.464611 0.334212 0.446396
1 0.440931 0.463641 0.327777 0.452430
1 0.443326 0.459740 0.323249 0.456745
1 0.441585 0.468982 0.331535 0.440367
1 0.439113 0.469645 0.329399 0.441172
1 0.440495 0.466580 0.336647 0.446245
1 0.440175 0.466236 0.332943 0.450324
1 0.443130 0.464556 0.332905 0.451158
1 0.442877 0.461273 0.331488 0.461170
1 0.438143 0.468109 0.331494 0.436432
1 0.438650 0.466424 0.331547 0.438228
1 0.441326 0.470074 0.338010 0.443904
1 0.439808 0.466647 0.334035 0.443146
1 0.443635 0.467178 0.334987 0.449365
1 0.445424 0.464600 0.335999 0.455716
1 0.437873 0.466966 0.334427 0.439970
1 0.438495 0.469435 0.335065 0.445809
1 0.439099 0.468520 0.329036 0.445717
1 0.442742 0.466916 0.332711 0.455468
1 0.436535 0.480718 0.335693 0.428007
1 0.438205 0.469914 0.343331 0.442616
1 0.439488 0.470106 0.335831 0.447124