1 0.506815 0.388428 0.300776 0.395649
1 0.507148 0.389887 0.303860 0.387549
1 0.503638 0.392053 0.305238 0.391479
1 0.502810 0.391874 0.301233 0.391930
1 0.508386 0.387070 0.304517 0.401177
1 0.506908 0.392288 0.301575 0.394771
1 0.506247 0.389511 0.307012 0.391463
1 0.505888 0.391966 0.307951 0.392312
1 0.508174 0.394077 0.306988 0.395045
1 0.503631 0.390497 0.309424 0.398319
1 0.510764 0.387264 0.307928 0.392822
1 0.503848 0.391851 0.303394 0.397191
1 0.505298 0.392295 0.303408 0.386549
1 0.506152 0.391598 0.304953 0.397574
1 0.507422 0.392263 0.305968 0.392603
1 0.502751 0.389157 0.311992 0.396187
1 0.511369 0.389864 0.305116 0.388350
1 0.505269 0.387199 0.305145 0.394855
1 0.505463 0.392877 0.303204 0.388321
1 0.506421 0.391771 0.309285 0.394998
1 0.505973 0.391746 0.309510 0.387482
1 0.505871 0.389075 0.311060 0.399221
1 0.504543 0.391118 0.309311 0.395037
1 0.504288 0.389844 0.303344 0.397717
1 0.508256 0.391154 0.307938 0.393564
1 0.505308 0.390247 0.305594 0.386079
1 0.507686 0.394507 0.311650 0.395447
1 0.506699 0.389070 0.310252 0.397699
1 0.506066 0.389447 0.307013 0.396724
1 0.511343 0.397185 0.312420 0.390155