1 0.462271 0.302293 0.266613 0.352941
1 0.461662 0.304239 0.262779 0.346070
1 0.460530 0.304685 0.262259 0.345870
1 0.461219 0.300853 0.266916 0.348445
1 0.464011 0.302137 0.266911 0.341378
1 0.462247 0.303385 0.268607 0.340811
1 0.460141 0.303534 0.262973 0.335780
1 0.462221 0.303283 0.266463 0.336270
1 0.461845 0.301651 0.270952 0.347053
1 0.461559 0.300346 0.266699 0.349462
1 0.462168 0.300604 0.269338 0.347793
1 0.460852 0.302385 0.263225 0.341265
1 0.460767 0.302876 0.262930 0.340422
1 0.461146 0.302277 0.265914 0.340030
1 0.460355 0.300108 0.264480 0.347075
1 0.462697 0.300700 0.273337 0.344197
1 0.461226 0.301918 0.266372 0.342797
1 0.461918 0.302637 0.267107 0.340318
1 0.460305 0.301211 0.262126 0.331109
1 0.460611 0.300579 0.262825 0.341240
1 0.460764 0.301296 0.269720 0.344457
1 0.460961 0.301484 0.269220 0.344756
1 0.461079 0.301603 0.269854 0.340389
1 0.458440 0.303068 0.261008 0.344399
1 0.459695 0.301264 0.263034 0.346556
1 0.460859 0.300902 0.267240 0.348709
1 0.460270 0.301246 0.266621 0.344967
1 0.460694 0.303196 0.268104 0.339072
1 0.458971 0.304969 0.261326 0.344113
1 0.460078 0.302319 0.262768 0.347575
1 0.460488 0.301163 0.265726 0.355308
1 0.459368 0.302217 0.265750 0.348872
1 0.459984 0.304288 0.269103 0.340322
1 0.458772 0.307513 0.260864 0.343295
1 0.459695 0.301681 0.260748 0.356537
1 0.459704 0.304152 0.266581 0.348567
1 0.459454 0.306052 0.268165 0.349873
1 0.462252 0.311684 0.270958 0.336421
1 0.461017 0.303048 0.268466 0.348988
1 0.465141 0.302411 0.266965 0.341696
1 0.464490 0.306773 0.267500 0.341893
1 0.464750 0.306074 0.266924 0.344466
1 0.464523 0.303229 0.274017 0.349574
1 0.459238 0.304021 0.267350 0.343762
1 0.459359 0.306888 0.264972 0.337861
1 0.461318 0.302262 0.266306 0.347031
1 0.462438 0.305834 0.267478 0.334335
1 0.458737 0.302258 0.266131 0.329404
1 0.466289 0.303671 0.272253 0.346543
1 0.459745 0.300748 0.265475 0.340101
1 0.459513 0.306268 0.264879 0.338283
1 0.460620 0.306515 0.265789 0.339731
1 0.459036 0.305068 0.268465 0.334501
1 0.459741 0.302266 0.261437 0.335242
1 0.459958 0.304216 0.266482 0.347455
1 0.458597 0.303472 0.262824 0.345292
1 0.458431 0.304456 0.266745 0.346843
1 0.460057 0.304845 0.266836 0.336685
1 0.462138 0.309558 0.266415 0.334610
1 0.460017 0.302830 0.274353 0.344510
1 0.459544 0.304815 0.271102 0.343840
1 0.464231 0.310776 0.272821 0.338904