1 0.566769 0.447344 0.361855 0.526762
1 0.568224 0.447463 0.360249 0.526514
1 0.573263 0.442279 0.363666 0.531233
1 0.563922 0.446173 0.361838 0.526848
1 0.565866 0.450664 0.361774 0.517051
1 0.563039 0.447761 0.367644 0.518862
1 0.566307 0.443064 0.365181 0.520865
1 0.569226 0.436240 0.359859 0.527922
1 0.556387 0.448376 0.366647 0.511983
1 0.566141 0.447423 0.366735 0.512938
1 0.567096 0.446171 0.367546 0.515461
1 0.564853 0.442313 0.371705 0.515069
1 0.566490 0.440485 0.368054 0.512785
1 0.564702 0.437375 0.366191 0.520080
1 0.557578 0.455388 0.364932 0.510393
1 0.565766 0.448532 0.370416 0.507329
1 0.564674 0.447330 0.365946 0.508146
1 0.563887 0.443010 0.369835 0.514062
1 0.565046 0.443313 0.374292 0.515440
1 0.563163 0.440008 0.370839 0.517047
1 0.558986 0.452952 0.366144 0.504566
1 0.562759 0.449482 0.367489 0.505723
1 0.562663 0.449439 0.367502 0.511822
1 0.558524 0.446100 0.367692 0.512294
1 0.562745 0.442583 0.365918 0.512963
1 0.561381 0.439442 0.368253 0.516837
1 0.554815 0.453682 0.368982 0.506584
1 0.561263 0.446081 0.372912 0.515721
1 0.562276 0.445571 0.369103 0.518639
1 0.561766 0.443029 0.366670 0.510602
1 0.560794 0.441464 0.367549 0.517729
1 0.562587 0.441720 0.364697 0.511579
1 0.557258 0.445179 0.371926 0.512919
1 0.562207 0.438241 0.370065 0.520041
1 0.559554 0.437312 0.364607 0.517251
1 0.560273 0.436499 0.371224 0.525150
1 0.555622 0.449681 0.379579 0.509227
1 0.558102 0.445055 0.379187 0.509640