1 0.038432 0.414476 0.062235 0.091241
1 0.039801 0.416209 0.061762 0.090787
1 0.039163 0.416621 0.062706 0.087499
1 0.038908 0.417382 0.062363 0.088755
1 0.190827 0.430086 0.057515 0.085859
1 0.038821 0.416254 0.062711 0.089844
1 0.039399 0.417117 0.061004 0.088098
1 0.190141 0.431428 0.058134 0.080818
1 0.191035 0.430670 0.058357 0.079504
1 0.191420 0.431010 0.058903 0.077578
1 0.038845 0.416398 0.062615 0.089181
1 0.039335 0.416843 0.062078 0.086218
1 0.190843 0.431300 0.057079 0.080936
1 0.191102 0.430888 0.058505 0.080254
1 0.191821 0.432212 0.057769 0.076860
1 0.190754 0.431419 0.056291 0.080684
1 0.190773 0.430812 0.058542 0.080662
1 0.191994 0.431688 0.057536 0.076074
1 0.191429 0.431997 0.057886 0.081036
1 0.545814 0.303366 0.192519 0.261280
1 0.546772 0.303909 0.194342 0.265417
1 0.546966 0.303881 0.194907 0.257857
1 0.546632 0.304751 0.194584 0.256281
1 0.545955 0.304867 0.193330 0.253092
1 0.545806 0.303280 0.193864 0.253637
1 0.546222 0.300227 0.194436 0.255193
1 0.546644 0.302245 0.195022 0.252157
1 0.545744 0.304051 0.192837 0.255422
1 0.545103 0.303914 0.192007 0.255783
1 0.545386 0.304084 0.192668 0.251588
1 0.546325 0.302232 0.197808 0.258604
1 0.547687 0.301248 0.195859 0.254624
1 0.545632 0.303702 0.195754 0.253301
1 0.544974 0.303603 0.194760 0.257429
1 0.545117 0.304856 0.193147 0.254552
1 0.544720 0.305176 0.192928 0.254378
1 0.544931 0.305462 0.193421 0.255515
1 0.547850 0.301752 0.192487 0.255034
1 0.545586 0.302797 0.192991 0.253968
1 0.546538 0.304070 0.193445 0.252589
1 0.545821 0.304215 0.192022 0.250534
1 0.545386 0.305022 0.191389 0.250991
1 0.545681 0.304890 0.193828 0.253758
1 0.546858 0.303541 0.193598 0.258419
1 0.545634 0.303543 0.193502 0.254846
1 0.546213 0.303524 0.193922 0.255525
1 0.545465 0.304576 0.193050 0.251852
1 0.544744 0.304931 0.192289 0.253178
1 0.545952 0.305847 0.196505 0.251765
1 0.546169 0.304086 0.191951 0.255025
1 0.546875 0.303997 0.189585 0.252190
1 0.546132 0.304907 0.193600 0.248454
1 0.545535 0.305691 0.194222 0.251147
1 0.037770 0.416278 0.064064 0.090794
1 0.546987 0.308592 0.192085 0.252692
1 0.548125 0.305573 0.194582 0.251459
1 0.547433 0.304907 0.194511 0.251668
1 0.038973 0.416679 0.063499 0.087679
1 0.038783 0.416916 0.062734 0.087888
1 0.039356 0.417581 0.063827 0.087776
1 0.189580 0.431418 0.059194 0.084446
1 0.190672 0.430849 0.060096 0.085335
1 0.038588 0.417074 0.064833 0.087173
1 0.037513 0.417501 0.062758 0.087387
1 0.039160 0.418665 0.063712 0.086168
1 0.189615 0.431786 0.059940 0.083567
1 0.190619 0.431442 0.059567 0.081841
1 0.191034 0.431658 0.058911 0.082668