1 0.646548 0.392694 0.275622 0.389923
1 0.644221 0.393040 0.274887 0.384172
1 0.642989 0.393507 0.276416 0.383133
1 0.644883 0.390959 0.279298 0.383706
1 0.644466 0.391393 0.279608 0.383861
1 0.643377 0.393372 0.280649 0.379440
1 0.644458 0.390301 0.279751 0.385392
1 0.643849 0.391046 0.279615 0.384972
1 0.643594 0.393218 0.278225 0.381592
1 0.645182 0.390243 0.280717 0.387751
1 0.644445 0.389350 0.279458 0.382258
1 0.643781 0.393593 0.283107 0.381733
1 0.644350 0.388970 0.278498 0.388670
1 0.643849 0.388911 0.279020 0.389201
1 0.642866 0.395277 0.282179 0.383915
1 0.643284 0.391611 0.281287 0.389393
1 0.643681 0.390769 0.279360 0.386760
1 0.643052 0.395863 0.287373 0.382753
1 0.641895 0.392917 0.284732 0.389321
1 0.642783 0.392279 0.276458 0.385598
1 0.646591 0.395155 0.276245 0.374239
1 0.641168 0.401625 0.287440 0.375747
1 0.640415 0.389383 0.292565 0.407594
1 0.643606 0.387744 0.286321 0.395321
1 0.641104 0.390795 0.283285 0.408309
1 0.641222 0.383697 0.284285 0.408509
1 0.637213 0.389981 0.292502 0.409021
1 0.642800 0.389596 0.287673 0.398277
1 0.644334 0.386404 0.289651 0.406354
1 0.645699 0.390608 0.284021 0.408416
1 0.642567 0.388906 0.285079 0.407850
1 0.642249 0.388898 0.288235 0.393510
1 0.641389 0.391066 0.282719 0.396125
1 0.639143 0.392586 0.287468 0.398007
1 0.642397 0.391942 0.282835 0.398137
1 0.643169 0.389793 0.274723 0.396325
1 0.637723 0.387416 0.286306 0.397091
1 0.640243 0.389994 0.287065 0.396830
1 0.642077 0.391681 0.285671 0.394378
1 0.637397 0.390500 0.285960 0.395264
1 0.641432 0.391487 0.284108 0.398054
1 0.640942 0.390071 0.289154 0.399201
1 0.641509 0.389501 0.290139 0.398137
1 0.635373 0.386351 0.290801 0.389563
1 0.638215 0.391584 0.285415 0.394463
1 0.637483 0.387600 0.288712 0.402153
1 0.641267 0.387661 0.287152 0.401513
1 0.639701 0.386374 0.289789 0.392226
1 0.633615 0.394882 0.293091 0.387742
1 0.636223 0.391080 0.298078 0.394175
1 0.638840 0.390651 0.290495 0.399218