1 0.678927 0.404954 0.326678 0.428408
1 0.674987 0.405290 0.324203 0.429128
1 0.677628 0.402589 0.327452 0.444894
1 0.674032 0.403022 0.320939 0.412317
1 0.674805 0.402104 0.329157 0.414178
1 0.676703 0.399540 0.326020 0.416828
1 0.678079 0.396701 0.328853 0.417884
1 0.674701 0.394464 0.320536 0.436225
1 0.669727 0.409422 0.325734 0.407740
1 0.673107 0.406910 0.321402 0.414977
1 0.673306 0.405373 0.325216 0.417999
1 0.676087 0.405017 0.324633 0.419402
1 0.678156 0.400484 0.328390 0.424145
1 0.673441 0.395154 0.329774 0.433549
1 0.677710 0.392189 0.326349 0.440262
1 0.672168 0.413309 0.323910 0.397830
1 0.674919 0.405972 0.323119 0.409706
1 0.671546 0.409809 0.321904 0.411975
1 0.674032 0.406086 0.327865 0.415124
1 0.675865 0.401088 0.323871 0.422259
1 0.678046 0.398517 0.326647 0.429080
1 0.674646 0.395402 0.328504 0.431240
1 0.677348 0.409756 0.322412 0.402574
1 0.674336 0.406510 0.325736 0.407443
1 0.676490 0.405552 0.328705 0.417021
1 0.673892 0.403816 0.329395 0.413210
1 0.677083 0.402313 0.323690 0.424754
1 0.675475 0.417025 0.331226 0.393745
1 0.674112 0.409473 0.327237 0.412181
1 0.673505 0.407738 0.328505 0.414433
1 0.674695 0.404689 0.328304 0.421460
1 0.672140 0.412738 0.332071 0.410887