1 0.414434 0.345777 0.259406 0.400706
1 0.416173 0.348428 0.264386 0.401048
1 0.418580 0.348107 0.268139 0.403172
1 0.416634 0.348040 0.265363 0.391076
1 0.417873 0.349968 0.268527 0.391051
1 0.420188 0.351509 0.269771 0.385921
1 0.416092 0.348340 0.272564 0.392250
1 0.417518 0.347509 0.270065 0.387154
1 0.420856 0.350450 0.272986 0.380308
1 0.416787 0.347489 0.271240 0.394491
1 0.418085 0.347146 0.269301 0.389792
1 0.419800 0.351088 0.272794 0.379956
1 0.416017 0.349577 0.271692 0.395874
1 0.420710 0.350729 0.272962 0.391305
1 0.419950 0.352463 0.273608 0.380776
1 0.415502 0.348176 0.274290 0.398976
1 0.419836 0.349812 0.274478 0.392638
1 0.419543 0.350348 0.275514 0.385323
1 0.421353 0.350632 0.289041 0.380177
1 0.416716 0.348255 0.278777 0.391289
1 0.417867 0.349466 0.277986 0.387629
1 0.418199 0.349949 0.280131 0.377038
1 0.421927 0.351822 0.291045 0.373102
1 0.415204 0.351559 0.272161 0.393107
1 0.417083 0.351842 0.276742 0.387502
1 0.419004 0.353532 0.279880 0.373559
1 0.423537 0.343664 0.280874 0.394740
1 0.424877 0.338890 0.276051 0.397206
1 0.423071 0.341225 0.273682 0.397721
1 0.423681 0.340986 0.275433 0.396555
1 0.421545 0.344232 0.276871 0.388190
1 0.425787 0.347273 0.279237 0.396917
1 0.421304 0.344569 0.277489 0.393540
1 0.421114 0.341824 0.282693 0.402028
1 0.412482 0.344571 0.269283 0.394642
1 0.424369 0.345801 0.281164 0.390923
1 0.423441 0.345969 0.284902 0.388775
1 0.422895 0.342862 0.286528 0.392350
1 0.422146 0.343668 0.281752 0.394830
1 0.417754 0.351069 0.280812 0.387430
1 0.413041 0.352097 0.275105 0.387193
1 0.421030 0.346361 0.282272 0.385514
1 0.420280 0.347655 0.285883 0.384401
1 0.422866 0.349914 0.287096 0.388818
1 0.420548 0.346891 0.291965 0.394795
1 0.418399 0.347868 0.292245 0.398536
1 0.421481 0.344510 0.281639 0.388479
1 0.420895 0.342304 0.287041 0.393740
1 0.420262 0.344568 0.286475 0.394883
1 0.420651 0.345613 0.291497 0.394242
1 0.423014 0.347615 0.295000 0.392231
1 0.420656 0.347642 0.285199 0.386594
1 0.424898 0.348008 0.286833 0.385420
1 0.423922 0.349034 0.292630 0.390045