1 0.497268 0.398188 0.324471 0.478257
1 0.499177 0.395285 0.318121 0.484441
1 0.496122 0.402352 0.320110 0.473954
1 0.501296 0.404780 0.317717 0.457348
1 0.499014 0.403420 0.319062 0.468853
1 0.497794 0.398303 0.323928 0.470072
1 0.498012 0.395538 0.320595 0.467748
1 0.501476 0.396433 0.314973 0.453939
1 0.502749 0.394929 0.320414 0.446273
1 0.500572 0.392216 0.319884 0.450823
1 0.499609 0.394515 0.316295 0.450208
1 0.502328 0.388411 0.315567 0.460007
1 0.502857 0.396722 0.324342 0.454169
1 0.499471 0.393285 0.316006 0.452229
1 0.502841 0.394164 0.322216 0.455773
1 0.501445 0.395527 0.326164 0.455104
1 0.498881 0.395255 0.316932 0.449623
1 0.502846 0.393097 0.323202 0.459258
1 0.500845 0.396317 0.320624 0.455805
1 0.499734 0.391716 0.325124 0.450332
1 0.500490 0.394683 0.321370 0.448471
1 0.499305 0.394373 0.324686 0.454851
1 0.500766 0.391133 0.319304 0.451379
1 0.504646 0.392209 0.321471 0.463949
1 0.495778 0.395641 0.330892 0.449929
1 0.499331 0.393853 0.322614 0.445339
1 0.500013 0.389830 0.319170 0.456233
1 0.502516 0.388617 0.323544 0.455339
1 0.502366 0.385870 0.327854 0.456719
1 0.509540 0.391538 0.320652 0.457152
1 0.497420 0.392441 0.325645 0.437332
1 0.497759 0.391416 0.320359 0.453606
1 0.501586 0.391874 0.321663 0.448255
1 0.505678 0.389287 0.322586 0.458646