1 0.510944 0.500218 0.337352 0.500729
1 0.514969 0.500708 0.341174 0.495035
1 0.514357 0.493488 0.342170 0.503373
1 0.511885 0.496006 0.343248 0.514136
1 0.515409 0.503885 0.342169 0.502339
1 0.514211 0.504457 0.344161 0.507146
1 0.516306 0.502026 0.347206 0.502857
1 0.509638 0.495129 0.353764 0.508223
1 0.514378 0.494845 0.344953 0.499581
1 0.516650 0.495670 0.352444 0.493132
1 0.515182 0.496330 0.348466 0.489926
1 0.515501 0.496660 0.349923 0.494162
1 0.514791 0.497097 0.346787 0.503026
1 0.512264 0.498265 0.359079 0.495224
1 0.513348 0.493733 0.354279 0.499213
1 0.515916 0.496608 0.352170 0.496963
1 0.515449 0.496277 0.350179 0.495356
1 0.514695 0.497606 0.354174 0.496305
1 0.513054 0.497780 0.350350 0.501681
1 0.510545 0.497190 0.355339 0.497784
1 0.512473 0.492868 0.355912 0.496964
1 0.513007 0.497092 0.357627 0.498521
1 0.513144 0.497385 0.354921 0.494678
1 0.512689 0.498168 0.359476 0.496024
1 0.513929 0.497425 0.355192 0.506355
1 0.506847 0.504109 0.360112 0.489018
1 0.510844 0.496456 0.357207 0.495330
1 0.513758 0.495605 0.357138 0.500397
1 0.515071 0.497057 0.357255 0.497076
1 0.514988 0.496746 0.359921 0.495884
1 0.516642 0.500542 0.358150 0.493788
1 0.511165 0.500518 0.364715 0.486299
1 0.513371 0.495969 0.361167 0.500273
1 0.514836 0.498924 0.358791 0.490895
1 0.514917 0.497009 0.357069 0.502176
1 0.511041 0.506631 0.366361 0.481442
1 0.511920 0.503863 0.363265 0.486448
1 0.515135 0.512367 0.361507 0.481574