1 0.280964 0.460674 0.039524 0.057863
1 0.279550 0.461289 0.037279 0.057333
1 0.280925 0.461388 0.038692 0.057526
1 0.281163 0.461464 0.039476 0.058592
1 0.248234 0.468568 0.027613 0.037891
1 0.248982 0.468476 0.030554 0.040424
1 0.250129 0.468888 0.031483 0.044429
1 0.279315 0.463039 0.037098 0.053903
1 0.280568 0.461703 0.039601 0.057700
1 0.281410 0.461318 0.038658 0.056896
1 0.282422 0.461916 0.040713 0.058063
1 0.461966 0.313823 0.231957 0.297613
1 0.464762 0.315571 0.234281 0.295296
1 0.462701 0.316618 0.238453 0.295919
1 0.462336 0.316052 0.238647 0.295466
1 0.466540 0.312909 0.234564 0.299361
1 0.464736 0.315185 0.234415 0.303249
1 0.465013 0.316088 0.236905 0.300154
1 0.463752 0.316138 0.238629 0.303107
1 0.464093 0.316638 0.239615 0.300750
1 0.462494 0.317632 0.236712 0.297226
1 0.466002 0.316671 0.240039 0.302793
1 0.463930 0.317476 0.242034 0.307454
1 0.463730 0.315992 0.239933 0.298725
1 0.464527 0.317336 0.238876 0.295923
1 0.462481 0.318615 0.239356 0.301556
1 0.466697 0.318412 0.241856 0.295233
1 0.466433 0.315750 0.239371 0.303641
1 0.465498 0.317724 0.238843 0.307242
1 0.463738 0.316934 0.240075 0.298825
1 0.463725 0.317621 0.237920 0.297202
1 0.463435 0.317887 0.239487 0.296382
1 0.468385 0.318896 0.238605 0.292638
1 0.465941 0.316024 0.240304 0.308084
1 0.465159 0.315959 0.240109 0.305849
1 0.465522 0.314789 0.239315 0.299139
1 0.463913 0.317702 0.240084 0.295156
1 0.463859 0.319664 0.239238 0.296104
1 0.467478 0.320017 0.237299 0.289218
1 0.465186 0.315362 0.238996 0.304777
1 0.465411 0.317750 0.238980 0.306607
1 0.466345 0.317394 0.240324 0.300494
1 0.464974 0.318806 0.243290 0.297512
1 0.464315 0.319953 0.238803 0.295898
1 0.468147 0.321523 0.241571 0.290893
1 0.463489 0.316916 0.234130 0.301762
1 0.465157 0.316440 0.235747 0.301229
1 0.466050 0.317562 0.238237 0.301060
1 0.464479 0.318439 0.239338 0.303389
1 0.465389 0.320374 0.239215 0.302693
1 0.463550 0.318488 0.233170 0.302356
1 0.463461 0.320790 0.231390 0.296587
1 0.466218 0.323094 0.235848 0.299323
1 0.467432 0.318385 0.246630 0.307553
1 0.466408 0.313575 0.247511 0.306069
1 0.466529 0.316113 0.243883 0.303066
1 0.468252 0.320628 0.235768 0.302238
1 0.465467 0.319390 0.240843 0.295404
1 0.467391 0.321033 0.239338 0.298240
1 0.465353 0.319625 0.237182 0.299391
1 0.468523 0.318139 0.240242 0.301863
1 0.466166 0.319528 0.238106 0.300783
1 0.466499 0.321723 0.235252 0.297049
1 0.464015 0.317710 0.237443 0.294950
1 0.464385 0.315721 0.237482 0.296290
1 0.470077 0.322664 0.240666 0.299037
1 0.466170 0.319071 0.240648 0.293041
1 0.467033 0.317292 0.235618 0.291131
1 0.464229 0.317786 0.236157 0.293944
1 0.465731 0.321807 0.238224 0.296213
1 0.465457 0.325967 0.239351 0.299908