1 0.546537 0.350563 0.219943 0.317706
1 0.547903 0.353075 0.211890 0.310460
1 0.548590 0.351710 0.210781 0.312966
1 0.550596 0.346263 0.212040 0.321269
1 0.549161 0.351594 0.217019 0.306254
1 0.546598 0.350565 0.216016 0.309825
1 0.548167 0.350393 0.219889 0.313101
1 0.547046 0.349210 0.212652 0.314462
1 0.546143 0.354014 0.220278 0.304393
1 0.548765 0.351581 0.219108 0.309449
1 0.546804 0.350108 0.218665 0.307793
1 0.547616 0.349887 0.218097 0.313162
1 0.546326 0.349004 0.214637 0.315176
1 0.548681 0.349871 0.212767 0.312040
1 0.545535 0.355188 0.223129 0.307362
1 0.547289 0.352479 0.223570 0.310806
1 0.546268 0.349243 0.220040 0.306443
1 0.546696 0.348783 0.219792 0.308827
1 0.546311 0.348767 0.219797 0.313118
1 0.548678 0.349819 0.213336 0.306793
1 0.545488 0.353833 0.224430 0.306180
1 0.546165 0.350720 0.227971 0.311110
1 0.546173 0.350515 0.223584 0.310521
1 0.545104 0.348134 0.219237 0.315813
1 0.545622 0.348537 0.219324 0.313560
1 0.548962 0.348919 0.217485 0.309129
1 0.544909 0.353036 0.226399 0.309765
1 0.545401 0.350302 0.228263 0.311002
1 0.545850 0.349130 0.224702 0.306888
1 0.544633 0.348756 0.223686 0.310564
1 0.546348 0.348704 0.223131 0.312803
1 0.548225 0.350313 0.219196 0.307599
1 0.544629 0.352769 0.227388 0.308894
1 0.544885 0.350822 0.226631 0.315557
1 0.544736 0.348122 0.226174 0.313672
1 0.545027 0.347970 0.223695 0.312744
1 0.545886 0.347782 0.225024 0.319315
1 0.543716 0.351164 0.228467 0.313941
1 0.545445 0.348018 0.224524 0.315242
1 0.544959 0.349064 0.222573 0.314299
1 0.548109 0.352241 0.223565 0.314101
1 0.549301 0.356259 0.224697 0.315209
1 0.546300 0.350535 0.223921 0.316910
1 0.549289 0.350138 0.221546 0.318750
1 0.545562 0.346541 0.220180 0.325908
1 0.545446 0.353373 0.228856 0.320634
1 0.547387 0.353145 0.227330 0.312967
1 0.547315 0.353255 0.213032 0.309754
1 0.544659 0.354307 0.214540 0.311252
1 0.546292 0.349631 0.212892 0.317015
1 0.548220 0.348660 0.221705 0.311893
1 0.546479 0.349410 0.219753 0.320160
1 0.546504 0.350713 0.222225 0.319140
1 0.542249 0.346811 0.219289 0.320359
1 0.546474 0.352428 0.228951 0.313656
1 0.545325 0.352371 0.223724 0.321054
1 0.543165 0.352516 0.220719 0.318452
1 0.546432 0.351284 0.225589 0.320026