1 0.474763 0.413275 0.337080 0.501483
1 0.472977 0.421032 0.331728 0.478543
1 0.469981 0.424064 0.333139 0.482629
1 0.473107 0.424085 0.336228 0.494604
1 0.473444 0.416297 0.336631 0.472012
1 0.473308 0.418858 0.337254 0.470566
1 0.471841 0.419095 0.337685 0.473583
1 0.470987 0.418282 0.334861 0.485052
1 0.473625 0.417708 0.331753 0.488579
1 0.465823 0.416878 0.330135 0.465179
1 0.472993 0.419272 0.335091 0.474743
1 0.473489 0.420216 0.337793 0.480435
1 0.472149 0.417066 0.337686 0.474400
1 0.472364 0.417100 0.334487 0.471776
1 0.471309 0.417917 0.334878 0.474481
1 0.479252 0.415741 0.331063 0.476790
1 0.468143 0.420783 0.333006 0.468546
1 0.472571 0.418695 0.337165 0.473452
1 0.472351 0.419040 0.335821 0.473259
1 0.472769 0.418406 0.337078 0.476285
1 0.473730 0.416670 0.337665 0.476024
1 0.473941 0.415495 0.339310 0.481371
1 0.477162 0.417255 0.334695 0.477912
1 0.467312 0.423944 0.332724 0.467350
1 0.471379 0.418996 0.340765 0.478186
1 0.473762 0.419305 0.337961 0.481038
1 0.472344 0.418903 0.339880 0.475682
1 0.474609 0.417253 0.335151 0.473431
1 0.474727 0.416546 0.340598 0.482635
1 0.473813 0.421872 0.340577 0.469915
1 0.473231 0.418595 0.336925 0.475500
1 0.472819 0.418526 0.337697 0.473596
1 0.473767 0.419140 0.336357 0.476086
1 0.477057 0.416233 0.333034 0.484000
1 0.472934 0.422506 0.340412 0.474757
1 0.472683 0.419531 0.339781 0.477810
1 0.474306 0.422120 0.339027 0.478050