1 0.869749 0.236503 0.186868 0.348669
1 0.873685 0.235877 0.178815 0.342072
1 0.870830 0.234890 0.191253 0.339723
1 0.873206 0.238812 0.184286 0.337905
1 0.874405 0.238853 0.181212 0.339781
1 0.875196 0.238746 0.177067 0.333471
1 0.871666 0.238650 0.187066 0.344719
1 0.873302 0.239400 0.182198 0.340881
1 0.873040 0.239178 0.181067 0.343931
1 0.874936 0.239822 0.176853 0.330068
1 0.263918 0.301043 0.266151 0.376933
1 0.266775 0.300947 0.260536 0.369778
1 0.266737 0.300003 0.263610 0.365442
1 0.269608 0.297606 0.262295 0.364282
1 0.873398 0.237571 0.188242 0.349278
1 0.874372 0.236273 0.185153 0.346468
1 0.873560 0.236372 0.180923 0.341722
1 0.874380 0.237489 0.178716 0.330513
1 0.261090 0.303257 0.265560 0.367797
1 0.265361 0.303465 0.266156 0.366833
1 0.264598 0.301553 0.263417 0.370303
1 0.266138 0.302922 0.266306 0.363768
1 0.266844 0.302534 0.264696 0.356267
1 0.873409 0.234996 0.188680 0.347310
1 0.874345 0.234121 0.187821 0.347490
1 0.873955 0.234325 0.183162 0.339972
1 0.874066 0.239016 0.181217 0.332516
1 0.264858 0.302954 0.265110 0.355806
1 0.267295 0.300383 0.268630 0.363998
1 0.264473 0.298581 0.266378 0.368694
1 0.266760 0.299907 0.262197 0.364594
1 0.266775 0.301974 0.262545 0.358606
1 0.873368 0.233249 0.191337 0.341597
1 0.875222 0.231722 0.190516 0.347791
1 0.875391 0.233353 0.187892 0.346989
1 0.876318 0.238992 0.183705 0.336376
1 0.264324 0.304603 0.265438 0.359229
1 0.267428 0.302502 0.269702 0.370411
1 0.267059 0.300420 0.263109 0.365633
1 0.267346 0.300841 0.261443 0.363253
1 0.268110 0.303353 0.265181 0.356003
1 0.873792 0.232660 0.193299 0.344660
1 0.875191 0.231826 0.190881 0.343964
1 0.874759 0.234142 0.190719 0.345803
1 0.876094 0.237459 0.187749 0.337853
1 0.264200 0.303279 0.265728 0.358745
1 0.267536 0.301093 0.265112 0.373360
1 0.267430 0.299744 0.257260 0.365125
1 0.267288 0.299765 0.256175 0.368859
1 0.267382 0.304868 0.261999 0.362787
1 0.872396 0.233774 0.199301 0.349414
1 0.875580 0.231473 0.192080 0.350108
1 0.876348 0.233993 0.190187 0.351208
1 0.876795 0.238791 0.186947 0.337181
1 0.265284 0.302537 0.267205 0.357906
1 0.268594 0.300563 0.263907 0.367403
1 0.267763 0.300092 0.261520 0.368888
1 0.268148 0.299810 0.257765 0.367414
1 0.269676 0.304941 0.261156 0.363064
1 0.874844 0.234087 0.191015 0.344394
1 0.877813 0.237054 0.189311 0.341956
1 0.883058 0.243530 0.181583 0.325012
1 0.263864 0.301722 0.271191 0.360420
1 0.267284 0.299070 0.264699 0.371213
1 0.266644 0.299119 0.261463 0.367724
1 0.267615 0.299650 0.263220 0.368072
1 0.269163 0.302959 0.261241 0.361592
1 0.268183 0.301303 0.264087 0.364702
1 0.268310 0.300878 0.261677 0.366497
1 0.267562 0.304031 0.264015 0.366855
1 0.270748 0.307652 0.260417 0.360443
1 0.267477 0.302174 0.263198 0.374908
1 0.265559 0.302490 0.269591 0.373498
1 0.866235 0.231996 0.205165 0.345224
1 0.262862 0.306875 0.263040 0.364994
1 0.268223 0.307762 0.263157 0.357678
1 0.266229 0.305409 0.265978 0.362027
1 0.265995 0.306031 0.258738 0.353638
1 0.271264 0.300921 0.263688 0.356599
1 0.867126 0.239108 0.199166 0.347766
1 0.874057 0.235259 0.188087 0.350823
1 0.870095 0.235186 0.186851 0.333706
1 0.870053 0.233675 0.190333 0.336129
1 0.868562 0.241362 0.185831 0.337215
1 0.260739 0.304024 0.266984 0.364866
1 0.265776 0.306936 0.261452 0.359860
1 0.265873 0.304400 0.262440 0.361501
1 0.266096 0.304885 0.261307 0.356885
1 0.263141 0.305565 0.261646 0.359278
1 0.267821 0.303293 0.259967 0.353613
1 0.867254 0.240730 0.203290 0.345572
1 0.872272 0.235360 0.190579 0.346488
1 0.872316 0.236002 0.195715 0.343432
1 0.871899 0.238589 0.193639 0.344982
1 0.874883 0.240484 0.195137 0.345883
1 0.258941 0.305971 0.265886 0.360812
1 0.265399 0.302644 0.260688 0.359533
1 0.266998 0.306493 0.262438 0.359176
1 0.268017 0.305424 0.265955 0.360746
1 0.264795 0.304880 0.263289 0.360076
1 0.268440 0.304667 0.264058 0.351383
1 0.263678 0.303867 0.261727 0.358494
1 0.266503 0.304708 0.267536 0.359481
1 0.264886 0.304084 0.262179 0.355799
1 0.265149 0.306326 0.265949 0.361779
1 0.267785 0.307201 0.264562 0.359834
1 0.266775 0.303957 0.275691 0.363735
1 0.266073 0.307862 0.273747 0.360717
1 0.270767 0.305778 0.270351 0.366343