1 0.436449 0.231241 0.173897 0.259238
1 0.437395 0.233681 0.172633 0.251217
1 0.437162 0.235156 0.173563 0.249235
1 0.438067 0.233824 0.170860 0.245927
1 0.436137 0.233356 0.171552 0.250386
1 0.437901 0.233477 0.173325 0.248080
1 0.437755 0.233958 0.171458 0.247247
1 0.436851 0.234058 0.170030 0.243906
1 0.437522 0.235527 0.171055 0.245772
1 0.434308 0.231456 0.168595 0.242908
1 0.437571 0.233558 0.171732 0.248017
1 0.437847 0.234085 0.171695 0.246562
1 0.437436 0.234246 0.172682 0.247680
1 0.437187 0.235097 0.168672 0.241235
1 0.436275 0.234834 0.171643 0.244830
1 0.439645 0.234147 0.171577 0.245207
1 0.435996 0.233655 0.167521 0.241028
1 0.437268 0.233976 0.169882 0.247200
1 0.438237 0.233570 0.168677 0.244967
1 0.437180 0.234829 0.171629 0.245005
1 0.438152 0.236428 0.170530 0.244269
1 0.436669 0.233915 0.172729 0.245151
1 0.439483 0.235881 0.167770 0.241256
1 0.436470 0.234653 0.168934 0.240939
1 0.437282 0.233053 0.170058 0.247505
1 0.437716 0.233477 0.170022 0.249203
1 0.436551 0.233684 0.170411 0.245311
1 0.436782 0.234085 0.169930 0.246131
1 0.437288 0.234734 0.173307 0.248279
1 0.440600 0.237660 0.167055 0.241247
1 0.437006 0.234953 0.170540 0.245348
1 0.437919 0.234205 0.171284 0.247511
1 0.437455 0.234040 0.172138 0.247663
1 0.436892 0.233781 0.172161 0.249534
1 0.437473 0.234942 0.172257 0.249560
1 0.436890 0.235461 0.169579 0.246369
1 0.436949 0.235191 0.174496 0.247524
1 0.436549 0.234606 0.175248 0.247558