1 0.488021 0.409761 0.278826 0.395376
1 0.488032 0.411105 0.277330 0.397213
1 0.489346 0.411860 0.279680 0.397469
1 0.498043 0.407142 0.296441 0.416395
1 0.494275 0.413787 0.296869 0.402170
1 0.495182 0.414553 0.299176 0.407359
1 0.496908 0.414518 0.293745 0.407789
1 0.494422 0.414172 0.294206 0.402628
1 0.496453 0.416744 0.297400 0.403907
1 0.497403 0.417719 0.296420 0.396750
1 0.497589 0.413941 0.297877 0.406717
1 0.496820 0.417837 0.299075 0.404173
1 0.497115 0.417826 0.301901 0.397530
1 0.498158 0.414936 0.306437 0.404441
1 0.494625 0.417557 0.300092 0.399594
1 0.498595 0.417387 0.297705 0.401724
1 0.495335 0.414251 0.296188 0.402819
1 0.493413 0.415756 0.297345 0.402199
1 0.496529 0.414028 0.299930 0.400944
1 0.495903 0.413015 0.306500 0.403797
1 0.495941 0.414199 0.303746 0.400619
1 0.496927 0.416621 0.301609 0.405281
1 0.495345 0.413412 0.298243 0.402815
1 0.494638 0.413035 0.301514 0.400029
1 0.496929 0.415409 0.304244 0.401491
1 0.494730 0.415973 0.307023 0.402326
1 0.493977 0.420060 0.305248 0.392430
1 0.496883 0.421666 0.312179 0.401140
1 0.495010 0.414734 0.307744 0.407071
1 0.496753 0.416938 0.302970 0.398032
1 0.496286 0.417088 0.303767 0.403203
1 0.496348 0.420498 0.303784 0.400058
1 0.496047 0.420725 0.315872 0.398710