1 0.446745 0.421744 0.475772 0.681488
1 0.446452 0.421408 0.464716 0.692022
1 0.453039 0.419033 0.453793 0.688812
1 0.451420 0.420752 0.461616 0.707949
1 0.449576 0.421530 0.458213 0.692132
1 0.450527 0.421431 0.464340 0.705245
1 0.453450 0.426254 0.460707 0.695785
1 0.448998 0.430922 0.460794 0.702165
1 0.459829 0.425726 0.475203 0.679283
1 0.451529 0.432680 0.461643 0.707203
1 0.445796 0.430531 0.465609 0.713939
1 0.443763 0.431614 0.460786 0.707819
1 0.453626 0.432757 0.470514 0.705761
1 0.452283 0.430115 0.458932 0.691056
1 0.448104 0.433201 0.460461 0.695336
1 0.450935 0.430432 0.454377 0.693094
1 0.453976 0.433532 0.463243 0.699304
1 0.453895 0.433236 0.457550 0.699171
1 0.454193 0.433694 0.450908 0.701797
1 0.446908 0.426444 0.483300 0.700866
1 0.459732 0.424698 0.475838 0.686824
1 0.455603 0.438165 0.465390 0.689406
1 0.443886 0.444806 0.458821 0.707712
1 0.447298 0.438505 0.460465 0.705953
1 0.444316 0.438126 0.450932 0.701882
1 0.450565 0.436155 0.468950 0.713984
1 0.448624 0.437458 0.455710 0.696390
1 0.449871 0.435010 0.457151 0.712179
1 0.454327 0.433649 0.445392 0.702067
1 0.449962 0.435081 0.458691 0.706877
1 0.453162 0.432341 0.445445 0.701223
1 0.454916 0.434983 0.446939 0.704588
1 0.449475 0.432456 0.473839 0.702329
1 0.444798 0.430714 0.489565 0.705867
1 0.457867 0.444735 0.470232 0.691471
1 0.457777 0.437776 0.466481 0.700935
1 0.447072 0.445927 0.454283 0.724645
1 0.449236 0.438526 0.454529 0.711747
1 0.444151 0.441477 0.447367 0.711643
1 0.452255 0.434036 0.465910 0.715195
1 0.452144 0.435765 0.454266 0.700079
1 0.448733 0.436072 0.460837 0.720870
1 0.457220 0.436946 0.452201 0.713231
1 0.447928 0.435133 0.458388 0.708050
1 0.451723 0.434703 0.443611 0.703456
1 0.451714 0.434049 0.447511 0.707050
1 0.445284 0.437819 0.469642 0.698096
1 0.439172 0.433921 0.480408 0.704494
1 0.453943 0.441801 0.470225 0.693016
1 0.459229 0.433819 0.467319 0.716882
1 0.448512 0.435437 0.460443 0.722206
1 0.447834 0.436086 0.454511 0.717544
1 0.443169 0.437062 0.447552 0.719148
1 0.450818 0.436217 0.463367 0.711002
1 0.454760 0.437608 0.456993 0.708384
1 0.445864 0.437484 0.459226 0.717073
1 0.453307 0.436353 0.457836 0.717906
1 0.451157 0.432927 0.461438 0.716914
1 0.452538 0.432643 0.451934 0.713664
1 0.452613 0.434731 0.451478 0.723729
1 0.446591 0.436757 0.473180 0.713669
1 0.439999 0.437308 0.471830 0.705091
1 0.455996 0.446675 0.467893 0.702495
1 0.460458 0.440384 0.462917 0.706932
1 0.453034 0.434648 0.466240 0.712076
1 0.449552 0.446090 0.462236 0.705234
1 0.446737 0.444687 0.455487 0.711063
1 0.450299 0.442990 0.464692 0.710039
1 0.452164 0.444447 0.459128 0.711653
1 0.444837 0.444925 0.472156 0.718618
1 0.448352 0.443701 0.462935 0.712747
1 0.452290 0.439042 0.466085 0.716418
1 0.453161 0.436592 0.459519 0.716815
1 0.450692 0.438761 0.455364 0.716991
1 0.443408 0.435700 0.468534 0.712653
1 0.445245 0.444722 0.473044 0.712213
1 0.451577 0.453204 0.464704 0.686712
1 0.458292 0.448187 0.467418 0.703168
1 0.452414 0.444883 0.464613 0.706095
1 0.447029 0.445016 0.460401 0.707082
1 0.442947 0.443876 0.450816 0.707147
1 0.449684 0.443938 0.463798 0.701321
1 0.452337 0.445820 0.459527 0.703961
1 0.442600 0.445720 0.472228 0.710973
1 0.446331 0.445448 0.462651 0.701929
1 0.447013 0.444477 0.462188 0.699887
1 0.451503 0.442920 0.459759 0.707455
1 0.450446 0.443732 0.458670 0.710126
1 0.445032 0.442681 0.472398 0.701522
1 0.446168 0.445839 0.469652 0.699975
1 0.447254 0.457724 0.471591 0.669445
1 0.454814 0.453701 0.462850 0.691350
1 0.448967 0.450960 0.460855 0.701445
1 0.449839 0.445586 0.455087 0.698254
1 0.446331 0.445909 0.447196 0.695824
1 0.448229 0.447714 0.461982 0.695860
1 0.447369 0.449556 0.458464 0.696850
1 0.446237 0.446837 0.469306 0.693717
1 0.446782 0.449318 0.461314 0.689159
1 0.447002 0.450426 0.460132 0.691359
1 0.450540 0.452008 0.451634 0.692564
1 0.447316 0.451749 0.454896 0.700480
1 0.443996 0.452914 0.470427 0.705816
1 0.455655 0.468990 0.470125 0.654189
1 0.453287 0.460684 0.462778 0.670542
1 0.450575 0.465425 0.457178 0.677256
1 0.450603 0.460733 0.449358 0.678031
1 0.451591 0.460888 0.462136 0.677912
1 0.449912 0.461026 0.459993 0.676635
1 0.446545 0.460405 0.460931 0.671677
1 0.447105 0.462257 0.456203 0.668088
1 0.450435 0.465037 0.456086 0.660155
1 0.453085 0.465392 0.449517 0.666379
1 0.446161 0.460825 0.469670 0.684858
1 0.450246 0.463405 0.464072 0.674729
1 0.450427 0.478038 0.447605 0.656808
1 0.449609 0.476745 0.448241 0.659770