1 0.444662 0.298741 0.226567 0.376015
1 0.446008 0.297562 0.227392 0.378200
1 0.444892 0.296669 0.235683 0.363765
1 0.445128 0.296686 0.234128 0.362191
1 0.444301 0.295614 0.235131 0.357987
1 0.448742 0.293473 0.238101 0.360131
1 0.446674 0.294088 0.234342 0.358604
1 0.445483 0.292628 0.236098 0.357214
1 0.445993 0.294379 0.240791 0.353515
1 0.446676 0.294296 0.236188 0.347428
1 0.443452 0.296138 0.235665 0.347073
1 0.447017 0.291679 0.238179 0.360945
1 0.446622 0.289463 0.238714 0.364343
1 0.447540 0.290235 0.238861 0.362732
1 0.446213 0.291349 0.235446 0.359247
1 0.445745 0.291899 0.237471 0.359676
1 0.447538 0.289261 0.239504 0.359411
1 0.447906 0.287392 0.238678 0.360405
1 0.447574 0.289907 0.240294 0.364193
1 0.445623 0.291642 0.237618 0.359507
1 0.447139 0.291449 0.238275 0.362589
1 0.445632 0.288955 0.235732 0.367480
1 0.446509 0.290603 0.236137 0.362967
1 0.444913 0.291635 0.238302 0.357973
1 0.447351 0.289426 0.240489 0.361020
1 0.445743 0.288282 0.237707 0.360332
1 0.446920 0.290558 0.236411 0.356162
1 0.444886 0.291788 0.237812 0.364533
1 0.446664 0.289335 0.239745 0.361932
1 0.445704 0.289324 0.237751 0.361541
1 0.447253 0.289580 0.236630 0.360963
1 0.444175 0.292697 0.238602 0.364380
1 0.446209 0.287119 0.235456 0.367928
1 0.445089 0.288801 0.233611 0.367995
1 0.449762 0.292353 0.235267 0.362905
1 0.450888 0.293767 0.232071 0.360198
1 0.448016 0.292738 0.236786 0.369171
1 0.447727 0.295318 0.233784 0.364748
1 0.442016 0.294353 0.236959 0.369560
1 0.448243 0.294789 0.237532 0.364541
1 0.446492 0.296310 0.237907 0.361843
1 0.447483 0.295768 0.234257 0.360337
1 0.445907 0.293834 0.233028 0.358349
1 0.448774 0.291943 0.232035 0.368749
1 0.450087 0.291971 0.242552 0.370797
1 0.447991 0.295435 0.240784 0.357408
1 0.450777 0.291847 0.237437 0.361769
1 0.448835 0.294112 0.237867 0.362387
1 0.446332 0.292447 0.233543 0.362677
1 0.445365 0.291692 0.235777 0.365153
1 0.450787 0.292285 0.239522 0.363607
1 0.446003 0.292842 0.237975 0.360599
1 0.444274 0.292724 0.236913 0.365305
1 0.446973 0.294072 0.234160 0.361843
1 0.449514 0.287644 0.239448 0.371015