1 0.538816 0.228884 0.177754 0.250646
1 0.539244 0.229606 0.174597 0.244320
1 0.538874 0.229312 0.175261 0.243991
1 0.539136 0.229689 0.173347 0.241706
1 0.540732 0.226417 0.176925 0.250610
1 0.538799 0.228818 0.177628 0.245512
1 0.539585 0.228561 0.177537 0.242245
1 0.539478 0.229483 0.174849 0.244539
1 0.539260 0.229871 0.175702 0.242874
1 0.538784 0.228574 0.174944 0.240940
1 0.538279 0.228298 0.179043 0.244294
1 0.539992 0.228267 0.179217 0.244487
1 0.539939 0.228797 0.177713 0.240620
1 0.538815 0.229430 0.177485 0.247329
1 0.539476 0.229611 0.174055 0.243406
1 0.539568 0.229653 0.174889 0.243652
1 0.540514 0.230335 0.177998 0.245746
1 0.539931 0.229689 0.177350 0.240800
1 0.540618 0.227219 0.177444 0.245177
1 0.539795 0.227951 0.176889 0.244111
1 0.538661 0.227603 0.174809 0.243081
1 0.539946 0.229272 0.174511 0.245357
1 0.539888 0.229099 0.177809 0.247874
1 0.540349 0.230456 0.175985 0.243280
1 0.540040 0.228342 0.177438 0.246737
1 0.539219 0.228180 0.177609 0.245810
1 0.538427 0.227944 0.176173 0.244233
1 0.539272 0.228198 0.178541 0.246017
1 0.539483 0.228499 0.177639 0.249321
1 0.541883 0.231317 0.176177 0.242718
1 0.539000 0.229915 0.179743 0.245612
1 0.539384 0.228174 0.178126 0.247078
1 0.539063 0.228204 0.176813 0.246824
1 0.540216 0.229141 0.179602 0.245898
1 0.540304 0.229244 0.177308 0.247981
1 0.538694 0.231415 0.177485 0.246616
1 0.538892 0.230240 0.178815 0.246691
1 0.540360 0.231363 0.179705 0.248153