1 0.536346 0.341735 0.254845 0.360467
1 0.534637 0.337719 0.258994 0.353936
1 0.538164 0.339788 0.264239 0.347585
1 0.537139 0.340838 0.262679 0.347631
1 0.535302 0.342376 0.263713 0.345492
1 0.538897 0.339904 0.266692 0.350133
1 0.537872 0.340306 0.259003 0.344726
1 0.539304 0.339859 0.265344 0.347086
1 0.537586 0.339713 0.266250 0.345819
1 0.536105 0.342681 0.261637 0.344380
1 0.536040 0.344226 0.260290 0.341126
1 0.538819 0.342958 0.263672 0.351437
1 0.538697 0.342094 0.260090 0.356465
1 0.538685 0.340577 0.262683 0.352088
1 0.536373 0.341755 0.261133 0.348823
1 0.536168 0.342577 0.260572 0.346787
1 0.538416 0.340586 0.264066 0.348473
1 0.537964 0.340628 0.259984 0.355728
1 0.538519 0.339057 0.261608 0.351921
1 0.536080 0.339322 0.263037 0.347453
1 0.537992 0.343047 0.262576 0.346041
1 0.538394 0.337740 0.265767 0.352960
1 0.536699 0.339625 0.258788 0.358170
1 0.537024 0.339996 0.260812 0.356725
1 0.536702 0.338990 0.264652 0.356064
1 0.539314 0.342323 0.265401 0.351303
1 0.536838 0.340790 0.265869 0.351603
1 0.535472 0.339814 0.260725 0.358951
1 0.537724 0.339022 0.259657 0.357441
1 0.537158 0.339925 0.262835 0.352099
1 0.539777 0.343517 0.265145 0.345310
1 0.535486 0.340502 0.266537 0.357068
1 0.535715 0.338394 0.262030 0.361324
1 0.537192 0.339496 0.260334 0.358754
1 0.537260 0.339964 0.263404 0.359328
1 0.540214 0.343609 0.267129 0.353652
1 0.534231 0.340871 0.257206 0.367571
1 0.536823 0.343477 0.261536 0.355918
1 0.537581 0.346814 0.265601 0.352498
1 0.541338 0.340321 0.273405 0.357041
1 0.538036 0.344356 0.270402 0.352955
1 0.534324 0.346815 0.269741 0.349233
1 0.544986 0.340974 0.265483 0.353743
1 0.542364 0.346338 0.268266 0.350187
1 0.540903 0.345480 0.268042 0.345918
1 0.537150 0.343609 0.267663 0.346476
1 0.539394 0.348444 0.265414 0.342070
1 0.541112 0.344033 0.268736 0.354285
1 0.536156 0.345216 0.271313 0.351764
1 0.539046 0.347096 0.266386 0.348118
1 0.537667 0.344155 0.269448 0.349759
1 0.541177 0.346285 0.268298 0.341607
1 0.539674 0.344280 0.273175 0.349349
1 0.541595 0.345038 0.268818 0.344788
1 0.540079 0.342675 0.266989 0.354021
1 0.540783 0.348078 0.268544 0.351257
1 0.537688 0.345884 0.267805 0.351667
1 0.540064 0.344241 0.265713 0.346348
1 0.543773 0.341491 0.272453 0.349285
1 0.537693 0.346712 0.273284 0.347160
1 0.536630 0.343831 0.271928 0.349313
1 0.536258 0.345545 0.267275 0.348382
1 0.538380 0.345163 0.267600 0.344953
1 0.544689 0.347287 0.267472 0.344160
1 0.541479 0.351953 0.274429 0.351776