1 0.494052 0.318158 0.209363 0.280045
1 0.497226 0.324534 0.202675 0.278340
1 0.498849 0.325748 0.202575 0.275920
1 0.500692 0.322305 0.199122 0.285266
1 0.490813 0.318717 0.209596 0.284390
1 0.496981 0.322848 0.202464 0.277211
1 0.498452 0.323698 0.199622 0.277905
1 0.498209 0.324298 0.203674 0.275816
1 0.498664 0.322570 0.199207 0.277775
1 0.494292 0.322355 0.207756 0.275864
1 0.497341 0.323193 0.201025 0.282482
1 0.497923 0.322476 0.203572 0.282278
1 0.497197 0.322993 0.205393 0.277332
1 0.498839 0.321391 0.203078 0.277052
1 0.499808 0.323592 0.197819 0.274357
1 0.495365 0.324583 0.207742 0.282055
1 0.496622 0.322655 0.203141 0.283784
1 0.498511 0.322682 0.202428 0.283038
1 0.497779 0.322873 0.203837 0.277590
1 0.497578 0.322681 0.200803 0.278697
1 0.500138 0.323435 0.197777 0.272051
1 0.496369 0.323182 0.204804 0.284350
1 0.495592 0.321633 0.202936 0.281080
1 0.498542 0.321296 0.202458 0.273125
1 0.498328 0.322094 0.200525 0.274781
1 0.497846 0.322589 0.197267 0.280462
1 0.500009 0.322753 0.195649 0.277652
1 0.494657 0.324955 0.205067 0.284818
1 0.495766 0.322588 0.199931 0.281371
1 0.498564 0.320063 0.197735 0.278819
1 0.497458 0.321222 0.198935 0.280857
1 0.497627 0.323452 0.195543 0.281454
1 0.501032 0.323277 0.195231 0.278308
1 0.496291 0.321789 0.198436 0.287627
1 0.497105 0.321744 0.197456 0.287277
1 0.496785 0.322443 0.198324 0.281635
1 0.499040 0.325011 0.197052 0.280416
1 0.491917 0.328215 0.204880 0.279238
1 0.495634 0.323845 0.202462 0.286000
1 0.497598 0.323984 0.194989 0.284525
1 0.499677 0.316635 0.206068 0.298017
1 0.490364 0.325529 0.211352 0.293163
1 0.495603 0.325879 0.210567 0.289181
1 0.499631 0.320835 0.209356 0.294897
1 0.495915 0.323943 0.205206 0.293645