1 0.460915 0.338414 0.261603 0.351232
1 0.466560 0.339217 0.262100 0.349755
1 0.466658 0.337835 0.261324 0.351277
1 0.466385 0.337814 0.261943 0.348236
1 0.468774 0.336126 0.265407 0.352172
1 0.464717 0.340363 0.265033 0.343567
1 0.467447 0.338547 0.266352 0.346482
1 0.465696 0.335582 0.264968 0.346939
1 0.467238 0.337170 0.267475 0.344907
1 0.467583 0.336892 0.266881 0.344452
1 0.465802 0.340039 0.263511 0.342230
1 0.467233 0.336098 0.263651 0.348301
1 0.467466 0.335380 0.268970 0.341856
1 0.467978 0.335203 0.267469 0.343531
1 0.468101 0.335220 0.265570 0.346424
1 0.465510 0.339385 0.267034 0.344461
1 0.467005 0.336863 0.263955 0.349284
1 0.467164 0.336299 0.268487 0.345193
1 0.467418 0.334646 0.270966 0.345604
1 0.468370 0.334388 0.267537 0.346876
1 0.465805 0.337327 0.267012 0.344172
1 0.466816 0.335072 0.265836 0.346239
1 0.467204 0.335166 0.268027 0.350656
1 0.466377 0.333651 0.269403 0.344236
1 0.469316 0.333901 0.267398 0.343742
1 0.464850 0.336727 0.265558 0.344361
1 0.464831 0.334505 0.264111 0.348906
1 0.466901 0.334800 0.270447 0.354348
1 0.466675 0.334053 0.269480 0.349122
1 0.467873 0.333447 0.268373 0.347697
1 0.463065 0.339581 0.267397 0.344871
1 0.466113 0.334107 0.264528 0.350061
1 0.466423 0.333139 0.270525 0.352197
1 0.466413 0.332080 0.271874 0.355681
1 0.468796 0.333010 0.270271 0.355610
1 0.464411 0.341469 0.265119 0.348242
1 0.466623 0.339972 0.263823 0.349369
1 0.469578 0.341283 0.265207 0.345320
1 0.469790 0.340526 0.271075 0.354882
1 0.466542 0.335810 0.268602 0.355425
1 0.466368 0.335712 0.270958 0.354966
1 0.466670 0.339991 0.266950 0.353526
1 0.467469 0.339553 0.272170 0.347643
1 0.467867 0.341152 0.267264 0.344926
1 0.469145 0.338606 0.270070 0.346062
1 0.469154 0.335011 0.271060 0.347698
1 0.464926 0.338510 0.274463 0.354379
1 0.464048 0.341283 0.270383 0.351865
1 0.462649 0.338471 0.272820 0.348379
1 0.466069 0.339667 0.267186 0.345957
1 0.467166 0.338363 0.267146 0.343034
1 0.466644 0.336440 0.271833 0.340880
1 0.462732 0.338866 0.264860 0.344533
1 0.467335 0.338578 0.265465 0.348366
1 0.465770 0.338475 0.268948 0.346069
1 0.464155 0.338346 0.271821 0.343823
1 0.464974 0.336874 0.266843 0.342093
1 0.462381 0.339616 0.268127 0.345275
1 0.465595 0.337633 0.270907 0.349289
1 0.464838 0.338424 0.267056 0.351183
1 0.465339 0.338783 0.270794 0.350217