1 0.506302 0.342617 0.271200 0.396001
1 0.506262 0.344001 0.270090 0.395825
1 0.505838 0.343185 0.272875 0.391044
1 0.505265 0.346438 0.270817 0.395800
1 0.505468 0.346884 0.274499 0.397487
1 0.505744 0.347156 0.273538 0.396105
1 0.503397 0.346261 0.273378 0.385776
1 0.504587 0.345000 0.270936 0.392891
1 0.505268 0.345101 0.273330 0.395674
1 0.505546 0.345193 0.275038 0.399210
1 0.504534 0.344450 0.269235 0.396719
1 0.505616 0.342370 0.271441 0.400753
1 0.505441 0.345192 0.275592 0.402050
1 0.506242 0.344146 0.267197 0.399913
1 0.506029 0.344143 0.267281 0.403467
1 0.505189 0.345933 0.272263 0.404408
1 0.504313 0.344504 0.266694 0.389544
1 0.506138 0.343119 0.267480 0.400742
1 0.504393 0.341962 0.267937 0.402434
1 0.505271 0.344255 0.272653 0.403780
1 0.504313 0.346540 0.264822 0.389576
1 0.505360 0.344151 0.267152 0.400402
1 0.503894 0.342136 0.269049 0.403014
1 0.505723 0.344009 0.271420 0.401698
1 0.505766 0.345478 0.267560 0.403729
1 0.505254 0.345553 0.267483 0.398855
1 0.507470 0.348813 0.270085 0.393610
1 0.503016 0.341235 0.274559 0.411604
1 0.508670 0.348993 0.274994 0.405495
1 0.509686 0.350253 0.274810 0.403016
1 0.508702 0.346889 0.275153 0.411998
1 0.505630 0.346860 0.273045 0.403025
1 0.507510 0.345197 0.277814 0.400982
1 0.506877 0.347308 0.276676 0.392459
1 0.507551 0.344862 0.272287 0.395475
1 0.508995 0.342153 0.275496 0.400790
1 0.508845 0.343426 0.278463 0.398657
1 0.505601 0.349232 0.273400 0.406722
1 0.506919 0.344134 0.275085 0.405831
1 0.507553 0.345481 0.273294 0.400545
1 0.507374 0.344675 0.269849 0.406832
1 0.506966 0.347603 0.271534 0.389276
1 0.508073 0.348145 0.275564 0.392557
1 0.504596 0.343457 0.271389 0.400317
1 0.505457 0.347119 0.270494 0.396292
1 0.508020 0.345982 0.269733 0.403370
1 0.504695 0.345923 0.274891 0.410182
1 0.507257 0.344492 0.275399 0.401242
1 0.503937 0.346511 0.268446 0.393956
1 0.506472 0.346822 0.271826 0.403508
1 0.507799 0.350051 0.271369 0.395345
1 0.508572 0.346718 0.274270 0.404306
1 0.508468 0.350795 0.278133 0.404295
1 0.501019 0.351913 0.272548 0.389015
1 0.509495 0.349729 0.276739 0.405480
1 0.510087 0.351294 0.272410 0.405145
1 0.509321 0.353320 0.277070 0.401422