1 0.452542 0.334959 0.274485 0.370118
1 0.455982 0.336656 0.274525 0.358222
1 0.455937 0.336351 0.273179 0.356652
1 0.454649 0.336923 0.272733 0.352277
1 0.455223 0.336275 0.279823 0.359289
1 0.456501 0.335530 0.277100 0.355428
1 0.455769 0.336047 0.276270 0.359978
1 0.454698 0.337599 0.274730 0.353481
1 0.458034 0.339375 0.275160 0.345233
1 0.455639 0.336853 0.280812 0.365369
1 0.454403 0.335222 0.277148 0.369195
1 0.456661 0.335347 0.280542 0.365412
1 0.455871 0.334859 0.280104 0.364431
1 0.458552 0.338149 0.277354 0.351011
1 0.454083 0.337356 0.276693 0.366941
1 0.455225 0.335629 0.279573 0.372280
1 0.456680 0.333968 0.280444 0.369694
1 0.456465 0.334936 0.281223 0.365325
1 0.459899 0.338543 0.279586 0.357855
1 0.454867 0.336648 0.276260 0.371204
1 0.455181 0.336999 0.279032 0.374800
1 0.455480 0.335695 0.278526 0.375910
1 0.455741 0.336100 0.282342 0.374450
1 0.459240 0.336918 0.281957 0.359144
1 0.454506 0.337046 0.272456 0.370669
1 0.455505 0.336371 0.278670 0.376276
1 0.454268 0.332945 0.278007 0.377427
1 0.455285 0.333866 0.279381 0.374215
1 0.458286 0.338525 0.280081 0.363320
1 0.453395 0.337837 0.274013 0.372402
1 0.455030 0.335490 0.281175 0.376787
1 0.453212 0.334602 0.279153 0.379356
1 0.455041 0.335820 0.279910 0.374307
1 0.458590 0.332459 0.278416 0.377538
1 0.459915 0.337686 0.278473 0.370280
1 0.459920 0.338281 0.277433 0.365671
1 0.455366 0.335860 0.279945 0.367389
1 0.456895 0.339685 0.275960 0.373228
1 0.457410 0.339352 0.283172 0.369244
1 0.459547 0.342182 0.281333 0.359875
1 0.459121 0.339119 0.282763 0.361249
1 0.459819 0.335282 0.280877 0.364888
1 0.459497 0.337631 0.281562 0.371266
1 0.453673 0.340295 0.283657 0.373749
1 0.453768 0.339648 0.279921 0.362294
1 0.456136 0.340593 0.277890 0.366153
1 0.457660 0.338816 0.278661 0.366554
1 0.457736 0.339285 0.280155 0.360943
1 0.460476 0.342393 0.283144 0.364453
1 0.454463 0.336981 0.274601 0.369626
1 0.458147 0.340115 0.277262 0.368736
1 0.455905 0.340465 0.278615 0.369048
1 0.453722 0.339604 0.283383 0.363891
1 0.455076 0.337411 0.277330 0.365909
1 0.455029 0.340880 0.278922 0.364419
1 0.455284 0.339012 0.281227 0.371828
1 0.455921 0.342051 0.277274 0.367378
1 0.456319 0.341209 0.277121 0.367402
1 0.457650 0.339747 0.286790 0.370059
1 0.455985 0.340699 0.284107 0.369358