1 0.532883 0.401571 0.439581 0.618096
1 0.533461 0.405581 0.437331 0.616249
1 0.532370 0.404411 0.436754 0.618827
1 0.533205 0.405981 0.444594 0.605261
1 0.530931 0.401300 0.435530 0.610037
1 0.536174 0.407045 0.435730 0.610092
1 0.535075 0.403513 0.435106 0.615900
1 0.532249 0.399621 0.433027 0.617967
1 0.533224 0.405535 0.432303 0.607656
1 0.533167 0.400385 0.429822 0.614476
1 0.530474 0.403481 0.433711 0.601960
1 0.534256 0.401026 0.434841 0.610105
1 0.533066 0.402609 0.435257 0.613368
1 0.530105 0.402216 0.434638 0.618050
1 0.533208 0.404335 0.437611 0.611182
1 0.533213 0.403573 0.449086 0.615233
1 0.531510 0.402265 0.435250 0.614596
1 0.537005 0.411130 0.440636 0.601151
1 0.533514 0.407298 0.436341 0.610753
1 0.535021 0.410372 0.431073 0.610797
1 0.537654 0.405774 0.443205 0.605446
1 0.533854 0.407665 0.435792 0.602612
1 0.534231 0.403518 0.439866 0.607834
1 0.534125 0.404884 0.432877 0.609442
1 0.533335 0.402545 0.440820 0.603960
1 0.536089 0.403888 0.436409 0.605063
1 0.532073 0.404533 0.437324 0.611649
1 0.531909 0.404347 0.431241 0.611347
1 0.532485 0.407714 0.436416 0.612585
1 0.530499 0.411787 0.444560 0.623383
1 0.527688 0.403760 0.430688 0.616812
1 0.538616 0.412095 0.449962 0.609188
1 0.534281 0.403101 0.440296 0.605422
1 0.534808 0.407662 0.437587 0.607158
1 0.535337 0.402079 0.440076 0.602435
1 0.531893 0.403612 0.438051 0.607910
1 0.534874 0.403043 0.440364 0.604565
1 0.533836 0.406477 0.439554 0.606876
1 0.533015 0.405415 0.444149 0.605862
1 0.533277 0.407650 0.446784 0.613704
1 0.531731 0.403823 0.442337 0.601888
1 0.532559 0.404134 0.436854 0.608643
1 0.535236 0.406246 0.444371 0.593220
1 0.533081 0.407015 0.440640 0.607321
1 0.530013 0.403948 0.449794 0.605042
1 0.532504 0.401320 0.434580 0.615410
1 0.544711 0.402674 0.453178 0.611118
1 0.535454 0.398899 0.440596 0.603848
1 0.536791 0.397473 0.442513 0.614275
1 0.534015 0.401568 0.440754 0.604708
1 0.531325 0.403518 0.441068 0.612551
1 0.534537 0.402984 0.444075 0.608403
1 0.534088 0.406101 0.441063 0.603512
1 0.533647 0.402172 0.445527 0.611668
1 0.533323 0.403411 0.439786 0.607425
1 0.533914 0.400075 0.446769 0.614542
1 0.535133 0.399437 0.438568 0.612488
1 0.535496 0.403868 0.450278 0.607326
1 0.531477 0.400825 0.442250 0.619083
1 0.534731 0.402235 0.443753 0.612358
1 0.533308 0.398231 0.434881 0.610249
1 0.546204 0.398970 0.458275 0.613822
1 0.534034 0.401480 0.440203 0.606672
1 0.535977 0.396818 0.439046 0.610507
1 0.531898 0.400402 0.440223 0.607075
1 0.530262 0.401074 0.443671 0.614412
1 0.534547 0.400314 0.439865 0.608454
1 0.534008 0.401226 0.440712 0.608485
1 0.534240 0.402038 0.442382 0.606152
1 0.532642 0.404355 0.441357 0.607034
1 0.532810 0.401151 0.445392 0.611669
1 0.534833 0.401502 0.439181 0.608137
1 0.538861 0.405126 0.450687 0.598249
1 0.535199 0.399023 0.441284 0.603421
1 0.535562 0.400058 0.452725 0.606395
1 0.543241 0.400697 0.448591 0.608852
1 0.532683 0.400846 0.439253 0.601533
1 0.537592 0.395001 0.446699 0.619250
1 0.534606 0.400086 0.439274 0.612686
1 0.534603 0.402007 0.444654 0.622084
1 0.535285 0.400705 0.438369 0.608068
1 0.533435 0.403641 0.445713 0.615279
1 0.533988 0.402784 0.437840 0.608839
1 0.533366 0.407525 0.441848 0.611413
1 0.535106 0.403477 0.444581 0.610999
1 0.538593 0.403636 0.440552 0.613327
1 0.533341 0.401019 0.445525 0.612206
1 0.540778 0.404474 0.454840 0.604031
1 0.534390 0.404679 0.445091 0.599687
1 0.532953 0.400517 0.441569 0.603346
1 0.534979 0.400409 0.436093 0.609484
1 0.537804 0.403613 0.463442 0.618247
1 0.533884 0.412879 0.428294 0.599160