1 0.447839 0.373238 0.274214 0.394042
1 0.447046 0.374306 0.270952 0.385053
1 0.447776 0.378420 0.274638 0.383379
1 0.448624 0.378742 0.275266 0.386562
1 0.447514 0.379907 0.275868 0.378533
1 0.448107 0.378311 0.279199 0.376200
1 0.448584 0.381641 0.277391 0.380945
1 0.447923 0.379884 0.274844 0.383906
1 0.448300 0.380690 0.275619 0.377908
1 0.448303 0.380869 0.280385 0.375742
1 0.447803 0.381886 0.272727 0.381951
1 0.449378 0.380890 0.273625 0.383241
1 0.449455 0.380150 0.273823 0.383282
1 0.448181 0.382120 0.277345 0.381309
1 0.446330 0.381484 0.276544 0.383434
1 0.449612 0.380968 0.276489 0.381860
1 0.449413 0.380839 0.273961 0.382258
1 0.448972 0.383290 0.275772 0.375622
1 0.447539 0.380050 0.273284 0.378173
1 0.449726 0.380468 0.277694 0.377849
1 0.448318 0.380735 0.275981 0.379112
1 0.449605 0.383536 0.277357 0.375047
1 0.449317 0.381188 0.271302 0.378102
1 0.447953 0.380210 0.275067 0.379180
1 0.446968 0.381229 0.274758 0.378055
1 0.449397 0.382698 0.278435 0.374570
1 0.447258 0.382461 0.276208 0.376608
1 0.447277 0.382277 0.277966 0.378418
1 0.446390 0.383312 0.277808 0.377521
1 0.448662 0.384195 0.281379 0.375601
1 0.447266 0.389365 0.269206 0.368761
1 0.446364 0.390285 0.271032 0.369718
1 0.449960 0.378231 0.275904 0.382908
1 0.451194 0.379928 0.275323 0.391215
1 0.455166 0.378398 0.279869 0.388207
1 0.453490 0.380392 0.281036 0.389826
1 0.454880 0.378636 0.277349 0.386524
1 0.450130 0.379317 0.269892 0.386760
1 0.446523 0.377183 0.273889 0.388826
1 0.449948 0.378335 0.278412 0.391246
1 0.452823 0.378987 0.277120 0.389470
1 0.451087 0.378047 0.282920 0.392365
1 0.455898 0.380224 0.274625 0.382890
1 0.448135 0.376317 0.272672 0.388603
1 0.448780 0.377280 0.275745 0.381831
1 0.450310 0.381768 0.274171 0.380513
1 0.449641 0.381136 0.279245 0.389061
1 0.449370 0.380816 0.279605 0.379296
1 0.453990 0.383731 0.270705 0.375729
1 0.449311 0.379810 0.272648 0.383338
1 0.449816 0.382837 0.277179 0.382048
1 0.451035 0.383151 0.277149 0.380491
1 0.449420 0.381423 0.278564 0.389550
1 0.447618 0.383049 0.284731 0.393363
1 0.448598 0.383043 0.272118 0.373830
1 0.449604 0.382384 0.275909 0.377362
1 0.450940 0.382445 0.274603 0.377536
1 0.451423 0.380789 0.274727 0.382240