1 0.453942 0.363341 0.226377 0.325460
1 0.455611 0.364066 0.223088 0.325605
1 0.452893 0.364584 0.226938 0.326412
1 0.455355 0.367109 0.229871 0.320269
1 0.454913 0.366567 0.231552 0.320321
1 0.454945 0.364099 0.230314 0.325106
1 0.453185 0.366003 0.228346 0.312681
1 0.453150 0.363623 0.228469 0.314176
1 0.454441 0.364340 0.231610 0.315919
1 0.454938 0.363323 0.229290 0.314928
1 0.456682 0.363581 0.228763 0.316500
1 0.450771 0.368826 0.231347 0.309310
1 0.453184 0.365701 0.231588 0.312446
1 0.453056 0.365022 0.231902 0.318442
1 0.453624 0.363867 0.232257 0.321735
1 0.453520 0.364170 0.232767 0.322369
1 0.456970 0.365093 0.228972 0.319711
1 0.451522 0.370947 0.230448 0.307902
1 0.453312 0.364563 0.231784 0.312088
1 0.452753 0.365594 0.232044 0.317648
1 0.453758 0.364202 0.232539 0.317980
1 0.454037 0.362967 0.233318 0.320872
1 0.456405 0.363551 0.230769 0.321295
1 0.450570 0.369623 0.227666 0.311184
1 0.453123 0.363938 0.235519 0.318110
1 0.453039 0.364055 0.237231 0.319583
1 0.452173 0.363478 0.234660 0.321272
1 0.453771 0.364505 0.232049 0.320618
1 0.454850 0.364481 0.230975 0.322135
1 0.450908 0.368770 0.233873 0.309969
1 0.453108 0.364748 0.234682 0.320802
1 0.452469 0.365358 0.236478 0.320817
1 0.452911 0.365072 0.233479 0.327167
1 0.453321 0.365001 0.235901 0.325260
1 0.454116 0.365497 0.234198 0.324070
1 0.453960 0.365535 0.233067 0.322770
1 0.453204 0.366832 0.233517 0.322040
1 0.453801 0.366220 0.233495 0.324964
1 0.452754 0.366707 0.235774 0.327907
1 0.456195 0.370772 0.233547 0.320767
1 0.453214 0.366789 0.230494 0.327751
1 0.452263 0.368237 0.231003 0.326595
1 0.456096 0.371897 0.232601 0.322705
1 0.454646 0.362239 0.234142 0.331357
1 0.456959 0.360704 0.235485 0.337848
1 0.454875 0.360576 0.233207 0.335060
1 0.454525 0.359348 0.232303 0.335893
1 0.454750 0.365650 0.232551 0.326238
1 0.455056 0.366031 0.235343 0.325146
1 0.454371 0.364424 0.230120 0.324721
1 0.454817 0.363788 0.231767 0.323824
1 0.458133 0.359933 0.239409 0.335320
1 0.452880 0.364436 0.236503 0.325770
1 0.453197 0.365731 0.232921 0.324976
1 0.452620 0.364377 0.235250 0.324444
1 0.454530 0.363494 0.232071 0.328400
1 0.456267 0.361272 0.233756 0.336700
1 0.454037 0.366362 0.232333 0.323539
1 0.453802 0.365737 0.232507 0.320599
1 0.454722 0.366904 0.230600 0.322664
1 0.454692 0.363550 0.229874 0.323197