1 0.492800 0.570993 0.385131 0.540108
1 0.500223 0.571091 0.392215 0.547484
1 0.495407 0.572545 0.387993 0.531317
1 0.491207 0.581178 0.390368 0.533836
1 0.493320 0.580042 0.396333 0.543991
1 0.496506 0.571451 0.390974 0.550548
1 0.489420 0.574652 0.393844 0.529438
1 0.494643 0.573908 0.392854 0.516858
1 0.494165 0.575257 0.394380 0.522225
1 0.491847 0.574764 0.399742 0.522760
1 0.494662 0.575312 0.393961 0.536029
1 0.500773 0.569714 0.382839 0.537043
1 0.491006 0.572942 0.395706 0.513447
1 0.494906 0.570925 0.393644 0.509251
1 0.496361 0.569581 0.389852 0.514230
1 0.492058 0.567167 0.396890 0.516343
1 0.493333 0.567076 0.394148 0.514565
1 0.496829 0.565665 0.386689 0.520448
1 0.490539 0.569082 0.396266 0.514938
1 0.494086 0.567560 0.395491 0.512244
1 0.491917 0.568395 0.394057 0.522423
1 0.491169 0.568995 0.396872 0.516665
1 0.490772 0.566968 0.401313 0.520776
1 0.491615 0.568314 0.394933 0.520744
1 0.490125 0.567298 0.396210 0.515364
1 0.490896 0.568907 0.402151 0.515538
1 0.492475 0.566150 0.401240 0.523427
1 0.489586 0.568266 0.394662 0.516219
1 0.492802 0.565924 0.399541 0.521505
1 0.495870 0.568457 0.397815 0.522237
1 0.489291 0.573395 0.403944 0.503936
1 0.493711 0.567404 0.400514 0.522418
1 0.492949 0.567637 0.400010 0.524038
1 0.493580 0.567525 0.395611 0.518072
1 0.491846 0.568372 0.403100 0.519029
1 0.493718 0.574172 0.405082 0.506758
1 0.494544 0.570819 0.406485 0.515882
1 0.494686 0.570989 0.396712 0.522744
1 0.497164 0.574312 0.404114 0.513333
1 0.491620 0.581369 0.401478 0.504311