1 0.352054 0.470848 0.560033 0.785450
1 0.362046 0.483570 0.578055 0.790387
1 0.367640 0.488224 0.580008 0.804648
1 0.365482 0.493072 0.582687 0.799971
1 0.363019 0.491945 0.571968 0.792643
1 0.368067 0.487396 0.574889 0.776480
1 0.362718 0.469913 0.558109 0.789757
1 0.365639 0.479969 0.574131 0.793656
1 0.371165 0.483088 0.574036 0.800006
1 0.368207 0.488271 0.569599 0.797858
1 0.368491 0.489434 0.573647 0.794918
1 0.362832 0.491802 0.559248 0.800831
1 0.366014 0.492901 0.562767 0.780246
1 0.375166 0.490511 0.555419 0.763727
1 0.351007 0.472869 0.547866 0.784236
1 0.373987 0.479455 0.562278 0.777190
1 0.369210 0.485022 0.560945 0.780376
1 0.375438 0.487342 0.576722 0.792692
1 0.365509 0.476053 0.550310 0.775615
1 0.369687 0.487577 0.565513 0.798113
1 0.366866 0.476240 0.550196 0.772893
1 0.370175 0.485453 0.562737 0.794726
1 0.367321 0.475906 0.547655 0.755134
1 0.368757 0.483953 0.568338 0.792086
1 0.367318 0.486604 0.563596 0.771567
1 0.373943 0.483902 0.545920 0.766883
1 0.381559 0.490421 0.542171 0.749958
1 0.358660 0.475068 0.549003 0.785366
1 0.367664 0.479125 0.565175 0.781624
1 0.364612 0.481910 0.564688 0.769212
1 0.367508 0.467594 0.566691 0.737208
1 0.370571 0.473970 0.578062 0.767198
1 0.364730 0.466503 0.552618 0.743411
1 0.365516 0.470227 0.562164 0.775138
1 0.367073 0.466083 0.557741 0.736448
1 0.368506 0.469283 0.564705 0.765530
1 0.369997 0.471694 0.552480 0.732823
1 0.368429 0.477257 0.564902 0.764640
1 0.366016 0.474246 0.568465 0.756562
1 0.368814 0.478033 0.556263 0.744445
1 0.375368 0.482670 0.551202 0.728720
1 0.386900 0.485758 0.545100 0.725399
1 0.347134 0.478383 0.555604 0.770681
1 0.359942 0.479927 0.550425 0.783105
1 0.369394 0.478807 0.563029 0.780706
1 0.368306 0.475714 0.570526 0.774367
1 0.366749 0.470222 0.556161 0.744547
1 0.369023 0.472539 0.565187 0.767255
1 0.364737 0.468815 0.545641 0.751962
1 0.366879 0.469053 0.559067 0.777518
1 0.368288 0.467422 0.546577 0.736439
1 0.369368 0.466302 0.561199 0.765031
1 0.371459 0.468281 0.555653 0.732649
1 0.369586 0.472634 0.562945 0.757218
1 0.370539 0.473266 0.570823 0.752356
1 0.369952 0.474499 0.567473 0.732109
1 0.371826 0.483530 0.565331 0.731183
1 0.378655 0.482838 0.546352 0.718513
1 0.353072 0.475980 0.559487 0.780267
1 0.362465 0.467033 0.558544 0.777016
1 0.371044 0.468813 0.568219 0.759243
1 0.371387 0.462631 0.576942 0.766569
1 0.369217 0.466039 0.561910 0.729067
1 0.373774 0.462888 0.571214 0.758926
1 0.365769 0.465135 0.545506 0.731894
1 0.367727 0.462620 0.559843 0.760526
1 0.366867 0.462067 0.550266 0.738263
1 0.365293 0.462371 0.562148 0.755456
1 0.370663 0.462382 0.557554 0.743324
1 0.366792 0.464165 0.557595 0.753939
1 0.375907 0.467616 0.557655 0.721984
1 0.368953 0.469801 0.554594 0.740127
1 0.371418 0.476321 0.574423 0.728937
1 0.367065 0.475823 0.577417 0.730699
1 0.373572 0.481675 0.557049 0.722963
1 0.353450 0.469914 0.556643 0.788069
1 0.367869 0.466628 0.557273 0.778823
1 0.377984 0.459304 0.569979 0.767112
1 0.376148 0.455305 0.578613 0.762246
1 0.378895 0.455411 0.579731 0.760307
1 0.371462 0.456909 0.549650 0.738757
1 0.372371 0.452780 0.561790 0.765160
1 0.369177 0.459260 0.554929 0.747140
1 0.366321 0.455424 0.562390 0.761032
1 0.370284 0.460924 0.553232 0.745779
1 0.365144 0.457725 0.552613 0.751980
1 0.375820 0.467276 0.551270 0.733788
1 0.368891 0.462208 0.557449 0.759688
1 0.371130 0.468388 0.578334 0.750174
1 0.362671 0.474630 0.576841 0.749324
1 0.372136 0.482702 0.564309 0.735616
1 0.370508 0.469970 0.562679 0.763528
1 0.379601 0.462751 0.573662 0.753939
1 0.377029 0.460036 0.588246 0.760580
1 0.376485 0.456679 0.577403 0.760663
1 0.369154 0.461440 0.560343 0.740591
1 0.370577 0.455878 0.568294 0.758008
1 0.369718 0.461696 0.561584 0.738783
1 0.369278 0.455248 0.568568 0.750693
1 0.368791 0.465724 0.555291 0.729066
1 0.367278 0.460935 0.555977 0.732641
1 0.377526 0.476539 0.553402 0.711129
1 0.371327 0.467238 0.558383 0.737675
1 0.369812 0.472700 0.569359 0.732889
1 0.360977 0.481383 0.585523 0.733906
1 0.374564 0.486351 0.570018 0.713212
1 0.380943 0.458038 0.578985 0.762747
1 0.378871 0.456383 0.586929 0.780057
1 0.375953 0.452332 0.583356 0.777632
1 0.372163 0.462184 0.567611 0.760893
1 0.371431 0.451180 0.575613 0.782984
1 0.371872 0.461737 0.561917 0.759518
1 0.368850 0.453031 0.574048 0.784267
1 0.374334 0.463910 0.557210 0.755372
1 0.371399 0.455303 0.560979 0.770062
1 0.368767 0.452856 0.570628 0.770519
1 0.370902 0.459885 0.583323 0.755525
1 0.362798 0.472137 0.585920 0.749480
1 0.380040 0.466201 0.578871 0.776571
1 0.375166 0.458377 0.579879 0.775002
1 0.374865 0.456956 0.583894 0.779457
1 0.372198 0.459058 0.572123 0.766149
1 0.374261 0.464825 0.563893 0.757857
1 0.373218 0.466268 0.566689 0.748754
1 0.366826 0.466656 0.582990 0.738830
1 0.381078 0.471668 0.577288 0.746902
1 0.382293 0.468282 0.589851 0.758335
1 0.377242 0.460552 0.576323 0.756254
1 0.373655 0.458600 0.572552 0.755042
1 0.372457 0.461633 0.583588 0.759816