1 0.386012 0.204281 0.105237 0.138805
1 0.387340 0.206269 0.105955 0.137896
1 0.387232 0.205043 0.108668 0.142653
1 0.386228 0.206207 0.107440 0.136070
1 0.386079 0.205121 0.110296 0.144489
1 0.386945 0.206872 0.107389 0.135337
1 0.386648 0.205995 0.111376 0.144552
1 0.385911 0.202994 0.110276 0.146146
1 0.385999 0.206179 0.107720 0.141164
1 0.385894 0.205593 0.109778 0.146391
1 0.386196 0.206004 0.107899 0.141276
1 0.385516 0.205854 0.110161 0.146946
1 0.386635 0.206904 0.109873 0.139285
1 0.386528 0.206773 0.110731 0.144904
1 0.385430 0.207171 0.108997 0.138955
1 0.386061 0.205263 0.114077 0.145492
1 0.386424 0.206836 0.108316 0.139171
1 0.386407 0.206218 0.113134 0.145283
1 0.387560 0.208088 0.108760 0.138947
1 0.386381 0.205584 0.112248 0.146616