1 0.584756 0.280483 0.236398 0.362999
1 0.587832 0.282095 0.234390 0.364329
1 0.589359 0.281397 0.232262 0.365610
1 0.581833 0.280175 0.241145 0.352965
1 0.587019 0.282091 0.240437 0.357152
1 0.587187 0.281867 0.242039 0.363473
1 0.587843 0.282562 0.241684 0.363734
1 0.589405 0.281624 0.234215 0.363939
1 0.582158 0.283247 0.242175 0.349411
1 0.585919 0.281540 0.240900 0.360501
1 0.584806 0.279796 0.244374 0.362746
1 0.587325 0.281164 0.243018 0.362975
1 0.588419 0.282346 0.236971 0.361178
1 0.581743 0.283662 0.246856 0.345000
1 0.587191 0.280086 0.244532 0.356429
1 0.586832 0.278360 0.244677 0.360371
1 0.587778 0.278525 0.242809 0.358635
1 0.589189 0.279022 0.237115 0.359845
1 0.582925 0.283350 0.248543 0.350958
1 0.587399 0.282764 0.242513 0.356371
1 0.588559 0.278488 0.239838 0.357338
1 0.588877 0.277844 0.241107 0.355940
1 0.590267 0.279576 0.238680 0.354118
1 0.585957 0.285615 0.252383 0.345150
1 0.587148 0.281778 0.243013 0.356168
1 0.587692 0.278906 0.244239 0.362245
1 0.589004 0.278207 0.239867 0.366235
1 0.590650 0.281863 0.236125 0.356714
1 0.586648 0.288317 0.254138 0.345861
1 0.587437 0.283672 0.245937 0.351872
1 0.588685 0.278909 0.243654 0.354148
1 0.589220 0.278927 0.240849 0.361746
1 0.592786 0.281266 0.238088 0.356065
1 0.583254 0.290803 0.250328 0.347883
1 0.587182 0.284414 0.244466 0.357541
1 0.586425 0.281945 0.242172 0.356391
1 0.587790 0.281956 0.240327 0.358156
1 0.594154 0.283643 0.236603 0.354537
1 0.585772 0.289275 0.246418 0.352657
1 0.588341 0.284818 0.241448 0.362355
1 0.589244 0.286933 0.235316 0.351227
1 0.590871 0.284124 0.249664 0.376442
1 0.589019 0.280041 0.246368 0.374270
1 0.585050 0.278285 0.242240 0.373012
1 0.586795 0.280940 0.250248 0.359710
1 0.592069 0.285849 0.239414 0.357664
1 0.587989 0.281546 0.232865 0.358219
1 0.585947 0.285129 0.232461 0.354796
1 0.584759 0.282774 0.233797 0.365069
1 0.587972 0.282607 0.241955 0.360086
1 0.585904 0.285866 0.243385 0.361563
1 0.586538 0.284230 0.235806 0.359334
1 0.582903 0.281821 0.234997 0.356258
1 0.585307 0.280957 0.233821 0.359259
1 0.590732 0.277427 0.239368 0.367150
1 0.587974 0.284499 0.244615 0.358620
1 0.588873 0.282578 0.241976 0.357848
1 0.584924 0.280539 0.242602 0.357737
1 0.584951 0.282644 0.231608 0.361165
1 0.583720 0.282974 0.238323 0.359520
1 0.584678 0.281650 0.245429 0.358009
1 0.581372 0.282397 0.241626 0.359272
1 0.582567 0.283325 0.236153 0.366209
1 0.588308 0.280555 0.247300 0.362087