1 0.292044 0.387427 0.302865 0.459149
1 0.296061 0.385722 0.314300 0.449025
1 0.283451 0.403886 0.304333 0.466838
1 0.289449 0.407627 0.301129 0.462906
1 0.294315 0.401200 0.304925 0.461559
1 0.299954 0.393922 0.305653 0.461764
1 0.279091 0.398132 0.295517 0.474091
1 0.284335 0.403532 0.300730 0.467585
1 0.282643 0.405281 0.293602 0.476042
1 0.286693 0.408036 0.290322 0.472598
1 0.288034 0.407535 0.288494 0.476882
1 0.278613 0.407751 0.292399 0.471988
1 0.283355 0.405945 0.298976 0.472859
1 0.285045 0.405977 0.283778 0.469696
1 0.286634 0.404972 0.288561 0.468067
1 0.286237 0.403265 0.282938 0.472644
1 0.293455 0.397821 0.305551 0.465204
1 0.280122 0.401711 0.294056 0.464040
1 0.287720 0.404620 0.296784 0.477167
1 0.284921 0.405777 0.285969 0.476613
1 0.285815 0.409680 0.286791 0.470315
1 0.284478 0.403393 0.286465 0.475145
1 0.293724 0.398281 0.306316 0.475537
1 0.281425 0.402219 0.290469 0.465731
1 0.287061 0.401637 0.293275 0.491370
1 0.288422 0.402540 0.291398 0.480868
1 0.286224 0.400929 0.280092 0.469689
1 0.284915 0.397765 0.286464 0.475421
1 0.282060 0.401300 0.289474 0.476111
1 0.283441 0.405476 0.291378 0.474537
1 0.287682 0.404212 0.289562 0.461001
1 0.291893 0.400193 0.301211 0.467121
1 0.288634 0.413453 0.300124 0.453881