1 0.477663 0.247821 0.168016 0.229898
1 0.475778 0.249490 0.166052 0.225789
1 0.477342 0.251401 0.164533 0.218710
1 0.477016 0.252388 0.166815 0.218654
1 0.477470 0.250365 0.164858 0.223356
1 0.476582 0.246949 0.168315 0.226241
1 0.476812 0.251127 0.167697 0.222000
1 0.476410 0.251549 0.168322 0.220425
1 0.477242 0.251710 0.167698 0.221453
1 0.476802 0.252923 0.166821 0.218624
1 0.477068 0.252125 0.164871 0.225334
1 0.476793 0.250962 0.167481 0.225535
1 0.475626 0.250464 0.166070 0.222213
1 0.476408 0.251622 0.167743 0.219900
1 0.475980 0.251559 0.167553 0.218217
1 0.476425 0.252626 0.169235 0.220399
1 0.475571 0.253627 0.167427 0.220434
1 0.477035 0.250178 0.166810 0.220593
1 0.475540 0.252201 0.166559 0.217991
1 0.476174 0.251984 0.168167 0.218704
1 0.476882 0.251509 0.167843 0.219045
1 0.475871 0.252547 0.168608 0.218680
1 0.475784 0.252669 0.167099 0.217685
1 0.475467 0.251404 0.168996 0.220156
1 0.474847 0.252364 0.167965 0.219673
1 0.475238 0.252239 0.168843 0.219790
1 0.476632 0.253351 0.167472 0.217388
1 0.475706 0.254250 0.167396 0.217701
1 0.476376 0.254206 0.172127 0.217164
1 0.475752 0.253824 0.167549 0.219289
1 0.476833 0.253211 0.169600 0.219404
1 0.477407 0.253130 0.170036 0.219507
1 0.475952 0.254668 0.169392 0.216485
1 0.475431 0.257244 0.172224 0.217067
1 0.476244 0.255905 0.170922 0.218532