1 0.476343 0.239963 0.176569 0.320042
1 0.478671 0.238021 0.169172 0.318076
1 0.474078 0.239707 0.173681 0.308036
1 0.478619 0.243004 0.169538 0.296126
1 0.477847 0.241403 0.165201 0.299684
1 0.477402 0.238316 0.161760 0.305246
1 0.475510 0.240956 0.168460 0.295737
1 0.478539 0.240850 0.165909 0.289299
1 0.476530 0.238760 0.164331 0.292321
1 0.478157 0.238262 0.161591 0.291643
1 0.480079 0.237000 0.157782 0.296250
1 0.472090 0.241018 0.178564 0.289071
1 0.476001 0.240326 0.169649 0.298819
1 0.478153 0.239586 0.169682 0.297726
1 0.475146 0.238663 0.171821 0.298102
1 0.478440 0.237545 0.171816 0.296382
1 0.479957 0.240276 0.165854 0.287511
1 0.472087 0.241816 0.176910 0.294600
1 0.477373 0.239207 0.170473 0.297770
1 0.478112 0.237881 0.170164 0.298744
1 0.475619 0.238086 0.172840 0.296702
1 0.478347 0.240054 0.171183 0.293099
1 0.479084 0.242920 0.168748 0.290222
1 0.473422 0.240353 0.177867 0.294151
1 0.476749 0.237874 0.170847 0.295905
1 0.478140 0.235747 0.171649 0.290715
1 0.477383 0.238367 0.174213 0.292911
1 0.478434 0.241197 0.172567 0.292964
1 0.479132 0.242306 0.169980 0.288436
1 0.476975 0.239549 0.173959 0.301584
1 0.478028 0.238402 0.173233 0.296084
1 0.477857 0.239920 0.179061 0.298544
1 0.477941 0.241085 0.172385 0.291652
1 0.479062 0.243739 0.166006 0.291571
1 0.476654 0.243719 0.175453 0.296675
1 0.478471 0.241986 0.174120 0.299711
1 0.477045 0.243487 0.177624 0.293904
1 0.478338 0.243605 0.175355 0.291519
1 0.475657 0.244997 0.180850 0.296119
1 0.476409 0.244632 0.179427 0.295088