1 0.653763 0.176890 0.161287 0.272397
1 0.645489 0.172944 0.156206 0.244806
1 0.648760 0.174130 0.156624 0.246238
1 0.649286 0.176009 0.155986 0.247822
1 0.654117 0.176177 0.157694 0.253653
1 0.645462 0.174593 0.152724 0.244186
1 0.649523 0.174918 0.155508 0.240003
1 0.649289 0.174576 0.159938 0.249380
1 0.650146 0.176065 0.159032 0.251016
1 0.651180 0.177840 0.155013 0.252762
1 0.652970 0.177220 0.163188 0.256015
1 0.646105 0.178046 0.152218 0.237568
1 0.648277 0.174795 0.158717 0.243083
1 0.650149 0.173800 0.163377 0.251842
1 0.649303 0.174593 0.158486 0.246257
1 0.650348 0.177158 0.158150 0.245745
1 0.651586 0.182822 0.161194 0.242703
1 0.646201 0.176666 0.159013 0.231234
1 0.648658 0.175207 0.162310 0.240109
1 0.652173 0.173946 0.163423 0.238190
1 0.648318 0.175843 0.165353 0.235228
1 0.650026 0.179605 0.160654 0.239384
1 0.651907 0.182600 0.165329 0.237907
1 0.643494 0.178785 0.159142 0.238056
1 0.648427 0.176840 0.162852 0.239706
1 0.651536 0.175110 0.162238 0.234873
1 0.649220 0.176387 0.166451 0.235733
1 0.649066 0.179138 0.164342 0.237962
1 0.653139 0.182959 0.167487 0.236772
1 0.648574 0.178045 0.166819 0.241008
1 0.650355 0.175798 0.167128 0.240444
1 0.648816 0.177675 0.167993 0.234678
1 0.650083 0.180040 0.166394 0.235962
1 0.649686 0.178404 0.167968 0.237103
1 0.650511 0.180919 0.170420 0.234105