1 0.541096 0.368516 0.246386 0.391394
1 0.543827 0.367427 0.245682 0.392553
1 0.538522 0.371596 0.253664 0.384884
1 0.540858 0.372532 0.251293 0.387352
1 0.541751 0.373026 0.249535 0.380600
1 0.544183 0.369427 0.248220 0.375774
1 0.537099 0.374588 0.253763 0.371762
1 0.540350 0.374501 0.256528 0.377913
1 0.539990 0.373267 0.254721 0.383641
1 0.541586 0.374060 0.251642 0.376533
1 0.542270 0.374365 0.249962 0.373238
1 0.537065 0.375370 0.255237 0.368089
1 0.541286 0.373595 0.255940 0.377268
1 0.540837 0.372338 0.250753 0.377922
1 0.542294 0.374202 0.249687 0.371700
1 0.543113 0.375352 0.250978 0.371554
1 0.537156 0.376308 0.257422 0.363824
1 0.540640 0.373332 0.255580 0.377658
1 0.542258 0.370947 0.249985 0.374414
1 0.540862 0.372140 0.252055 0.373757
1 0.541569 0.374322 0.248950 0.367956
1 0.537601 0.376004 0.254902 0.363722
1 0.540791 0.373452 0.257930 0.380424
1 0.541113 0.371426 0.254013 0.376820
1 0.541472 0.371229 0.249283 0.376957
1 0.542206 0.375811 0.248764 0.363826
1 0.539183 0.375268 0.255139 0.363643
1 0.539995 0.373867 0.258764 0.373821
1 0.540494 0.372840 0.253050 0.371658
1 0.540619 0.372125 0.251264 0.374536
1 0.543041 0.375067 0.250821 0.364690
1 0.539070 0.375579 0.256018 0.364317
1 0.539276 0.372613 0.257572 0.375000
1 0.538734 0.373128 0.253857 0.370590
1 0.539446 0.372782 0.252606 0.376227
1 0.543414 0.375108 0.250310 0.368666
1 0.539292 0.374505 0.262813 0.373675
1 0.539865 0.372255 0.258459 0.372754
1 0.538216 0.374079 0.254892 0.369856
1 0.544441 0.378067 0.256015 0.362943
1 0.541370 0.380145 0.252388 0.361142
1 0.539313 0.378052 0.255817 0.389398
1 0.537720 0.376264 0.254718 0.380906
1 0.539611 0.375094 0.250667 0.384943
1 0.540023 0.372384 0.252686 0.383532
1 0.542174 0.372750 0.256887 0.377345
1 0.541559 0.375967 0.249783 0.376028
1 0.538794 0.375000 0.248453 0.374242
1 0.538291 0.376524 0.248498 0.371593
1 0.535954 0.371430 0.248269 0.373096
1 0.545403 0.364838 0.249166 0.387899
1 0.542577 0.376068 0.253013 0.377399
1 0.541153 0.373590 0.248985 0.374536
1 0.539499 0.371440 0.248801 0.375833
1 0.536623 0.373081 0.249559 0.375926
1 0.537370 0.372559 0.250032 0.372448
1 0.540299 0.369057 0.249414 0.378515
1 0.538615 0.371927 0.250265 0.375249
1 0.538746 0.371014 0.252388 0.376672
1 0.536973 0.371692 0.249722 0.375123
1 0.539342 0.373115 0.250846 0.371444
1 0.538034 0.373802 0.257153 0.371295
1 0.536096 0.369408 0.255276 0.373248
1 0.534650 0.374755 0.256153 0.378000
1 0.535872 0.374786 0.253271 0.382173
1 0.542171 0.373525 0.254107 0.373474