1 0.542548 0.216588 0.196844 0.288951
1 0.542182 0.218836 0.197912 0.283003
1 0.541848 0.219550 0.194384 0.281462
1 0.542255 0.217644 0.196238 0.276303
1 0.546474 0.213635 0.193584 0.276541
1 0.540732 0.219140 0.199000 0.286984
1 0.543636 0.219001 0.198074 0.281037
1 0.541957 0.218627 0.197972 0.281852
1 0.541951 0.217360 0.198631 0.276467
1 0.542963 0.217728 0.196031 0.279976
1 0.542552 0.218767 0.199293 0.287518
1 0.542176 0.219156 0.201800 0.283827
1 0.541988 0.219895 0.203034 0.282637
1 0.541366 0.218388 0.198735 0.278117
1 0.542004 0.217730 0.199721 0.280219
1 0.544609 0.218301 0.197859 0.276074
1 0.542895 0.218333 0.200929 0.286931
1 0.541510 0.218132 0.200563 0.282797
1 0.542566 0.218432 0.199177 0.281722
1 0.541742 0.218189 0.195188 0.281091
1 0.541607 0.217997 0.195759 0.279684
1 0.544952 0.217617 0.198113 0.276535
1 0.542302 0.216722 0.200138 0.289447
1 0.541412 0.216281 0.199476 0.283145
1 0.543769 0.219107 0.199947 0.275872
1 0.542580 0.217171 0.198458 0.281815
1 0.541416 0.217443 0.199327 0.281844
1 0.544380 0.218013 0.198865 0.276313
1 0.542834 0.216720 0.202058 0.289947
1 0.543080 0.217406 0.200071 0.286568
1 0.543324 0.216812 0.202079 0.280094
1 0.542341 0.216105 0.200014 0.281036
1 0.542185 0.217134 0.195852 0.287446
1 0.546428 0.220224 0.194343 0.273708
1 0.537198 0.221313 0.205054 0.290109
1 0.540900 0.216047 0.200951 0.291643
1 0.542569 0.216813 0.201930 0.286170
1 0.541329 0.216111 0.198497 0.283634
1 0.542271 0.218827 0.195655 0.282369
1 0.538744 0.219686 0.206639 0.299817
1 0.543663 0.213089 0.203708 0.295782
1 0.543343 0.215882 0.200301 0.288305
1 0.541946 0.217370 0.206694 0.293747
1 0.543780 0.215491 0.206993 0.293821
1 0.537549 0.217454 0.206232 0.291926
1 0.540991 0.218393 0.203724 0.295047
1 0.541467 0.217273 0.203394 0.298323
1 0.543108 0.219252 0.202810 0.302603