1 0.484275 0.349949 0.356728 0.554906
1 0.484564 0.358348 0.361459 0.554873
1 0.486585 0.356509 0.366951 0.558112
1 0.485514 0.362837 0.362684 0.562782
1 0.484391 0.363806 0.362729 0.560282
1 0.485367 0.363298 0.368784 0.552447
1 0.490596 0.359293 0.368099 0.564458
1 0.486427 0.362364 0.364004 0.553678
1 0.487250 0.366134 0.368427 0.547698
1 0.486096 0.365184 0.371124 0.552574
1 0.486071 0.361486 0.368072 0.548424
1 0.486493 0.363149 0.372241 0.557255
1 0.492831 0.356501 0.369635 0.546167
1 0.486890 0.364707 0.365960 0.549492
1 0.487694 0.361855 0.364131 0.547440
1 0.488811 0.364053 0.366210 0.551897
1 0.487630 0.362630 0.369767 0.545623
1 0.487576 0.362167 0.369835 0.550568
1 0.488443 0.361594 0.363511 0.537076
1 0.488722 0.359593 0.368735 0.547615
1 0.486907 0.360981 0.370185 0.541488
1 0.487352 0.363419 0.369419 0.545080
1 0.486549 0.362356 0.373804 0.541963
1 0.487896 0.358646 0.371720 0.549827
1 0.486200 0.359652 0.368046 0.541850
1 0.489227 0.360467 0.369139 0.550624
1 0.488078 0.360463 0.370719 0.550053
1 0.488538 0.358784 0.369530 0.553145
1 0.487429 0.359761 0.371908 0.546911
1 0.488727 0.356760 0.372771 0.551714
1 0.490005 0.360238 0.370280 0.542681
1 0.489663 0.364701 0.370942 0.534197
1 0.486942 0.361695 0.367518 0.552463
1 0.489836 0.362640 0.370025 0.547567
1 0.487546 0.362157 0.365064 0.549923
1 0.487027 0.362813 0.368112 0.543169
1 0.489224 0.372212 0.369124 0.526639
1 0.487867 0.372119 0.368752 0.523395
1 0.487937 0.369996 0.365144 0.527220
1 0.491335 0.382928 0.364962 0.516872
1 0.485193 0.378287 0.369912 0.519706