1 0.513120 0.217264 0.138703 0.190898
1 0.513542 0.218167 0.139350 0.189799
1 0.513135 0.217828 0.137857 0.189864
1 0.514100 0.218617 0.137318 0.192520
1 0.513085 0.218844 0.137575 0.191486
1 0.515462 0.219186 0.134052 0.186764
1 0.513581 0.218588 0.136285 0.187612
1 0.517930 0.218803 0.133267 0.182618
1 0.514557 0.218350 0.137240 0.186002
1 0.514390 0.219053 0.138259 0.189021
1 0.510239 0.217372 0.141010 0.197543
1 0.513260 0.218445 0.136002 0.190769
1 0.514659 0.217874 0.137600 0.191219
1 0.515200 0.219349 0.136639 0.185894
1 0.513856 0.217308 0.137657 0.188266
1 0.517519 0.221015 0.134706 0.180867
1 0.515559 0.218229 0.136650 0.187735
1 0.514593 0.218213 0.138056 0.188859
1 0.517843 0.219318 0.137293 0.190603
1 0.514080 0.216684 0.137483 0.191641
1 0.513897 0.217420 0.139096 0.194220
1 0.514036 0.219341 0.134475 0.187993
1 0.512951 0.217480 0.136605 0.192998
1 0.516571 0.220972 0.133582 0.180486
1 0.514824 0.218687 0.136827 0.188550
1 0.515130 0.218401 0.137252 0.188310
1 0.511635 0.217884 0.138090 0.192764
1 0.512822 0.217165 0.136570 0.194843
1 0.514500 0.220727 0.133628 0.186875
1 0.512912 0.216963 0.137795 0.193760
1 0.514323 0.219111 0.136229 0.191930
1 0.516154 0.219735 0.137396 0.187350
1 0.513427 0.218790 0.141690 0.197552