1 0.491898 0.256615 0.125026 0.181365
1 0.492505 0.257115 0.122645 0.182253
1 0.491676 0.255721 0.124268 0.181814
1 0.493868 0.255143 0.122631 0.184237
1 0.490039 0.255402 0.123445 0.180199
1 0.491941 0.254020 0.123600 0.184106
1 0.493101 0.257572 0.127705 0.183013
1 0.492021 0.257057 0.125386 0.180523
1 0.491781 0.258697 0.125662 0.179794
1 0.491075 0.256561 0.124403 0.180500
1 0.492414 0.258369 0.124990 0.178645
1 0.491664 0.256946 0.124612 0.179890
1 0.491497 0.256833 0.123622 0.179778
1 0.492980 0.257879 0.127621 0.178365
1 0.493095 0.256573 0.127914 0.179711
1 0.491615 0.257392 0.124916 0.180049
1 0.491862 0.256057 0.124567 0.179754
1 0.492439 0.257966 0.123758 0.177407
1 0.492490 0.256173 0.122881 0.177368
1 0.491693 0.257237 0.123381 0.179992
1 0.495392 0.258194 0.128283 0.186375
1 0.493257 0.257106 0.128105 0.176644
1 0.492359 0.257778 0.126108 0.180799
1 0.491931 0.258226 0.124209 0.180802
1 0.492334 0.257272 0.123966 0.179076
1 0.492716 0.259303 0.122586 0.175995
1 0.491624 0.257941 0.123275 0.177991
1 0.493020 0.258491 0.123743 0.178930
1 0.493159 0.259150 0.128074 0.181757
1 0.491822 0.262664 0.120015 0.174090
1 0.492770 0.258542 0.125514 0.181256
1 0.493745 0.258739 0.125988 0.179256