1 0.514860 0.135825 0.063587 0.087324
1 0.514950 0.136241 0.063727 0.088375
1 0.514371 0.135373 0.064543 0.088355
1 0.515300 0.134835 0.064225 0.088977
1 0.514764 0.136076 0.066039 0.088761
1 0.515652 0.134996 0.064767 0.088581
1 0.515060 0.136434 0.065518 0.088036
1 0.515978 0.135419 0.065100 0.089455
1 0.515704 0.135304 0.064524 0.091813
1 0.515924 0.133286 0.064755 0.092669
1 0.516020 0.135261 0.064833 0.092422
1 0.516125 0.135186 0.065391 0.092116
1 0.515701 0.135058 0.065014 0.091543
1 0.516226 0.136392 0.066203 0.093850
1 0.516615 0.137748 0.066166 0.091708