1 0.553196 0.388928 0.330370 0.426094
1 0.555102 0.387356 0.322758 0.423423
1 0.554089 0.386737 0.315000 0.407984
1 0.554639 0.388852 0.314577 0.394620
1 0.553127 0.390504 0.317758 0.407103
1 0.553090 0.388986 0.316316 0.409766
1 0.552575 0.386626 0.321550 0.414880
1 0.555124 0.388995 0.317758 0.406826
1 0.554000 0.385308 0.314379 0.401321
1 0.554222 0.384721 0.315773 0.408967
1 0.552867 0.388513 0.312486 0.410549
1 0.550379 0.385112 0.324544 0.415218
1 0.553640 0.386268 0.324492 0.404604
1 0.552089 0.385475 0.315934 0.413587
1 0.550373 0.387738 0.314095 0.405935
1 0.553299 0.388906 0.316162 0.407597
1 0.553477 0.387288 0.313187 0.405864
1 0.546599 0.386303 0.324941 0.412170
1 0.550067 0.387271 0.328961 0.413413
1 0.551736 0.383552 0.317379 0.413652
1 0.549827 0.387573 0.313962 0.407794
1 0.549481 0.386384 0.319206 0.415988
1 0.550740 0.385935 0.321388 0.405788
1 0.550694 0.383172 0.327614 0.417144
1 0.551051 0.385228 0.319209 0.418144
1 0.548422 0.381729 0.317333 0.418268
1 0.552712 0.383059 0.318761 0.410910
1 0.550580 0.382633 0.321353 0.408207
1 0.550128 0.384224 0.324724 0.420360
1 0.549580 0.382572 0.321190 0.418941
1 0.556442 0.394021 0.320398 0.410164