1 0.605476 0.469512 0.430750 0.603480
1 0.610982 0.473124 0.435447 0.605484
1 0.614129 0.475227 0.447464 0.600052
1 0.606069 0.470770 0.434568 0.607680
1 0.606751 0.476649 0.435707 0.604712
1 0.609735 0.474426 0.436103 0.608230
1 0.605206 0.472661 0.446966 0.607358
1 0.610386 0.478905 0.440832 0.606761
1 0.611275 0.475334 0.449605 0.608245
1 0.610095 0.471801 0.439038 0.611060
1 0.610687 0.469904 0.454407 0.620211
1 0.612896 0.477757 0.437730 0.620701
1 0.610363 0.468831 0.443357 0.632224
1 0.611980 0.479877 0.450638 0.583726
1 0.602314 0.476916 0.446854 0.594804
1 0.605895 0.481307 0.433259 0.591624
1 0.610456 0.473377 0.440916 0.593797
1 0.608536 0.477482 0.432785 0.596453
1 0.614665 0.476668 0.445658 0.588314
1 0.611096 0.477859 0.449568 0.594711
1 0.611508 0.475902 0.436204 0.591353
1 0.612212 0.471997 0.438864 0.599242
1 0.609196 0.470113 0.439753 0.585730
1 0.609397 0.469334 0.444800 0.595890
1 0.610917 0.472590 0.434968 0.591135
1 0.607152 0.471689 0.443060 0.611648
1 0.613470 0.470801 0.436003 0.614073
1 0.611325 0.463367 0.448329 0.622925
1 0.609273 0.484168 0.448207 0.589825
1 0.604833 0.479787 0.450066 0.584450
1 0.605948 0.478824 0.438806 0.596162
1 0.611310 0.476383 0.443831 0.587325
1 0.609090 0.478518 0.437815 0.593844
1 0.615482 0.474838 0.449409 0.581526
1 0.612428 0.477911 0.449949 0.590346
1 0.615371 0.473337 0.448595 0.591585
1 0.616525 0.471522 0.448774 0.593446
1 0.612898 0.472389 0.448930 0.592203
1 0.611225 0.474532 0.448171 0.592410
1 0.612395 0.474396 0.438311 0.594611
1 0.608982 0.476776 0.441994 0.608365
1 0.608475 0.476826 0.441229 0.603688
1 0.602451 0.472952 0.446544 0.612140
1 0.611436 0.483738 0.451396 0.589942
1 0.604898 0.480391 0.448765 0.586474
1 0.604871 0.475290 0.444502 0.603904
1 0.608475 0.474798 0.444405 0.591064
1 0.606567 0.473730 0.446106 0.612670
1 0.612191 0.473320 0.441238 0.586039
1 0.609279 0.475096 0.451548 0.609943
1 0.611224 0.474827 0.449578 0.586071
1 0.614101 0.475924 0.455675 0.599217
1 0.614024 0.471040 0.460268 0.604107
1 0.616214 0.475683 0.455099 0.609597
1 0.611693 0.470383 0.449023 0.591128
1 0.606296 0.473190 0.449301 0.607216
1 0.602060 0.473162 0.445577 0.602128
1 0.605479 0.471259 0.453777 0.611620
1 0.613087 0.480389 0.453249 0.586351
1 0.606852 0.482012 0.456213 0.586400
1 0.606568 0.475917 0.449088 0.597607
1 0.607172 0.476975 0.452377 0.586966
1 0.604828 0.472537 0.450843 0.602064
1 0.610665 0.474225 0.447477 0.587641
1 0.609734 0.474888 0.455564 0.604369
1 0.609831 0.470697 0.456607 0.595388
1 0.612098 0.470871 0.459500 0.601069
1 0.611523 0.469087 0.459937 0.609755
1 0.610909 0.472997 0.454842 0.612211
1 0.607245 0.472448 0.455411 0.597200
1 0.603572 0.468470 0.454809 0.609003
1 0.601119 0.470458 0.456996 0.613054
1 0.608339 0.470878 0.464383 0.605864
1 0.608142 0.488549 0.454852 0.576657
1 0.604648 0.490417 0.459639 0.571848
1 0.611004 0.484618 0.452903 0.578534
1 0.610627 0.482900 0.457828 0.575079
1 0.609811 0.480116 0.455734 0.585012
1 0.609449 0.483409 0.454716 0.574228
1 0.608794 0.484082 0.463197 0.589561
1 0.611716 0.483130 0.458779 0.580367
1 0.610695 0.484435 0.465070 0.589861
1 0.610476 0.481570 0.461137 0.582134
1 0.608951 0.483596 0.464821 0.594563
1 0.609721 0.481676 0.462923 0.577212
1 0.609782 0.475872 0.460483 0.590393
1 0.607540 0.477924 0.469454 0.585349
1 0.617616 0.476749 0.465787 0.591223
1 0.613597 0.482419 0.460819 0.585395
1 0.609206 0.480867 0.460503 0.579730
1 0.610562 0.478300 0.463215 0.591132
1 0.614222 0.480773 0.461047 0.583762
1 0.615251 0.484475 0.472506 0.601916
1 0.611077 0.482349 0.457726 0.585480
1 0.609963 0.485554 0.467737 0.600606
1 0.609276 0.480784 0.459382 0.587686
1 0.609088 0.479736 0.466017 0.598413
1 0.607871 0.480381 0.475016 0.588250
1 0.607130 0.483369 0.471167 0.592917
1 0.609988 0.488069 0.449686 0.583815
1 0.612577 0.484485 0.455917 0.584677