1 0.862193 0.314265 0.048112 0.067196
1 0.863457 0.313915 0.049054 0.065633
1 0.862541 0.315244 0.048184 0.060898
1 0.862508 0.315233 0.048032 0.060438
1 0.861461 0.315892 0.046986 0.060349
1 0.862442 0.314692 0.047222 0.062588
1 0.862445 0.314369 0.046794 0.060963
1 0.862999 0.315662 0.047495 0.059499
1 0.862674 0.315363 0.046738 0.060623
1 0.862407 0.315310 0.047116 0.059892
1 0.511692 0.180065 0.146693 0.209200
1 0.512134 0.180004 0.144753 0.209726
1 0.513068 0.178607 0.139751 0.205200
1 0.513635 0.180351 0.144997 0.205598
1 0.514393 0.180991 0.143290 0.200597
1 0.513811 0.183110 0.141802 0.203906
1 0.512371 0.184511 0.140714 0.202000
1 0.511374 0.183749 0.144281 0.205416
1 0.513805 0.183642 0.144431 0.200018
1 0.513111 0.183972 0.143153 0.200534
1 0.515285 0.187716 0.135867 0.192293
1 0.513217 0.184031 0.142229 0.203460
1 0.511803 0.183327 0.140785 0.199356
1 0.511894 0.184707 0.142479 0.201059
1 0.511538 0.185337 0.152283 0.209311
1 0.513515 0.183314 0.143849 0.198266
1 0.513821 0.184341 0.147112 0.202500
1 0.513097 0.184220 0.146089 0.204114
1 0.512397 0.185142 0.143402 0.200426
1 0.512397 0.185198 0.142741 0.201942
1 0.512817 0.186853 0.145991 0.206944
1 0.514054 0.182715 0.146820 0.201724
1 0.512738 0.183649 0.146870 0.204621
1 0.511972 0.183292 0.144257 0.201826
1 0.512690 0.184790 0.143180 0.199546
1 0.513268 0.184844 0.143359 0.200580
1 0.512211 0.185319 0.148477 0.202518
1 0.512317 0.183965 0.148552 0.205091
1 0.512543 0.184319 0.146270 0.204176
1 0.512160 0.183817 0.144547 0.203612
1 0.514329 0.186223 0.146606 0.201693