1 0.623374 0.373908 0.374503 0.515512
1 0.622245 0.377415 0.366268 0.504970
1 0.621224 0.380202 0.374198 0.502848
1 0.623313 0.377983 0.374076 0.502153
1 0.621656 0.368132 0.369861 0.491727
1 0.623807 0.373310 0.374021 0.487888
1 0.621364 0.372726 0.378744 0.488353
1 0.619018 0.371668 0.375790 0.487188
1 0.622232 0.370793 0.371633 0.487216
1 0.612846 0.372025 0.364955 0.489107
1 0.621607 0.371978 0.373268 0.498670
1 0.624606 0.372987 0.373232 0.492671
1 0.620558 0.372240 0.375674 0.492702
1 0.621548 0.372199 0.374922 0.484982
1 0.620716 0.373476 0.375847 0.491567
1 0.625694 0.369474 0.365922 0.475287
1 0.615295 0.371689 0.365245 0.491897
1 0.621509 0.369136 0.374754 0.495603
1 0.621534 0.371798 0.371872 0.494961
1 0.619161 0.372071 0.374297 0.488575
1 0.620799 0.370812 0.373586 0.492902
1 0.620983 0.372474 0.380406 0.490731
1 0.621894 0.370473 0.377465 0.477787
1 0.614356 0.373284 0.364780 0.491580
1 0.619508 0.369429 0.372835 0.502643
1 0.623720 0.371903 0.376847 0.494592
1 0.620202 0.373338 0.372044 0.491942
1 0.621322 0.371949 0.373545 0.489716
1 0.622631 0.372568 0.375362 0.484930
1 0.626289 0.371131 0.385453 0.470500
1 0.621280 0.370655 0.378534 0.497947
1 0.622446 0.370490 0.377668 0.497371
1 0.623427 0.369780 0.373896 0.498434
1 0.621150 0.369203 0.376398 0.496973
1 0.624581 0.369699 0.371913 0.495458
1 0.622644 0.364592 0.383235 0.509333
1 0.620855 0.364884 0.376400 0.510335
1 0.622842 0.368237 0.380758 0.506783