1 0.319777 0.318617 0.223708 0.377917
1 0.314753 0.324242 0.229967 0.375982
1 0.318277 0.327656 0.225467 0.379158
1 0.320533 0.330324 0.221169 0.377625
1 0.316307 0.331009 0.231306 0.385521
1 0.318652 0.331942 0.229620 0.389714
1 0.317872 0.334578 0.223219 0.380936
1 0.320431 0.333984 0.221235 0.386256
1 0.309454 0.333923 0.238143 0.377386
1 0.315313 0.332126 0.225907 0.383282
1 0.317692 0.332287 0.226012 0.388366
1 0.317394 0.335302 0.223175 0.389963
1 0.320614 0.337022 0.222569 0.389058
1 0.807285 0.392028 0.219907 0.318358
1 0.314453 0.331691 0.222672 0.378122
1 0.317740 0.330529 0.222401 0.381016
1 0.317293 0.332089 0.220745 0.384132
1 0.321020 0.334997 0.219835 0.382435
1 0.805042 0.391724 0.231178 0.325586
1 0.806822 0.399169 0.226463 0.318115
1 0.804095 0.400476 0.221120 0.314632
1 0.804387 0.397809 0.223957 0.321799
1 0.312989 0.332315 0.225288 0.386168
1 0.317499 0.331885 0.222753 0.384139
1 0.318384 0.333360 0.222502 0.384577
1 0.323187 0.334719 0.222358 0.379111
1 0.806224 0.396834 0.226535 0.312220
1 0.804669 0.396809 0.226561 0.315630
1 0.803646 0.397992 0.226282 0.317875
1 0.804626 0.397662 0.225955 0.321126
1 0.806080 0.395751 0.226942 0.313424
1 0.310997 0.333151 0.237559 0.379870
1 0.313327 0.332481 0.227897 0.382457
1 0.316767 0.332520 0.224832 0.386073
1 0.318427 0.333745 0.225896 0.389244
1 0.323298 0.335733 0.221154 0.379425
1 0.803516 0.397134 0.234883 0.305462
1 0.804925 0.397620 0.224830 0.315372
1 0.804953 0.395813 0.226495 0.317066
1 0.804862 0.397514 0.225214 0.319483
1 0.803945 0.397493 0.223150 0.317048
1 0.806082 0.396557 0.226853 0.312335
1 0.310631 0.331708 0.233140 0.374740
1 0.315699 0.329986 0.227437 0.384951
1 0.316503 0.331126 0.229976 0.376564
1 0.318089 0.332711 0.234896 0.390921
1 0.323341 0.334621 0.227771 0.379962
1 0.802812 0.399930 0.232047 0.302811
1 0.804607 0.397017 0.223992 0.316260
1 0.804806 0.395091 0.225704 0.317943
1 0.804674 0.396824 0.223445 0.317925
1 0.803922 0.396340 0.224902 0.315736
1 0.806419 0.396555 0.225918 0.314438
1 0.307306 0.334405 0.231163 0.364565
1 0.313561 0.328319 0.230797 0.384892
1 0.316687 0.330367 0.228007 0.383680
1 0.316851 0.332994 0.231176 0.382045
1 0.321977 0.333785 0.224053 0.371579
1 0.803067 0.400365 0.231363 0.305836
1 0.803489 0.395797 0.226687 0.314251
1 0.804808 0.395971 0.227602 0.312479
1 0.804626 0.396633 0.226578 0.318862
1 0.804447 0.395906 0.229733 0.316053
1 0.805442 0.396251 0.228464 0.313762
1 0.311409 0.331860 0.230439 0.383874
1 0.316352 0.330474 0.225069 0.388003
1 0.318448 0.333791 0.224891 0.386052
1 0.801860 0.400430 0.233864 0.312195
1 0.802446 0.397873 0.227212 0.315097
1 0.803674 0.396951 0.229682 0.310184
1 0.804551 0.396448 0.228139 0.315832
1 0.804857 0.396679 0.230424 0.317943
1 0.804679 0.396031 0.227051 0.306929
1 0.803007 0.395111 0.232575 0.318664
1 0.803409 0.394665 0.231187 0.311053
1 0.803117 0.395100 0.229056 0.314862
1 0.804377 0.395120 0.232309 0.312771
1 0.806023 0.399432 0.229272 0.301882
1 0.802850 0.394925 0.232108 0.318474
1 0.801459 0.396038 0.228089 0.319993
1 0.805430 0.399091 0.226140 0.308704
1 0.313230 0.328322 0.232280 0.389971
1 0.310398 0.331304 0.228313 0.379435
1 0.317673 0.331749 0.224738 0.388637
1 0.319102 0.333420 0.220661 0.382703
1 0.318264 0.334498 0.224921 0.379726
1 0.318564 0.333093 0.230167 0.384804
1 0.314919 0.336504 0.225432 0.380788
1 0.317253 0.337270 0.223910 0.372838
1 0.318779 0.334756 0.222014 0.369663
1 0.317030 0.331198 0.218688 0.380112
1 0.310464 0.329401 0.223981 0.385341
1 0.803029 0.402203 0.234832 0.324515
1 0.801644 0.401359 0.235228 0.327521
1 0.805379 0.399873 0.232750 0.326916
1 0.805802 0.399847 0.230063 0.324840
1 0.316795 0.334982 0.231154 0.376351
1 0.316493 0.335789 0.228988 0.375621
1 0.314802 0.333936 0.225550 0.374261
1 0.322515 0.332378 0.219998 0.380383
1 0.313107 0.335521 0.227684 0.384794
1 0.802443 0.402126 0.233151 0.317150
1 0.803222 0.402556 0.227996 0.318302
1 0.803257 0.400446 0.232713 0.315530
1 0.807760 0.399971 0.230779 0.310642
1 0.807630 0.394722 0.234490 0.323837
1 0.311245 0.340839 0.237698 0.363134
1 0.316496 0.336282 0.242431 0.377989
1 0.314525 0.332303 0.229099 0.379408
1 0.317955 0.332749 0.229870 0.374295
1 0.803673 0.401661 0.231927 0.315539
1 0.803647 0.401908 0.225434 0.308209
1 0.805470 0.402258 0.229955 0.310331
1 0.800602 0.399160 0.230549 0.312059
1 0.808736 0.397892 0.231676 0.321500
1 0.803062 0.401473 0.235798 0.316538
1 0.801049 0.400928 0.231041 0.314574
1 0.801788 0.402862 0.228737 0.314766
1 0.801061 0.396895 0.231884 0.314450