1 0.577709 0.235341 0.064262 0.090650
1 0.577432 0.235422 0.065908 0.089482
1 0.577750 0.234613 0.065892 0.088632
1 0.577562 0.234105 0.065572 0.088958
1 0.577684 0.234272 0.064840 0.089951
1 0.577726 0.233755 0.064858 0.089048
1 0.577620 0.235119 0.065663 0.087572
1 0.578087 0.233859 0.065384 0.089527
1 0.577674 0.234260 0.066224 0.092384
1 0.577172 0.235037 0.065053 0.092025
1 0.577088 0.235374 0.066582 0.091442
1 0.577365 0.234729 0.065629 0.091488
1 0.576920 0.234392 0.066213 0.094727
1 0.578110 0.234866 0.067297 0.092258
1 0.577115 0.235070 0.066330 0.092821