1 0.517536 0.413848 0.309006 0.451675
1 0.517760 0.414401 0.307630 0.449685
1 0.517574 0.413297 0.315167 0.456817
1 0.515169 0.409686 0.309477 0.450711
1 0.516444 0.410733 0.314482 0.442478
1 0.516459 0.408296 0.311760 0.441757
1 0.517127 0.408159 0.314597 0.441071
1 0.516299 0.407384 0.311335 0.449222
1 0.514844 0.408110 0.312427 0.445693
1 0.516476 0.407991 0.312385 0.444498
1 0.515766 0.410630 0.313233 0.442801
1 0.517509 0.409560 0.314341 0.436900
1 0.516308 0.409021 0.313733 0.438270
1 0.515115 0.409590 0.314360 0.438723
1 0.516116 0.411200 0.311793 0.436607
1 0.515705 0.407565 0.311940 0.440168
1 0.516075 0.412304 0.309774 0.438841
1 0.516177 0.410668 0.316491 0.441379
1 0.517307 0.409910 0.316221 0.438310
1 0.518072 0.408135 0.312510 0.436973
1 0.519426 0.411893 0.312815 0.429901
1 0.518645 0.411100 0.311087 0.437222
1 0.516916 0.411931 0.311864 0.439827
1 0.517695 0.411160 0.317982 0.441500
1 0.516702 0.409287 0.316077 0.431704
1 0.518831 0.410469 0.312867 0.435588
1 0.516581 0.413169 0.314005 0.435435
1 0.515525 0.411504 0.313817 0.443203
1 0.516015 0.408760 0.315299 0.441589
1 0.518277 0.409185 0.314959 0.439867
1 0.514131 0.418367 0.310005 0.434083
1 0.514658 0.414868 0.318500 0.438243