1 0.782232 0.404725 0.256613 0.406931
1 0.779870 0.405683 0.255494 0.410258
1 0.781505 0.404786 0.260385 0.404326
1 0.772960 0.403439 0.282650 0.437317
1 0.773321 0.405476 0.282262 0.431461
1 0.773135 0.404929 0.277992 0.434367
1 0.773075 0.408167 0.274008 0.452773
1 0.779553 0.411248 0.276578 0.450580
1 0.781337 0.411639 0.276226 0.450713
1 0.773775 0.407811 0.275384 0.446650
1 0.776042 0.405175 0.283077 0.454517
1 0.775072 0.404520 0.272428 0.427303
1 0.780991 0.407413 0.277814 0.428703
1 0.781994 0.408093 0.274170 0.443544
1 0.777471 0.407943 0.274830 0.440566
1 0.777766 0.405561 0.277601 0.436352
1 0.787796 0.402952 0.286051 0.439822
1 0.766995 0.411320 0.279826 0.430871
1 0.773817 0.410652 0.274371 0.435532
1 0.777111 0.406233 0.280677 0.442376
1 0.779417 0.406115 0.279967 0.439831
1 0.778700 0.409932 0.272934 0.436327
1 0.776059 0.410054 0.280948 0.441820
1 0.786949 0.407831 0.284260 0.429255
1 0.772833 0.410842 0.278433 0.439062
1 0.774022 0.406401 0.285180 0.439687
1 0.778116 0.404624 0.282595 0.444338
1 0.775682 0.406882 0.280901 0.428820
1 0.780808 0.409966 0.292726 0.438055
1 0.767309 0.418340 0.288275 0.423397
1 0.767786 0.407109 0.287538 0.440360
1 0.771469 0.409079 0.290158 0.434820
1 0.776528 0.406248 0.288907 0.436213
1 0.769722 0.421028 0.300101 0.425661