1 0.503215 0.335706 0.133814 0.182351
1 0.504964 0.337552 0.134163 0.182506
1 0.503789 0.337194 0.133876 0.182629
1 0.504244 0.337651 0.132280 0.183571
1 0.501276 0.333879 0.135263 0.191150
1 0.504082 0.338239 0.132263 0.181140
1 0.504589 0.338717 0.131739 0.179198
1 0.504177 0.340806 0.132734 0.182228
1 0.504362 0.340239 0.129765 0.178075
1 0.502999 0.339534 0.134435 0.182406
1 0.502711 0.339423 0.133463 0.179227
1 0.504952 0.337619 0.134232 0.183546
1 0.503080 0.337698 0.135098 0.189743
1 0.503445 0.338843 0.132742 0.181145
1 0.503846 0.340608 0.132643 0.177894
1 0.502682 0.340021 0.133523 0.181672
1 0.504259 0.340639 0.131679 0.179878
1 0.504386 0.339858 0.134714 0.182232
1 0.502765 0.339093 0.134371 0.181897
1 0.505094 0.340930 0.132450 0.182844
1 0.500363 0.336753 0.134659 0.184847
1 0.503966 0.338372 0.131509 0.178598
1 0.503613 0.340285 0.131141 0.180389
1 0.503327 0.339314 0.130847 0.181302
1 0.504235 0.340874 0.130850 0.180838
1 0.503111 0.340400 0.132279 0.180802
1 0.504225 0.339686 0.134240 0.181516
1 0.505638 0.341227 0.133245 0.179157
1 0.503925 0.338393 0.132800 0.182461
1 0.503768 0.343010 0.130400 0.176708
1 0.504079 0.339602 0.133075 0.182982
1 0.504364 0.343137 0.129983 0.176243
1 0.503463 0.341499 0.133055 0.181345
1 0.504780 0.340673 0.132979 0.179880