1 0.572198 0.388008 0.370294 0.480573
1 0.573782 0.393440 0.375257 0.481773
1 0.574553 0.388734 0.373704 0.491663
1 0.572132 0.386403 0.361553 0.485002
1 0.576733 0.391056 0.369730 0.475318
1 0.576122 0.391571 0.372115 0.487294
1 0.575222 0.388489 0.378277 0.486888
1 0.576216 0.384196 0.371669 0.495299
1 0.563671 0.387296 0.364762 0.479419
1 0.575500 0.386225 0.363055 0.466524
1 0.578234 0.385224 0.377804 0.465762
1 0.576536 0.383250 0.373429 0.473184
1 0.576300 0.383368 0.374207 0.471974
1 0.577542 0.384038 0.373063 0.478129
1 0.581627 0.378829 0.366699 0.488220
1 0.566836 0.390250 0.364704 0.468096
1 0.575281 0.384791 0.372260 0.472429
1 0.577815 0.385868 0.371091 0.474200
1 0.575396 0.383600 0.371993 0.478284
1 0.578551 0.384411 0.380431 0.476371
1 0.575684 0.383730 0.379203 0.478090
1 0.576575 0.382215 0.378795 0.480529
1 0.567076 0.391038 0.364138 0.472064
1 0.573106 0.383144 0.371338 0.472177
1 0.576309 0.385966 0.377056 0.470645
1 0.575919 0.385999 0.376233 0.477527
1 0.574575 0.383062 0.374770 0.473164
1 0.577296 0.381003 0.381498 0.478169
1 0.577987 0.384894 0.382702 0.470679
1 0.573362 0.382932 0.370813 0.472998
1 0.577675 0.383041 0.379660 0.485234
1 0.579930 0.380659 0.377076 0.482174
1 0.577883 0.381563 0.379866 0.483307
1 0.578735 0.382764 0.381156 0.482977
1 0.577534 0.389080 0.384447 0.475586
1 0.578299 0.390137 0.379647 0.473007
1 0.579345 0.384070 0.381763 0.482516
1 0.576617 0.391508 0.383155 0.465250