1 0.525997 0.336585 0.414525 0.492994
1 0.527691 0.338653 0.436435 0.499195
1 0.530549 0.336332 0.439237 0.513109
1 0.525230 0.348704 0.436297 0.515036
1 0.526891 0.353943 0.436848 0.531366
1 0.523728 0.356145 0.444057 0.517136
1 0.528802 0.351832 0.442870 0.523985
1 0.527084 0.335670 0.442338 0.520404
1 0.521235 0.349731 0.442635 0.509821
1 0.522135 0.348964 0.456215 0.524024
1 0.523115 0.349484 0.440021 0.505258
1 0.525150 0.343198 0.457690 0.524184
1 0.526857 0.353676 0.421474 0.499822
1 0.525327 0.347052 0.432572 0.501894
1 0.521405 0.341246 0.435044 0.504333
1 0.525643 0.327388 0.442647 0.501424
1 0.524440 0.353052 0.420602 0.499474
1 0.523500 0.353167 0.431964 0.509763
1 0.528576 0.345446 0.447898 0.527170
1 0.530406 0.354944 0.441487 0.503572
1 0.535824 0.345954 0.462981 0.531390
1 0.530781 0.356241 0.431629 0.504840
1 0.527024 0.347553 0.430454 0.506831
1 0.518452 0.340810 0.423660 0.503540
1 0.517235 0.335602 0.452192 0.494986
1 0.523248 0.353749 0.422586 0.489350
1 0.528787 0.358355 0.442096 0.501334
1 0.539012 0.350992 0.456863 0.513566
1 0.525763 0.358938 0.441744 0.502650
1 0.535998 0.352285 0.465192 0.522154
1 0.528921 0.358558 0.432350 0.492661
1 0.525897 0.353491 0.425069 0.497177
1 0.519781 0.345022 0.419024 0.500763
1 0.515790 0.340337 0.442966 0.482768
1 0.514041 0.359512 0.433162 0.487009
1 0.525239 0.347695 0.473609 0.528767
1 0.526600 0.359866 0.458021 0.495906
1 0.537410 0.359732 0.474954 0.502250
1 0.524632 0.357015 0.447521 0.496543
1 0.533605 0.355858 0.473431 0.509524
1 0.523267 0.355590 0.440770 0.497974
1 0.521152 0.347329 0.438678 0.505383
1 0.515651 0.346454 0.431617 0.500432
1 0.515818 0.355275 0.444824 0.486172
1 0.515090 0.354045 0.435298 0.487871
1 0.509169 0.349134 0.432611 0.506546
1 0.515810 0.353155 0.434171 0.512914
1 0.518126 0.361020 0.427635 0.498786
1 0.508447 0.342284 0.433447 0.503965
1 0.511783 0.339360 0.430988 0.512573
1 0.517527 0.352749 0.421825 0.504626