1 0.640672 0.203571 0.153707 0.226775
1 0.640622 0.204495 0.154192 0.226712
1 0.642007 0.203363 0.151813 0.225791
1 0.640104 0.202444 0.153225 0.224941
1 0.640444 0.201829 0.153468 0.222711
1 0.641491 0.203191 0.154792 0.227102
1 0.641633 0.202618 0.153848 0.223925
1 0.640845 0.202617 0.152857 0.225978
1 0.641687 0.204523 0.155428 0.226080
1 0.641268 0.203801 0.154889 0.225100
1 0.641510 0.203707 0.154743 0.226499
1 0.640745 0.203573 0.156046 0.222742
1 0.640561 0.204322 0.153751 0.224620
1 0.641412 0.203474 0.157871 0.229039
1 0.638434 0.206984 0.160366 0.227013
1 0.642099 0.202703 0.154040 0.222035
1 0.640985 0.204301 0.156996 0.222313
1 0.641556 0.203424 0.156463 0.221576
1 0.641113 0.204316 0.157745 0.222198
1 0.641145 0.203493 0.157198 0.223396
1 0.640910 0.204852 0.160050 0.223494
1 0.212688 0.274901 0.093798 0.125759
1 0.641950 0.202675 0.156471 0.223987
1 0.640992 0.202988 0.157925 0.225609
1 0.639757 0.202074 0.156675 0.222459
1 0.641008 0.204350 0.156355 0.220752
1 0.641316 0.203821 0.157096 0.224615
1 0.213029 0.274390 0.094639 0.127523
1 0.213077 0.273854 0.095464 0.127276
1 0.212462 0.275017 0.093593 0.126804
1 0.640736 0.203627 0.155914 0.219677
1 0.640853 0.203157 0.157685 0.220438
1 0.641568 0.204182 0.157962 0.222579
1 0.642191 0.205096 0.158527 0.218895
1 0.212993 0.273873 0.096567 0.128383
1 0.212741 0.273741 0.095753 0.127064
1 0.213284 0.273668 0.095925 0.127973
1 0.640715 0.207277 0.162708 0.217930
1 0.639992 0.205934 0.161156 0.218414
1 0.212826 0.274243 0.095715 0.127781