1 0.465807 0.378016 0.254303 0.351704
1 0.466539 0.379521 0.253512 0.352471
1 0.466802 0.379649 0.251274 0.348951
1 0.465012 0.378396 0.248709 0.353481
1 0.468644 0.382015 0.250124 0.349248
1 0.466896 0.382077 0.253134 0.349264
1 0.467822 0.381986 0.252038 0.343167
1 0.469338 0.381248 0.251708 0.340995
1 0.466441 0.379249 0.248781 0.342162
1 0.468756 0.380757 0.252064 0.344724
1 0.467409 0.379157 0.251538 0.343717
1 0.468323 0.380931 0.253677 0.340556
1 0.469063 0.380786 0.252250 0.338691
1 0.466412 0.381203 0.249207 0.335557
1 0.468253 0.380392 0.249826 0.345422
1 0.468226 0.378894 0.253047 0.343831
1 0.468833 0.379199 0.251060 0.344271
1 0.468235 0.379972 0.250891 0.343791
1 0.466438 0.381227 0.251010 0.334892
1 0.467725 0.380781 0.249226 0.344402
1 0.468294 0.379731 0.249996 0.347918
1 0.469011 0.378755 0.251113 0.348480
1 0.468739 0.380296 0.252700 0.345220
1 0.466179 0.380431 0.249808 0.337214
1 0.467650 0.379144 0.248019 0.345778
1 0.468775 0.380579 0.250666 0.346503
1 0.468256 0.379432 0.249518 0.348098
1 0.469535 0.381785 0.252350 0.343239
1 0.466347 0.380956 0.250041 0.337658
1 0.467078 0.379410 0.248597 0.348692
1 0.467803 0.379616 0.251247 0.348006
1 0.467421 0.379432 0.249396 0.347927
1 0.468173 0.382188 0.249119 0.344331
1 0.468326 0.379796 0.251924 0.346629
1 0.467565 0.380356 0.250132 0.347586
1 0.466711 0.379715 0.250573 0.348776
1 0.469483 0.382237 0.251788 0.345351
1 0.468547 0.385113 0.244181 0.344949
1 0.469260 0.388335 0.247272 0.339458
1 0.471915 0.381616 0.254984 0.347616
1 0.470128 0.377057 0.255892 0.348776
1 0.467439 0.379788 0.253661 0.344269
1 0.464960 0.384441 0.245474 0.344070
1 0.469646 0.380921 0.249003 0.341709
1 0.469382 0.383270 0.251276 0.345958
1 0.467184 0.383011 0.247584 0.343868
1 0.472135 0.379356 0.249452 0.337747
1 0.466478 0.382338 0.251726 0.348051
1 0.467812 0.380625 0.252340 0.342310
1 0.468128 0.380196 0.252080 0.341483
1 0.466772 0.382757 0.248935 0.346897
1 0.467283 0.382157 0.251250 0.339417
1 0.466327 0.382934 0.244522 0.338548
1 0.470177 0.381908 0.248253 0.342401
1 0.470390 0.381223 0.246226 0.335132
1 0.466685 0.382583 0.249756 0.343573
1 0.466751 0.382269 0.247582 0.340856
1 0.464241 0.385957 0.251693 0.339742
1 0.468403 0.382362 0.256053 0.346045
1 0.469294 0.382198 0.248480 0.341448
1 0.467820 0.383246 0.251522 0.344575