1 0.410448 0.299735 0.256073 0.347129
1 0.410546 0.297797 0.257881 0.347931
1 0.410710 0.296818 0.261101 0.347469
1 0.408468 0.301406 0.261887 0.342755
1 0.411377 0.299661 0.259373 0.340178
1 0.410430 0.297616 0.265029 0.342764
1 0.410616 0.298225 0.264853 0.340252
1 0.411504 0.297849 0.263082 0.335667
1 0.409731 0.301111 0.261015 0.341298
1 0.409696 0.297400 0.259167 0.340420
1 0.411060 0.296944 0.266096 0.338879
1 0.410260 0.297531 0.261472 0.335181
1 0.411242 0.297003 0.262375 0.334145
1 0.409539 0.299608 0.260112 0.340058
1 0.409630 0.298817 0.262179 0.341883
1 0.411033 0.296271 0.265875 0.335645
1 0.410532 0.294829 0.264522 0.337204
1 0.412388 0.295112 0.262836 0.339623
1 0.409317 0.299481 0.260332 0.334839
1 0.410665 0.298860 0.264259 0.337667
1 0.409278 0.297900 0.265274 0.340410
1 0.409268 0.296564 0.266608 0.340090
1 0.411966 0.295194 0.263163 0.335619
1 0.408373 0.299526 0.261113 0.339540
1 0.410295 0.297902 0.263190 0.343369
1 0.410181 0.297299 0.265588 0.341606
1 0.409244 0.296244 0.265179 0.340770
1 0.411387 0.295685 0.261780 0.337292
1 0.408142 0.298498 0.262481 0.340088
1 0.410790 0.297642 0.266244 0.343677
1 0.410542 0.296465 0.264885 0.346652
1 0.410405 0.296309 0.264758 0.346518
1 0.412024 0.296159 0.264700 0.343178
1 0.410538 0.297883 0.262545 0.346062
1 0.409803 0.298194 0.262857 0.344271
1 0.411303 0.299246 0.265316 0.343953
1 0.411585 0.294896 0.266485 0.352729
1 0.410097 0.300763 0.261866 0.346229
1 0.411719 0.300325 0.265813 0.339404
1 0.412296 0.301775 0.261827 0.339025
1 0.411866 0.298521 0.265447 0.338724
1 0.414420 0.292330 0.268378 0.349897
1 0.408146 0.301494 0.269158 0.347904
1 0.408827 0.304122 0.264856 0.344511
1 0.407768 0.301074 0.265544 0.336988
1 0.410073 0.300292 0.262896 0.341349
1 0.412801 0.299723 0.263088 0.337659
1 0.409791 0.298664 0.265610 0.336723
1 0.410831 0.300621 0.271971 0.341249
1 0.408335 0.299239 0.261257 0.340864
1 0.411142 0.302251 0.260783 0.341388
1 0.411191 0.300964 0.264163 0.342612
1 0.409093 0.298538 0.264981 0.338670
1 0.409390 0.297359 0.261103 0.340767
1 0.407912 0.301253 0.261393 0.342409
1 0.408450 0.299885 0.266339 0.349915
1 0.410118 0.301482 0.262399 0.346640
1 0.411897 0.299289 0.265334 0.345850
1 0.410527 0.302406 0.270195 0.339903
1 0.410996 0.305365 0.271326 0.345106