1 0.644647 0.215586 0.194162 0.280248
1 0.644821 0.219706 0.198213 0.273258
1 0.643908 0.222168 0.198562 0.271813
1 0.645507 0.212509 0.195519 0.276445
1 0.646525 0.218026 0.196655 0.267854
1 0.645410 0.219720 0.198582 0.265775
1 0.645401 0.221368 0.200418 0.266249
1 0.645059 0.222236 0.200590 0.264731
1 0.647477 0.215795 0.197380 0.270114
1 0.646517 0.218545 0.196576 0.267748
1 0.646851 0.218997 0.199565 0.267807
1 0.645910 0.221415 0.199753 0.269294
1 0.643767 0.222467 0.198387 0.266661
1 0.644751 0.223603 0.203443 0.265967
1 0.646974 0.218116 0.198098 0.268505
1 0.646015 0.218277 0.196810 0.267330
1 0.646813 0.219030 0.200512 0.267738
1 0.645951 0.221206 0.199954 0.266517
1 0.645757 0.223041 0.197871 0.266564
1 0.644683 0.225237 0.201328 0.261061
1 0.647382 0.217408 0.200535 0.268708
1 0.646192 0.218315 0.197937 0.267671
1 0.645618 0.220134 0.201675 0.265207
1 0.645514 0.220793 0.199801 0.261793
1 0.645414 0.222148 0.200275 0.267100
1 0.645246 0.226086 0.202315 0.264287
1 0.646519 0.218212 0.198060 0.270815
1 0.644663 0.217771 0.197846 0.270770
1 0.645352 0.217830 0.200505 0.269494
1 0.644691 0.219166 0.199967 0.268132
1 0.644767 0.221264 0.200286 0.271959
1 0.646516 0.226343 0.205470 0.263507
1 0.645945 0.219002 0.200030 0.273424
1 0.645781 0.218447 0.200333 0.272292
1 0.645684 0.220834 0.201270 0.269133
1 0.644539 0.222135 0.201145 0.267202
1 0.646345 0.218370 0.202214 0.271330
1 0.645921 0.219491 0.199842 0.268284