1 0.587377 0.373184 0.262244 0.374386
1 0.586279 0.375814 0.262982 0.376897
1 0.584072 0.375231 0.263230 0.373604
1 0.586052 0.375522 0.265313 0.369957
1 0.586993 0.375787 0.265557 0.371036
1 0.584754 0.374938 0.266905 0.371499
1 0.583311 0.375070 0.266179 0.367261
1 0.585922 0.375871 0.265506 0.363481
1 0.585725 0.374029 0.262861 0.368860
1 0.584010 0.373534 0.265853 0.374584
1 0.585416 0.373450 0.267860 0.373633
1 0.587655 0.374863 0.265899 0.371515
1 0.585983 0.375279 0.264742 0.358999
1 0.583300 0.372665 0.263954 0.374300
1 0.585291 0.371255 0.267124 0.379170
1 0.585392 0.370934 0.266410 0.377647
1 0.584060 0.373877 0.261929 0.357869
1 0.583254 0.371332 0.264311 0.373697
1 0.585252 0.370889 0.268106 0.378123
1 0.584982 0.369565 0.268904 0.375881
1 0.583909 0.375407 0.262616 0.364379
1 0.583591 0.372383 0.264161 0.375288
1 0.585415 0.370922 0.267091 0.376635
1 0.584321 0.369114 0.268540 0.372508
1 0.586664 0.371062 0.265319 0.364373
1 0.582801 0.375079 0.261871 0.369279
1 0.584175 0.370476 0.262787 0.377900
1 0.585758 0.369841 0.267515 0.376580
1 0.584908 0.369415 0.270584 0.377111
1 0.587372 0.371669 0.269477 0.365656
1 0.583033 0.370509 0.263287 0.385429
1 0.585588 0.368936 0.269349 0.380246
1 0.583836 0.372627 0.273496 0.374741
1 0.585797 0.373289 0.267697 0.378256
1 0.583971 0.371824 0.270747 0.380506
1 0.587440 0.374179 0.272512 0.380639
1 0.589346 0.371475 0.273628 0.383923
1 0.585376 0.376562 0.265821 0.370659
1 0.585200 0.375817 0.267654 0.369477
1 0.584798 0.376836 0.274488 0.375177
1 0.583064 0.374796 0.268127 0.379983
1 0.586500 0.374867 0.269131 0.378165
1 0.585470 0.374426 0.266349 0.367756
1 0.584108 0.373854 0.266468 0.372589
1 0.584195 0.373540 0.265717 0.369137
1 0.585093 0.373165 0.264296 0.378023
1 0.583547 0.373603 0.267933 0.373620
1 0.586389 0.368922 0.273054 0.390351
1 0.585070 0.372999 0.262381 0.364699
1 0.583952 0.373964 0.265662 0.372847
1 0.584820 0.374562 0.269550 0.373495
1 0.583125 0.370016 0.271310 0.377743
1 0.585320 0.369017 0.273825 0.385518
1 0.582426 0.375562 0.268746 0.373884
1 0.583384 0.374918 0.270259 0.374900
1 0.585447 0.370785 0.270051 0.381794
1 0.586913 0.373673 0.275777 0.375499