1 0.484262 0.306341 0.289976 0.414510
1 0.484360 0.308630 0.289633 0.409443
1 0.484720 0.311732 0.291305 0.413982
1 0.483843 0.309628 0.288711 0.418916
1 0.485592 0.312042 0.289165 0.413296
1 0.486452 0.309378 0.288642 0.418817
1 0.486746 0.311983 0.289656 0.420413
1 0.486340 0.312809 0.293887 0.407726
1 0.485567 0.312469 0.290921 0.410903
1 0.484750 0.311982 0.288937 0.417576
1 0.487108 0.312592 0.289341 0.412753
1 0.483852 0.311694 0.283605 0.411507
1 0.488739 0.310030 0.289698 0.405072
1 0.491064 0.311887 0.294768 0.416724
1 0.486023 0.311101 0.287989 0.406876
1 0.483988 0.314627 0.290139 0.410465
1 0.487229 0.312825 0.284991 0.405150
1 0.486947 0.312345 0.288013 0.409175
1 0.486658 0.308760 0.289490 0.408413
1 0.486870 0.312650 0.293100 0.415264
1 0.485626 0.312052 0.287535 0.407884
1 0.483405 0.312677 0.285590 0.410528
1 0.486601 0.310636 0.290041 0.412117
1 0.486125 0.311455 0.295786 0.410062
1 0.486392 0.308782 0.294612 0.410030
1 0.482491 0.313734 0.291272 0.406332
1 0.484705 0.311356 0.293179 0.406766
1 0.487079 0.312409 0.293505 0.408766
1 0.488964 0.312669 0.296906 0.406763