1 0.436256 0.291442 0.227201 0.348063
1 0.431545 0.290949 0.226290 0.348762
1 0.434477 0.296016 0.230341 0.334285
1 0.433549 0.297137 0.230489 0.337869
1 0.436690 0.296204 0.234507 0.342416
1 0.434204 0.292366 0.225365 0.326560
1 0.435760 0.293814 0.230374 0.318547
1 0.433734 0.294339 0.233305 0.321443
1 0.433839 0.293776 0.235734 0.320058
1 0.437500 0.295544 0.234134 0.324065
1 0.431334 0.293173 0.228628 0.324217
1 0.433199 0.291658 0.230492 0.327531
1 0.434134 0.291771 0.239951 0.327946
1 0.434476 0.292863 0.236763 0.321552
1 0.436259 0.295791 0.232534 0.325430
1 0.429549 0.293207 0.225749 0.322544
1 0.432982 0.291959 0.234670 0.326015
1 0.434802 0.291825 0.238864 0.326430
1 0.433867 0.292928 0.236034 0.321724
1 0.435093 0.295130 0.231626 0.326597
1 0.429921 0.292930 0.226486 0.326450
1 0.433458 0.291414 0.233878 0.322594
1 0.433957 0.291911 0.235746 0.323517
1 0.432931 0.291291 0.235586 0.330411
1 0.435484 0.292565 0.235154 0.330400
1 0.430151 0.294204 0.230117 0.330376
1 0.432659 0.291772 0.233693 0.329884
1 0.434088 0.291186 0.236632 0.326335
1 0.434100 0.292071 0.234822 0.327579
1 0.436440 0.292871 0.237696 0.326991
1 0.432168 0.297098 0.227018 0.319891
1 0.433386 0.292745 0.234996 0.329823
1 0.434614 0.293147 0.237208 0.329837
1 0.434390 0.294185 0.236608 0.328146
1 0.438093 0.296599 0.238627 0.322147
1 0.432202 0.297213 0.232623 0.328101
1 0.433953 0.295642 0.234348 0.328208
1 0.435451 0.297089 0.237231 0.326963
1 0.439476 0.290456 0.230220 0.327654
1 0.443999 0.289681 0.229849 0.324820
1 0.438494 0.288763 0.233312 0.332001
1 0.442484 0.285693 0.232821 0.336101
1 0.428399 0.287563 0.227601 0.333861
1 0.435156 0.290406 0.231061 0.323828
1 0.434051 0.288844 0.231911 0.328005
1 0.438357 0.293515 0.232908 0.324157
1 0.439030 0.292474 0.230203 0.325500
1 0.429783 0.292271 0.230558 0.328286
1 0.437662 0.290220 0.231488 0.324321
1 0.433095 0.292616 0.235775 0.325213
1 0.439928 0.293695 0.231853 0.325851
1 0.440863 0.291666 0.235838 0.329184
1 0.436980 0.291105 0.234515 0.330676
1 0.435286 0.294216 0.234792 0.329908
1 0.434532 0.293773 0.234016 0.327734
1 0.437596 0.294937 0.241421 0.326924