1 0.510521 0.427576 0.202030 0.275963
1 0.510176 0.428743 0.200834 0.268268
1 0.511624 0.426505 0.200463 0.272177
1 0.510009 0.424354 0.199353 0.271328
1 0.512397 0.427338 0.197901 0.265559
1 0.511743 0.427494 0.202401 0.265635
1 0.511945 0.429211 0.200295 0.266287
1 0.512300 0.427240 0.196178 0.271359
1 0.511638 0.427711 0.201470 0.268998
1 0.512400 0.427871 0.201138 0.269629
1 0.512837 0.428792 0.199977 0.267758
1 0.512066 0.429118 0.200563 0.267394
1 0.510885 0.429692 0.201880 0.269183
1 0.509978 0.429258 0.203359 0.264423
1 0.512664 0.428730 0.200359 0.272295
1 0.512321 0.427458 0.199455 0.269055
1 0.511190 0.427908 0.200186 0.269969
1 0.511183 0.429197 0.200341 0.269554
1 0.510851 0.429351 0.202001 0.268961
1 0.514978 0.430391 0.199502 0.265456
1 0.510168 0.428744 0.200126 0.266434
1 0.512778 0.427982 0.200504 0.271010
1 0.512265 0.428352 0.198041 0.269885
1 0.511626 0.428588 0.199758 0.268533
1 0.511228 0.429291 0.200416 0.269692
1 0.510571 0.430755 0.203355 0.267447
1 0.514024 0.431596 0.201209 0.262319
1 0.509568 0.429017 0.203388 0.265650
1 0.511882 0.426441 0.200690 0.272469
1 0.511740 0.427753 0.199290 0.268231
1 0.511118 0.427454 0.198788 0.271328
1 0.511245 0.428825 0.200961 0.268236
1 0.510195 0.430637 0.199865 0.266877
1 0.514253 0.433167 0.201656 0.261654
1 0.510952 0.427745 0.204145 0.273670
1 0.510570 0.427636 0.199770 0.272664
1 0.511229 0.427228 0.200087 0.270946
1 0.511372 0.429646 0.201062 0.270246
1 0.510817 0.431396 0.197936 0.268373
1 0.510507 0.429075 0.203921 0.274951
1 0.510967 0.428766 0.201983 0.274025
1 0.512410 0.430027 0.200286 0.271160