1 0.500717 0.196070 0.269345 0.375185
1 0.504226 0.197950 0.266019 0.367714
1 0.502346 0.198051 0.263828 0.365795
1 0.504217 0.197301 0.265038 0.370116
1 0.503966 0.197292 0.267437 0.359592
1 0.503819 0.196787 0.269755 0.355218
1 0.504187 0.196364 0.271353 0.361307
1 0.503476 0.196266 0.266396 0.356771
1 0.503983 0.197192 0.270014 0.362497
1 0.502066 0.194982 0.270878 0.368855
1 0.504235 0.194597 0.276900 0.368442
1 0.503972 0.194922 0.271987 0.368922
1 0.502913 0.196919 0.267528 0.359912
1 0.503224 0.194442 0.271399 0.365832
1 0.504595 0.192787 0.274028 0.366145
1 0.505481 0.194857 0.271995 0.368981
1 0.502823 0.196057 0.265638 0.356773
1 0.502940 0.195750 0.269801 0.368738
1 0.502884 0.193851 0.270087 0.369234
1 0.503163 0.195345 0.273472 0.372511
1 0.502006 0.197224 0.267714 0.364756
1 0.503247 0.196157 0.270806 0.369634
1 0.501858 0.193707 0.270935 0.368464
1 0.501841 0.194918 0.269443 0.366919
1 0.502861 0.199621 0.265760 0.362328
1 0.502191 0.197340 0.268481 0.366447
1 0.501483 0.196033 0.267982 0.372053
1 0.501618 0.196493 0.268035 0.368803
1 0.500959 0.202702 0.266040 0.360102
1 0.501844 0.198988 0.264597 0.368717
1 0.501386 0.200441 0.271888 0.366185
1 0.502302 0.202232 0.272552 0.366323
1 0.507032 0.194109 0.267284 0.364631
1 0.508884 0.195715 0.267899 0.369631
1 0.505766 0.192435 0.264594 0.369889
1 0.504428 0.200168 0.259040 0.362118
1 0.508658 0.195437 0.266290 0.364138
1 0.507028 0.198016 0.268510 0.366580
1 0.507532 0.198157 0.273404 0.371322
1 0.509863 0.192818 0.266546 0.368673
1 0.507252 0.197872 0.269681 0.369538
1 0.502084 0.198828 0.263919 0.365526
1 0.503131 0.198364 0.262843 0.360661
1 0.504248 0.196625 0.265710 0.371314
1 0.505177 0.196693 0.266021 0.365237
1 0.505630 0.195815 0.272369 0.363904
1 0.509033 0.197622 0.266835 0.361134
1 0.503689 0.193974 0.264845 0.366515
1 0.503989 0.198690 0.265905 0.365627
1 0.505531 0.198411 0.269082 0.369701
1 0.502439 0.197007 0.271759 0.367309
1 0.503132 0.192559 0.268811 0.368957
1 0.500782 0.196606 0.264828 0.366601
1 0.502378 0.194218 0.265919 0.370397
1 0.503834 0.196508 0.268372 0.369617
1 0.502743 0.195515 0.270377 0.365167
1 0.502787 0.196598 0.279355 0.369542
1 0.504050 0.198266 0.272869 0.370676