1 0.476112 0.212168 0.214643 0.301087
1 0.477864 0.212670 0.214926 0.301248
1 0.476070 0.213158 0.214792 0.296313
1 0.476163 0.215058 0.214365 0.294422
1 0.475622 0.214446 0.217790 0.291697
1 0.476066 0.213326 0.216670 0.295807
1 0.474957 0.214840 0.218312 0.294807
1 0.476820 0.215584 0.218690 0.294843
1 0.476634 0.214906 0.215378 0.295220
1 0.476584 0.215014 0.218873 0.295720
1 0.475947 0.214648 0.217002 0.293811
1 0.476580 0.212749 0.218378 0.299401
1 0.475247 0.217119 0.215290 0.290916
1 0.477023 0.214661 0.217369 0.292336
1 0.475870 0.214468 0.215576 0.295535
1 0.475259 0.214448 0.217032 0.297286
1 0.475539 0.214908 0.219269 0.295167
1 0.475679 0.214013 0.216943 0.295972
1 0.475541 0.215137 0.215854 0.292915
1 0.476261 0.213408 0.218312 0.293839
1 0.476424 0.214524 0.217461 0.293381
1 0.474941 0.214273 0.217089 0.297670
1 0.476023 0.214460 0.218154 0.293873
1 0.476605 0.212633 0.214460 0.297570
1 0.474582 0.215876 0.214219 0.293393
1 0.476071 0.214850 0.217233 0.293844
1 0.476934 0.214849 0.216125 0.295198
1 0.476331 0.215040 0.218350 0.295418
1 0.476619 0.214252 0.217209 0.293930
1 0.477050 0.212492 0.215124 0.296908
1 0.473969 0.215619 0.215977 0.291790
1 0.475897 0.214976 0.218469 0.296859
1 0.476249 0.216494 0.215697 0.298043
1 0.477861 0.216183 0.215036 0.295298
1 0.476314 0.214848 0.218243 0.298522
1 0.477769 0.214544 0.215401 0.297175
1 0.476649 0.214152 0.215817 0.298086
1 0.477322 0.216055 0.214796 0.298225
1 0.477131 0.214654 0.214089 0.298389
1 0.477550 0.215776 0.214642 0.298390
1 0.477795 0.214854 0.216975 0.301281
1 0.476751 0.215400 0.214494 0.298455
1 0.478995 0.218731 0.219669 0.297734
1 0.477433 0.217713 0.220265 0.293158
1 0.475890 0.213057 0.217716 0.296941
1 0.477706 0.213572 0.219805 0.302640
1 0.474944 0.213920 0.218816 0.304776
1 0.478085 0.216645 0.218587 0.302959
1 0.478874 0.216960 0.221191 0.297576
1 0.476929 0.215486 0.219382 0.294292
1 0.479487 0.214391 0.221745 0.294604
1 0.479226 0.213731 0.217643 0.302071
1 0.475206 0.218280 0.221665 0.295961
1 0.479436 0.217625 0.219556 0.294090
1 0.477636 0.215927 0.221530 0.298004
1 0.477212 0.216463 0.216695 0.298579
1 0.474599 0.217857 0.219111 0.304518